513600 恒指ETF 日线 前复权
      日期	    开盘	    最高	    最低	    收盘	    成交量	    成交额
2015/01/26	1.930	1.936	1.900	1.922	36373825	70083168.00
2015/01/27	1.926	1.952	1.911	1.921	12356352	23779876.00
2015/01/28	1.920	1.940	1.920	1.929	15281903	29492814.00
2015/01/29	1.920	1.930	1.907	1.914	5205221	9975523.00
2015/01/30	1.920	1.931	1.908	1.908	4796484	9189951.00
2015/02/02	1.904	1.914	1.903	1.907	5088655	9720683.00
2015/02/03	1.920	1.920	1.903	1.918	2423951	4642398.00
2015/02/04	1.927	1.938	1.921	1.923	8028199	15496429.00
2015/02/05	1.925	1.957	1.924	1.924	6892247	13374725.00
2015/02/06	1.928	1.935	1.922	1.925	7541887	14552387.00
2015/02/09	1.920	1.922	1.911	1.916	1237763	2371102.50
2015/02/10	1.916	1.928	1.915	1.926	5667063	10882920.00
2015/02/11	1.921	1.927	1.906	1.909	2976381	5689220.50
2015/02/12	1.910	1.919	1.906	1.915	9130010	17467202.00
2015/02/13	1.931	1.936	1.928	1.928	7121102	13766625.00
2015/02/16	1.928	1.946	1.928	1.942	19159822	37247832.00
2015/02/17	1.939	1.946	1.939	1.941	1257620	2446174.25
2015/02/25	1.949	1.956	1.943	1.944	1034601	2016680.50
2015/02/26	1.941	1.957	1.940	1.957	5443477	10636301.00
2015/02/27	1.957	1.969	1.954	1.962	3875268	7605408.50
2015/03/02	1.964	1.973	1.953	1.969	6901598	13576158.00
2015/03/03	1.972	1.976	1.967	1.968	9203517	18139892.00
2015/03/04	1.951	1.961	1.949	1.955	2924123	5719900.50
2015/03/05	1.935	1.940	1.926	1.930	1337389	2590813.50
2015/03/06	1.930	1.935	1.921	1.929	2268956	4374176.00
2015/03/09	1.929	1.929	1.904	1.924	2511554	4800596.00
2015/03/10	1.916	1.917	1.906	1.910	2100769	4014910.25
2015/03/11	1.905	1.908	1.892	1.892	2126875	4045595.00
2015/03/12	1.892	1.905	1.888	1.899	5930663	11249834.00
2015/03/13	1.900	1.909	1.900	1.906	3928921	7484373.50
2015/03/16	1.900	1.915	1.897	1.914	1875442	3574261.50
2015/03/17	1.921	1.925	1.910	1.912	2475777	4750137.50
2015/03/18	1.912	1.935	1.910	1.935	2900341	5584082.00
2015/03/19	1.935	1.950	1.933	1.944	1341696	2606721.25
2015/03/20	1.944	1.952	1.939	1.941	840473	1634160.25
2015/03/23	1.944	1.952	1.942	1.944	5085033	9911602.00
2015/03/24	1.935	1.941	1.930	1.933	5310581	10280878.00
2015/03/25	1.932	1.949	1.931	1.944	6818282	13220817.00
2015/03/26	1.935	1.951	1.935	1.948	3940670	7672694.00
2015/03/27	1.945	1.948	1.940	1.942	1415547	2752266.00
2015/03/30	1.955	2.000	1.955	1.982	5723968	11322849.00
2015/03/31	1.988	2.000	1.988	1.993	12035603	23969078.00
2015/04/01	1.972	1.995	1.972	1.995	4177562	8300528.00
2015/04/02	2.000	2.016	2.000	2.016	5084469	10214397.00
2015/04/03	2.020	2.215	2.007	2.206	3941931	8153658.00
2015/04/07	2.206	2.427	2.206	2.427	3672713	8610066.00
2015/04/08	2.650	2.670	2.450	2.670	12709618	33492502.00
2015/04/09	2.403	2.403	2.403	2.403	23462300	56379908.00
2015/04/10	2.266	2.354	2.225	2.262	102219338	232992704.00
2015/04/13	2.240	2.240	2.171	2.194	86635111	189599520.00
2015/04/14	2.197	2.204	2.160	2.161	38486375	84087920.00
2015/04/15	2.165	2.181	2.150	2.163	32731745	70965352.00
2015/04/16	2.169	2.170	2.154	2.162	18565875	40126388.00
2015/04/17	2.171	2.188	2.171	2.175	19492038	42452808.00
2015/04/20	2.166	2.166	2.097	2.099	27744648	59190460.00
2015/04/21	2.116	2.162	2.116	2.162	19746499	42386624.00
2015/04/22	2.167	2.193	2.167	2.181	13901231	30369964.00
2015/04/23	2.185	2.204	2.176	2.178	14360418	31427990.00
2015/04/24	2.161	2.184	2.148	2.156	13231864	28616334.00
2015/04/27	2.160	2.219	2.160	2.204	23857897	52683676.00
2015/04/28	2.212	2.214	2.197	2.207	17639454	38922820.00
2015/04/29	2.208	2.224	2.206	2.216	9253462	20485864.00
2015/04/30	2.216	2.219	2.199	2.202	7603781	16803782.00
2015/05/04	2.202	2.216	2.195	2.201	12823428	28214086.00
2015/05/05	2.202	2.215	2.160	2.161	12404670	27106594.00
2015/05/06	2.160	2.191	2.159	2.163	7307616	15927157.00
2015/05/07	2.163	2.163	2.129	2.129	3912951	8399906.00
2015/05/08	2.141	2.176	2.141	2.169	7654665	16542383.00
2015/05/11	2.184	2.189	2.168	2.189	5475339	11940253.00
2015/05/12	2.189	2.189	2.167	2.168	3778420	8200548.00
2015/05/13	2.162	2.165	2.146	2.149	3419674	7376195.50
2015/05/14	2.141	2.154	2.141	2.143	1847500	3967581.00
2015/05/15	2.135	2.191	2.135	2.187	5273034	11421097.00
2015/05/18	2.180	2.180	2.159	2.164	3039800	6602348.00
2015/05/19	2.168	2.181	2.165	2.173	1922836	4178867.75
2015/05/20	2.179	2.182	2.161	2.165	2389747	5188147.50
2015/05/21	2.131	2.171	2.131	2.164	1931599	4177989.00
2015/05/22	2.165	2.208	2.165	2.199	4696337	10311817.00
2015/05/25	2.240	2.419	2.240	2.357	10398665	24212272.00
2015/05/26	2.358	2.358	2.248	2.250	11050318	25074810.00
2015/05/27	2.260	2.260	2.194	2.204	5290013	11667652.00
2015/05/28	2.205	2.228	2.153	2.161	4947717	10829193.00
2015/05/29	2.161	2.182	2.150	2.171	4142783	8967590.00
2015/06/01	2.200	2.200	2.152	2.193	3719748	8110816.00
2015/06/02	2.185	2.185	2.157	2.165	1996972	4323250.00
2015/06/03	2.165	2.181	2.165	2.180	2642545	5746880.50
2015/06/04	2.178	2.200	2.143	2.186	2918319	6337091.00
2015/06/05	2.180	2.186	2.171	2.178	3019061	6579371.50
2015/06/08	2.178	2.183	2.150	2.174	1900539	4121408.50
2015/06/09	2.165	2.165	2.142	2.156	3322338	7151893.50
2015/06/10	2.143	2.157	2.140	2.145	2864818	6161016.50
2015/06/11	2.145	2.147	2.135	2.137	4036673	8636986.00
2015/06/12	2.147	2.152	2.145	2.147	1286704	2764117.00
2015/06/15	2.147	2.154	2.145	2.145	1551780	3334803.25
2015/06/16	2.145	2.145	2.102	2.112	2658509	5625110.50
2015/06/17	2.112	2.134	2.102	2.131	1961305	4158911.25
2015/06/18	2.123	2.130	2.106	2.107	2158252	4564502.00
2015/06/19	2.103	2.136	2.103	2.110	5639679	11922272.00
2015/06/23	2.112	2.170	2.112	2.170	2360425	5090838.00
2015/06/24	2.170	2.179	2.170	2.178	1554708	3379858.00
2015/06/25	2.180	2.180	2.158	2.165	1076900	2336740.50
2015/06/26	2.150	2.150	2.050	2.098	5434273	11449538.00
2015/06/29	2.112	2.116	2.035	2.059	2583377	5348274.00
2015/06/30	2.035	2.109	2.035	2.106	14387540	30065160.00
2015/07/01	2.097	2.097	2.085	2.085	712100	1489027.63
2015/07/02	2.090	2.105	2.085	2.094	1175080	2460507.25
2015/07/03	2.002	2.100	2.002	2.081	2310364	4816606.50
2015/07/06	2.123	2.200	1.954	2.002	1229672	2466111.25
2015/07/07	1.960	2.000	1.930	1.969	1872736	3666774.25
2015/07/08	1.900	1.900	1.772	1.772	2186177	3932419.25
2015/07/09	1.600	1.918	1.600	1.888	4748581	8782040.00
2015/07/10	1.889	1.989	1.889	1.961	8110700	15816119.00
2015/07/13	1.977	1.978	1.939	1.970	3064516	6015115.50
2015/07/14	1.965	1.979	1.921	1.940	2395636	4711669.50
2015/07/15	1.945	1.985	1.945	1.964	2227670	4386932.00
2015/07/16	1.930	1.999	1.915	1.976	933231	1847923.50
2015/07/17	1.999	2.028	1.981	2.020	662551	1332879.88
2015/07/20	2.039	2.057	2.026	2.037	1041262	2123246.75
2015/07/21	2.026	2.057	2.011	2.041	1190972	2437391.75
2015/07/22	2.021	2.050	2.021	2.036	362700	736253.88
2015/07/23	2.027	2.054	2.024	2.042	2947052	6001812.50
2015/07/24	2.032	2.033	2.023	2.028	308000	624011.31
2015/07/27	2.001	2.001	1.880	1.930	3834400	7558960.00
2015/07/28	1.980	1.985	1.881	1.967	4322304	8467636.00
2015/07/29	1.966	1.990	1.966	1.985	3541386	6991086.00
2015/07/30	1.982	2.000	1.970	1.971	2639023	5237042.00
2015/07/31	1.971	1.985	1.965	1.972	1320982	2608953.25
2015/08/03	1.972	1.979	1.960	1.979	38500	75687.90
2015/08/04	1.972	1.978	1.935	1.977	395500	775727.69
2015/08/05	1.962	1.976	1.962	1.975	230967	453902.22
2015/08/06	1.975	1.976	1.966	1.966	55700	109830.50
2015/08/07	1.900	1.990	1.900	1.987	176196	349613.94
2015/08/10	1.990	2.000	1.935	1.993	234900	467750.00
2015/08/11	2.028	2.028	1.990	2.018	3404999	6838972.50
2015/08/12	2.011	2.025	1.990	1.990	333109	665360.81
2015/08/13	2.012	2.018	1.996	2.014	394098	792471.06
2015/08/14	2.018	2.018	2.006	2.007	116793	234862.20
2015/08/17	2.017	2.017	1.987	2.010	214200	427044.59
2015/08/18	2.010	2.010	1.953	1.956	237000	470748.31
2015/08/19	1.921	1.960	1.921	1.949	413846	799046.25
2015/08/20	1.958	1.958	1.896	1.896	251899	484508.28
2015/08/21	1.881	1.920	1.877	1.878	314431	593422.31
2015/08/24	1.877	1.877	1.691	1.745	1970505	3447977.75
2015/08/25	1.745	1.820	1.670	1.751	1027349	1816069.00
2015/08/26	1.790	1.818	1.743	1.786	234000	419012.41
2015/08/27	1.700	1.840	1.700	1.816	138100	249535.45
2015/08/28	1.840	1.874	1.833	1.851	317400	583451.81
2015/08/31	1.833	1.834	1.782	1.800	145399	262533.41
2015/09/01	1.800	1.807	1.776	1.777	286900	513535.69
2015/09/02	1.739	1.798	1.721	1.745	286071	501881.34
2015/09/07	1.740	1.775	1.740	1.745	213500	375789.81
2015/09/08	1.745	1.753	1.725	1.753	196000	342209.31
2015/09/09	1.797	1.834	1.792	1.832	530453	965467.88
2015/09/10	1.819	1.819	1.804	1.806	443400	802343.88
2015/09/11	1.816	1.830	1.806	1.806	66954	121864.76
2015/09/14	1.815	1.815	1.793	1.793	258300	465968.31
2015/09/15	1.791	1.804	1.788	1.788	132818	238550.39
2015/09/16	1.810	1.848	1.805	1.839	459400	839465.19
2015/09/17	1.844	1.853	1.823	1.848	638500	1180139.75
2015/09/18	1.830	1.842	1.827	1.837	382900	702235.31
2015/09/21	1.814	1.822	1.812	1.820	314400	570960.81
2015/09/22	1.830	1.847	1.829	1.844	488800	898454.63
2015/09/23	1.840	1.840	1.775	1.786	816900	1466684.50
2015/09/24	1.792	1.795	1.775	1.778	470300	839135.00
2015/09/25	1.781	1.781	1.767	1.774	418900	742435.38
2015/09/28	1.778	1.783	1.721	1.776	88900	156623.20
2015/09/29	1.750	1.750	1.713	1.725	741900	1276469.88
2015/09/30	1.735	1.754	1.735	1.749	306100	534154.69
2015/10/08	1.880	1.881	1.844	1.846	1852632	3446875.00
2015/10/09	1.884	1.895	1.875	1.875	875900	1651319.25
2015/10/12	1.880	1.890	1.877	1.879	485400	914369.31
2015/10/13	1.873	1.880	1.867	1.875	343300	642194.50
2015/10/14	1.874	1.874	1.854	1.860	211300	393477.50
2015/10/15	1.869	1.898	1.869	1.896	387100	730817.19
2015/10/16	1.907	1.921	1.899	1.904	459800	878631.63
2015/10/19	1.905	1.914	1.903	1.906	423600	808677.31
2015/10/20	1.908	1.914	1.902	1.905	286000	545787.13
2015/10/21	1.905	1.918	1.882	1.883	229374	432012.44
2015/10/22	1.890	1.898	1.887	1.894	145900	276266.50
2015/10/23	1.928	1.928	1.919	1.923	337018	648254.13
2015/10/26	1.923	1.937	1.923	1.923	616000	1189848.75
2015/10/27	1.910	1.920	1.905	1.915	150300	287254.09
2015/10/28	1.915	1.918	1.911	1.914	222600	426365.00
2015/10/29	1.918	1.918	1.902	1.904	55200	105294.30
2015/10/30	1.889	1.896	1.885	1.890	69400	131133.00
2015/11/02	1.860	1.878	1.852	1.864	1151500	2145195.25
2015/11/03	1.870	1.888	1.870	1.881	270300	508789.19
2015/11/04	1.879	1.938	1.879	1.921	452331	868366.63
2015/11/05	1.918	1.940	1.918	1.930	100900	194192.59
2015/11/06	1.905	1.911	1.903	1.908	722986	1378716.50
2015/11/09	1.905	1.913	1.902	1.904	649000	1236568.38
2015/11/10	1.903	1.903	1.871	1.875	792600	1486734.38
2015/11/11	1.869	1.876	1.868	1.872	313500	586350.81
2015/11/12	1.898	1.917	1.870	1.917	153500	290375.09
2015/11/13	1.900	1.900	1.868	1.871	841100	1574352.63
2015/11/16	1.847	1.854	1.842	1.851	493300	912823.19
2015/11/17	1.853	1.880	1.853	1.870	601300	1125504.13
2015/11/18	1.869	1.869	1.858	1.862	482000	899073.00
2015/11/19	1.879	1.890	1.879	1.883	339300	638562.50
2015/11/20	1.881	1.891	1.876	1.885	70100	132093.50
2015/11/23	1.900	1.910	1.885	1.898	274668	522576.38
2015/11/24	1.895	1.895	1.884	1.888	46700	88260.30
2015/11/25	1.888	1.896	1.885	1.895	262432	496009.91
2015/11/26	1.897	1.909	1.884	1.884	192900	366684.09
2015/11/27	1.845	1.885	1.845	1.854	182900	340604.59
2015/11/30	1.849	1.861	1.844	1.861	138493	256553.23
2015/12/01	1.861	1.888	1.856	1.880	135600	254861.59
2015/12/02	1.883	1.891	1.880	1.888	276450	521396.34
2015/12/03	1.838	1.883	1.838	1.883	71984	135222.91
2015/12/04	1.882	1.882	1.856	1.862	393400	731790.81
2015/12/07	1.865	1.873	1.865	1.871	41400	77392.80
2015/12/08	1.851	1.852	1.839	1.840	670500	1235600.88
2015/12/09	1.844	1.845	1.834	1.841	101116	185967.36
2015/12/10	1.841	1.849	1.839	1.839	75700	139372.50
2015/12/11	1.832	1.836	1.821	1.824	129600	236708.91
2015/12/14	1.815	1.818	1.788	1.812	230900	414829.50
2015/12/15	1.808	1.817	1.808	1.814	370800	672002.19
2015/12/16	1.837	1.851	1.837	1.846	348300	642184.81
2015/12/17	1.855	1.872	1.854	1.857	390800	727937.00
2015/12/18	1.860	1.861	1.801	1.857	607900	1120284.38
2015/12/21	1.844	1.861	1.844	1.854	322700	599304.88
2015/12/22	1.853	1.860	1.848	1.850	559500	1035272.81
2015/12/23	1.856	1.873	1.856	1.872	661800	1236178.88
2015/12/24	1.878	1.884	1.872	1.877	187650	352316.81
2015/12/25	1.880	1.880	1.875	1.877	269400	505789.59
2015/12/28	1.877	1.880	1.857	1.861	346900	646519.63
2015/12/29	1.869	1.875	1.863	1.875	494986	924625.88
2015/12/30	1.879	1.879	1.866	1.867	314000	587507.50
2015/12/31	1.868	1.873	1.863	1.867	242900	454559.69
2016/01/04	1.867	1.867	1.823	1.825	593000	1089643.75
2016/01/05	1.804	1.837	1.804	1.816	353600	642998.69
2016/01/06	1.817	1.821	1.800	1.812	1257175	2275074.75
2016/01/07	1.801	1.801	1.794	1.794	47900	86218.90
2016/01/08	1.790	1.796	1.759	1.776	594900	1060727.75
2016/01/11	1.751	1.765	1.719	1.724	485293	839435.31
2016/01/12	1.724	1.735	1.706	1.709	244637	420426.44
2016/01/13	1.718	1.758	1.718	1.731	247137	429249.59
2016/01/14	1.709	1.718	1.694	1.714	259000	442663.81
2016/01/15	1.729	1.729	1.684	1.686	167300	283467.91
2016/01/18	1.687	1.687	1.650	1.657	344286	571486.06
2016/01/19	1.670	1.681	1.653	1.673	489800	814190.13
2016/01/20	1.678	1.678	1.620	1.631	334000	547644.50
2016/01/21	1.634	1.650	1.598	1.600	569800	924466.50
2016/01/22	1.610	1.670	1.610	1.640	353200	576297.31
2016/01/25	1.644	1.677	1.644	1.664	301800	503061.31
2016/01/26	1.642	1.644	1.620	1.621	378200	617516.69
2016/01/27	1.634	1.668	1.633	1.646	206500	338983.31
2016/01/28	1.650	1.654	1.636	1.638	105700	174222.59
2016/01/29	1.656	1.684	1.654	1.683	394100	658462.31
2016/02/01	1.689	1.696	1.676	1.680	174818	294160.53
2016/02/02	1.675	1.685	1.673	1.676	75100	126221.50
2016/02/03	1.661	1.661	1.612	1.633	491800	796495.69
2016/02/04	1.638	1.659	1.638	1.655	427400	705576.88
2016/02/05	1.655	1.664	1.653	1.654	185500	307016.19
2016/02/15	1.600	1.618	1.600	1.615	902400	1450220.75
2016/02/16	1.620	1.647	1.620	1.640	328900	536856.38
2016/02/17	1.642	1.650	1.618	1.625	212100	346409.00
2016/02/18	1.629	1.659	1.629	1.649	149800	247975.80
2016/02/19	1.652	1.652	1.643	1.646	133800	220516.00
2016/02/22	1.663	1.671	1.663	1.663	73700	122770.20
2016/02/23	1.667	1.673	1.663	1.669	111386	185708.94
2016/02/24	1.659	1.661	1.638	1.647	273900	453165.09
2016/02/25	1.647	1.647	1.620	1.622	202800	331538.19
2016/02/26	1.632	1.652	1.632	1.646	149300	245976.59
2016/02/29	1.656	1.660	1.638	1.640	178200	293429.69
2016/03/01	1.651	1.655	1.641	1.655	270500	445845.50
2016/03/02	1.658	1.717	1.658	1.716	565930	964159.69
2016/03/03	1.716	1.725	1.704	1.710	166800	285490.59
2016/03/04	1.689	1.725	1.689	1.721	363900	624492.31
2016/03/07	1.740	1.741	1.723	1.730	188300	326113.19
2016/03/08	1.712	1.717	1.704	1.710	155086	264915.94
2016/03/09	1.718	1.718	1.690	1.704	101400	172607.80
2016/03/10	1.728	1.731	1.717	1.719	71700	123567.20
2016/03/11	1.703	1.725	1.699	1.718	65818	112668.16
2016/03/14	1.757	1.757	1.723	1.742	211400	368438.41
2016/03/15	1.739	1.741	1.736	1.737	236700	411179.91
2016/03/16	1.740	1.740	1.727	1.727	47300	82088.70
2016/03/17	1.749	1.750	1.716	1.743	781300	1361561.00
2016/03/18	1.744	1.753	1.740	1.745	158200	276671.00
2016/03/21	1.758	1.766	1.755	1.755	331200	583552.19
2016/03/22	1.774	1.778	1.750	1.762	99393	175390.88
2016/03/23	1.768	1.768	1.752	1.752	74800	131431.00
2016/03/24	1.748	1.754	1.736	1.736	60500	105535.50
2016/03/25	1.760	1.760	1.699	1.746	84000	145637.91
2016/03/28	1.749	1.749	1.728	1.730	94600	164765.09
2016/03/29	1.721	1.738	1.721	1.731	84700	146725.70
2016/03/30	1.754	1.764	1.751	1.764	154200	271048.91
2016/03/31	1.766	1.767	1.755	1.755	133300	234843.50
2016/04/01	1.746	1.749	1.737	1.740	33500	58406.70
2016/04/05	1.738	1.738	1.712	1.717	1352400	2322430.25
2016/04/06	1.700	1.721	1.700	1.718	647800	1112711.75
2016/04/07	1.731	1.731	1.715	1.719	1475966	2538066.50
2016/04/08	1.706	1.715	1.704	1.713	1011400	1729301.63
2016/04/11	1.722	1.740	1.721	1.731	515755	893359.25
2016/04/12	1.732	1.739	1.727	1.737	303200	525863.81
2016/04/13	1.749	1.781	1.749	1.777	477986	847958.81
2016/04/14	1.789	1.940	1.789	1.813	820294	1487772.13
2016/04/15	1.800	1.819	1.800	1.808	240000	434896.50
2016/04/18	1.780	1.791	1.780	1.785	243600	434512.69
2016/04/19	1.808	1.811	1.800	1.807	746311	1347480.75
2016/04/20	1.807	1.807	1.784	1.793	585900	1049169.25
2016/04/21	1.810	1.833	1.810	1.830	692625	1258288.75
2016/04/22	1.814	1.825	1.814	1.821	392800	715656.13
2016/04/25	1.842	1.842	1.815	1.818	54218	98699.07
2016/04/26	1.810	1.812	1.796	1.805	1132100	2046418.50
2016/04/27	1.825	1.826	1.809	1.809	199100	363014.81
2016/04/28	1.828	1.841	1.814	1.816	1093000	1991618.88
2016/04/29	1.786	1.789	1.776	1.787	2828600	5045768.50
2016/05/03	1.788	1.788	1.764	1.768	225000	398239.31
2016/05/04	1.750	1.770	1.743	1.746	346000	604951.69
2016/05/05	1.741	1.752	1.737	1.752	225000	392786.09
2016/05/06	1.741	1.741	1.727	1.732	725100	1257193.63
2016/05/09	1.729	1.737	1.727	1.729	138591	239925.72
2016/05/10	1.729	1.732	1.723	1.732	95832	165433.42
2016/05/11	1.738	1.738	1.722	1.730	143200	247541.91
2016/05/12	1.721	1.721	1.703	1.705	279600	477471.50
2016/05/13	1.695	1.703	1.688	1.689	228700	387069.31
2016/05/16	1.688	1.719	1.688	1.708	270800	460288.00
2016/05/17	1.710	1.721	1.710	1.718	87600	150290.70
2016/05/18	1.708	1.708	1.702	1.704	81100	138337.30
2016/05/19	1.707	1.713	1.702	1.702	236000	402842.09
2016/05/20	1.708	1.726	1.708	1.723	77000	132472.70
2016/05/23	1.722	1.726	1.717	1.720	171400	295219.50
2016/05/24	1.713	1.713	1.708	1.710	82100	140442.91
2016/05/25	1.721	1.767	1.721	1.766	264700	465943.00
2016/05/26	1.759	1.763	1.753	1.761	103100	181361.41
2016/05/27	1.761	1.781	1.756	1.774	101700	179614.00
2016/05/30	1.779	1.801	1.779	1.796	326299	584980.63
2016/05/31	1.791	1.817	1.790	1.811	618411	1114569.25
2016/06/01	1.809	1.812	1.800	1.803	59900	108212.00
2016/06/02	1.797	1.803	1.796	1.802	93800	168728.41
2016/06/03	1.818	1.818	1.812	1.816	212800	386578.50
2016/06/06	1.816	1.816	1.801	1.807	64259	115969.59
2016/06/07	1.828	1.838	1.820	1.838	321411	589160.13
2016/06/08	1.836	1.844	1.829	1.842	86100	158129.70
2016/06/13	1.821	1.821	1.771	1.775	668786	1189311.88
2016/06/14	1.779	1.779	1.773	1.776	103400	183648.59
2016/06/15	1.769	1.785	1.757	1.779	472100	838089.81
2016/06/16	1.763	1.764	1.740	1.743	1122600	1965148.50
2016/06/17	1.765	1.767	1.753	1.754	492600	866712.81
2016/06/20	1.770	1.786	1.766	1.784	589300	1046926.38
2016/06/21	1.787	1.796	1.781	1.789	224500	401602.91
2016/06/22	1.799	1.824	1.797	1.821	272500	492349.09
2016/06/23	1.821	1.821	1.811	1.817	165759	301195.59
2016/06/24	1.818	1.830	1.723	1.753	1449400	2533727.50
2016/06/27	1.767	1.781	1.762	1.777	357800	633970.31
2016/06/28	1.772	1.775	1.765	1.772	286600	506775.00
2016/06/29	1.793	1.800	1.790	1.800	283400	508353.81
2016/06/30	1.800	1.835	1.800	1.828	296200	539919.38
2016/07/01	1.821	1.847	1.821	1.826	28100	51265.80
2016/07/04	1.828	1.867	1.828	1.862	471670	875915.94
2016/07/05	1.847	1.851	1.840	1.845	186900	345044.59
2016/07/06	1.831	1.866	1.806	1.815	397700	721879.81
2016/07/07	1.812	1.837	1.812	1.835	70900	129905.50
2016/07/08	1.861	1.861	1.826	1.826	21200	39019.00
2016/07/11	1.845	1.860	1.845	1.849	378400	702856.50
2016/07/12	1.865	1.872	1.861	1.872	143900	268683.09
2016/07/13	1.878	1.898	1.878	1.890	161100	305016.81
2016/07/14	1.889	1.902	1.887	1.902	104200	197457.41
2016/07/15	1.906	1.921	1.903	1.908	149700	286134.41
2016/07/18	1.908	1.933	1.908	1.932	309600	596980.00
2016/07/19	1.922	1.926	1.918	1.922	173000	332049.69
2016/07/20	1.922	1.937	1.922	1.935	228367	441353.91
2016/07/21	1.940	1.957	1.940	1.953	166774	324905.09
2016/07/22	1.953	1.953	1.931	1.935	247642	479164.19
2016/07/25	1.950	1.950	1.930	1.935	288800	561450.50
2016/07/26	1.934	1.965	1.934	1.964	701300	1364010.38
2016/07/27	1.965	1.965	1.940	1.950	812142	1584226.25
2016/07/28	1.940	1.951	1.940	1.947	6372800	12390652.00
2016/07/29	1.946	1.946	1.930	1.931	979900	1898406.00
2016/08/01	1.935	1.952	1.935	1.943	384100	746113.81
2016/08/02	1.959	1.959	1.932	1.940	20000	38797.70
2016/08/03	1.930	1.930	1.905	1.906	262700	501582.81
2016/08/04	1.909	1.939	1.909	1.920	30100	57719.50
2016/08/05	1.939	1.946	1.938	1.941	284200	552605.13
2016/08/08	1.960	1.977	1.960	1.974	122200	240486.41
2016/08/09	1.974	1.977	1.974	1.974	45074	89035.25
2016/08/10	1.977	1.989	1.972	1.974	82918	164554.38
2016/08/11	1.970	1.988	1.970	1.986	442605	876104.50
2016/08/12	2.000	2.008	2.000	2.003	480900	962685.38
2016/08/15	2.003	2.019	2.003	2.014	301158	605370.00
2016/08/16	2.029	2.029	2.006	2.012	111700	224775.00
2016/08/17	2.016	2.016	2.005	2.013	1029900	2070503.00
2016/08/18	2.021	2.033	2.019	2.019	197690	400701.00
2016/08/19	2.023	2.028	2.006	2.015	169018	340745.00
2016/08/22	2.025	2.025	2.013	2.018	145200	293314.00
2016/08/23	2.025	2.025	2.015	2.021	537300	1084171.00
2016/08/24	2.017	2.017	2.000	2.002	68500	137477.00
2016/08/25	2.004	2.015	2.004	2.011	328586	660870.00
2016/08/26	2.017	2.017	2.012	2.013	242286	488636.00
2016/08/29	2.014	2.020	2.014	2.017	13214	26636.00
2016/08/30	2.026	2.034	2.024	2.034	263400	533545.00
2016/08/31	2.032	2.039	2.030	2.030	34200	69541.00
2016/09/01	2.038	2.044	2.038	2.039	79300	161726.00
2016/09/02	2.050	2.055	2.039	2.055	94576	193867.00
2016/09/05	2.055	2.094	2.055	2.094	358659	749332.00
2016/09/06	2.092	2.098	2.080	2.094	671400	1403328.00
2016/09/07	2.094	2.098	2.088	2.090	194700	407567.00
2016/09/08	2.096	2.111	2.096	2.110	231886	488289.00
2016/09/09	2.124	2.174	2.124	2.143	1050100	2248403.00
2016/09/12	2.120	2.120	2.078	2.079	616114	1284993.00
2016/09/13	2.086	2.094	2.068	2.068	699500	1457692.00
2016/09/14	2.068	2.070	2.020	2.065	985100	2030482.00
2016/09/19	2.075	2.096	2.075	2.094	405100	846809.00
2016/09/20	2.083	2.083	2.069	2.076	1419700	2945559.00
2016/09/21	2.080	2.100	2.076	2.095	298000	624022.00
2016/09/22	2.096	2.158	2.086	2.105	295400	626241.00
2016/09/23	2.101	2.130	2.100	2.106	358400	758039.00
2016/09/26	2.087	2.087	2.072	2.072	296800	616478.00
2016/09/27	2.061	2.089	2.061	2.089	236164	490917.00
2016/09/28	2.080	2.080	2.066	2.069	1315793	2721632.00
2016/09/29	2.105	2.105	2.089	2.093	949900	1992536.00
2016/09/30	2.094	2.094	2.066	2.070	399800	828269.00
2016/10/10	2.092	2.119	2.092	2.102	1256600	2635308.00
2016/10/11	2.131	2.135	2.083	2.086	722900	1528183.00
2016/10/12	2.077	2.084	2.074	2.074	192400	399915.00
2016/10/13	2.076	2.076	2.052	2.059	308364	634118.00
2016/10/14	2.062	2.062	2.054	2.062	42300	87152.00
2016/10/17	2.063	2.063	2.050	2.053	453300	931386.00
2016/10/18	2.052	2.081	2.052	2.080	381300	789668.00
2016/10/19	2.082	2.085	2.077	2.078	76300	158796.00
2016/10/20	2.083	2.094	2.083	2.087	478232	998972.00
2016/10/21	2.087	2.090	2.073	2.080	11600	24111.00
2016/10/24	2.090	2.107	2.085	2.107	820900	1724261.00
2016/10/25	2.111	2.117	2.111	2.116	209700	443469.00
2016/10/26	2.098	2.102	2.094	2.095	130800	274294.00
2016/10/27	2.085	2.085	2.067	2.073	136900	283399.00
2016/10/28	2.073	2.081	2.062	2.062	57100	118025.00
2016/10/31	2.065	2.065	2.042	2.060	90600	185881.00
2016/11/01	2.046	2.087	2.046	2.084	674900	1404698.00
2016/11/02	2.069	2.069	2.045	2.045	627000	1285427.00
2016/11/03	2.042	2.046	2.028	2.040	567600	1157223.00
2016/11/04	2.043	2.043	2.021	2.036	364900	741673.00
2016/11/07	2.037	2.055	2.037	2.052	86800	177596.00
2016/11/08	2.061	2.063	2.053	2.058	303018	624088.00
2016/11/09	2.060	2.060	1.982	2.000	748800	1510826.00
2016/11/10	2.034	2.099	2.001	2.064	1042900	2150318.00
2016/11/11	2.048	2.049	2.033	2.044	298600	610031.00
2016/11/14	2.044	2.044	2.010	2.020	816800	1647367.00
2016/11/15	2.014	2.039	2.014	2.031	171500	348795.00
2016/11/16	2.028	2.050	2.028	2.048	81400	166583.00
2016/11/17	2.048	2.048	2.026	2.034	146600	298732.00
2016/11/18	2.034	2.043	2.030	2.038	54100	110286.00
2016/11/21	2.042	2.062	2.042	2.050	208700	428339.00
2016/11/22	2.063	2.077	2.063	2.073	377159	781136.00
2016/11/23	2.080	2.089	2.075	2.075	458696	954897.00
2016/11/24	2.076	2.082	2.072	2.074	471100	978879.00
2016/11/25	1.950	2.091	1.950	2.090	274201	571262.00
2016/11/28	2.110	2.110	2.091	2.104	339000	711119.00
2016/11/29	2.105	2.105	2.080	2.086	145500	303706.00
2016/11/30	2.085	2.085	2.077	2.079	14000	29099.00
2016/12/01	2.098	2.104	2.091	2.091	193600	407052.00
2016/12/02	2.117	2.117	2.075	2.090	64101	133772.00
2016/12/05	2.086	2.110	2.065	2.070	200200	418650.00
2016/12/06	2.071	2.098	2.071	2.088	12300	25647.00
2016/12/07	2.088	2.090	2.084	2.090	20000	41757.00
2016/12/08	2.085	2.128	2.008	2.120	419899	889196.00
2016/12/09	2.116	2.135	2.092	2.126	31700	67186.00
2016/12/12	2.102	2.137	2.065	2.098	76600	159964.00
2016/12/13	2.080	2.090	2.066	2.067	36632	75763.00
2016/12/14	2.064	2.094	2.064	2.069	30232	62570.00
2016/12/15	2.069	2.069	2.028	2.058	51100	104710.00
2016/12/16	2.058	2.058	2.034	2.050	28900	59191.00
2016/12/19	2.054	2.054	2.018	2.018	23800	48130.00
2016/12/20	1.990	2.009	1.990	1.995	503900	1010002.00
2016/12/21	2.002	2.012	2.002	2.010	41593	83576.00
2016/12/22	1.998	1.999	1.988	1.989	103700	206510.00
2016/12/23	1.988	1.988	1.976	1.980	31500	62399.00
2016/12/26	2.007	2.007	1.990	1.990	20600	41078.00
2016/12/27	1.990	2.008	1.969	1.990	29700	59080.00
2016/12/28	1.987	1.997	1.986	1.994	60700	120900.00
2016/12/29	1.998	2.003	1.998	2.001	54300	108590.00
2016/12/30	2.000	2.027	2.000	2.020	128118	258644.00
2017/01/03	2.024	2.039	2.018	2.039	115800	235078.00
2017/01/04	2.048	2.048	2.034	2.034	50837	103696.00
2017/01/05	2.050	2.058	2.049	2.057	137400	282074.00
2017/01/06	2.055	2.055	2.043	2.043	66500	135993.00
2017/01/09	2.045	2.066	2.045	2.062	164800	339582.00
2017/01/10	2.057	2.071	2.057	2.069	185200	382395.00
2017/01/11	2.092	2.092	2.077	2.077	169600	352762.00
2017/01/12	2.081	2.091	2.050	2.055	238500	492742.00
2017/01/13	2.072	2.089	2.012	2.089	150300	312293.00
2017/01/16	2.073	2.078	2.045	2.065	692200	1423031.00
2017/01/17	2.065	2.080	2.065	2.079	118055	244897.00
2017/01/18	2.084	2.093	2.084	2.093	203937	426458.00
2017/01/19	2.103	2.103	2.018	2.076	52800	109530.00
2017/01/20	2.073	2.090	2.005	2.090	26300	54488.00
2017/01/23	2.058	2.089	2.058	2.087	13000	26948.00
2017/01/24	2.070	2.100	2.070	2.090	324200	676981.00
2017/01/25	2.070	2.129	2.070	2.082	94800	198940.00
2017/01/26	2.110	2.130	2.086	2.118	196500	415053.00
2017/02/03	2.130	2.330	2.035	2.100	81500	173199.00
2017/02/06	2.110	2.124	2.110	2.117	33686	71240.00
2017/02/07	2.120	2.120	2.105	2.108	54600	115154.00
2017/02/08	2.099	2.122	2.099	2.122	82500	174725.00
2017/02/09	2.122	2.200	2.122	2.125	112261	239020.00
2017/02/10	2.160	2.160	2.131	2.138	83600	179137.00
2017/02/13	2.158	2.189	2.150	2.150	107600	232542.00
2017/02/14	2.144	2.178	2.142	2.151	51700	111177.00
2017/02/15	2.159	2.183	2.157	2.182	691472	1498619.00
2017/02/16	2.182	2.190	2.170	2.190	169049	368918.00
2017/02/17	2.197	2.199	2.180	2.189	378772	830191.00
2017/02/20	2.200	2.230	2.190	2.200	144372	318357.00
2017/02/21	2.202	2.210	2.180	2.180	188500	414093.00
2017/02/22	2.180	2.240	2.180	2.189	81400	178283.00
2017/02/23	2.194	2.199	2.182	2.193	271000	593565.00
2017/02/24	2.180	2.193	2.180	2.190	123000	268485.00
2017/02/27	2.185	2.185	2.180	2.185	112000	244447.00
2017/02/28	2.186	2.186	2.167	2.180	461900	1006531.00
2017/03/01	2.178	2.178	2.161	2.167	67000	145372.00
2017/03/02	2.171	2.216	2.157	2.168	347200	753944.00
2017/03/03	2.161	2.167	2.121	2.153	407100	873359.00
2017/03/06	2.141	2.160	2.141	2.159	23200	49968.00
2017/03/07	2.160	2.165	2.144	2.164	67700	145892.00
2017/03/08	2.170	2.174	2.136	2.174	72000	155165.00
2017/03/09	2.192	2.192	2.141	2.141	364472	790833.00
2017/03/10	2.136	2.155	2.136	2.147	110272	236636.00
2017/03/13	2.150	2.180	2.143	2.180	170200	366611.00
2017/03/14	2.194	2.200	2.181	2.192	264800	581916.00
2017/03/15	2.199	2.199	2.157	2.172	41400	90098.00
2017/03/16	2.196	2.197	2.186	2.196	121500	266410.00
2017/03/17	2.200	2.218	2.200	2.203	220349	486951.00
2017/03/20	2.205	2.230	2.205	2.226	165505	367777.00
2017/03/21	2.245	2.245	2.167	2.235	599317	1336303.00
2017/03/22	2.234	2.245	2.170	2.189	65300	144680.00
2017/03/23	2.196	2.240	2.196	2.212	203566	449062.00
2017/03/24	2.238	2.238	2.200	2.210	70300	155441.00
2017/03/27	2.200	2.211	2.172	2.181	113993	250692.00
2017/03/28	2.186	2.224	2.186	2.200	74402	163614.00
2017/03/29	2.200	2.234	2.200	2.210	128813	284530.00
2017/03/30	2.215	2.230	2.209	2.213	512100	1135902.00
2017/03/31	2.214	2.216	2.201	2.201	71800	158932.00
2017/04/05	2.213	2.219	2.202	2.206	111400	246166.00
2017/04/06	2.206	2.218	2.206	2.209	62100	137225.00
2017/04/07	2.201	2.201	2.189	2.197	91400	200570.00
2017/04/10	2.197	2.219	2.197	2.216	190300	421272.00
2017/04/11	2.211	2.213	2.190	2.194	115600	253936.00
2017/04/12	2.194	2.194	2.190	2.193	59900	131261.00
2017/04/13	2.199	2.210	2.198	2.206	171900	378571.00
2017/04/14	2.180	2.200	2.180	2.190	8800	19337.00
2017/04/17	2.220	2.220	2.101	2.188	135300	292704.00
2017/04/18	2.197	2.197	2.184	2.185	134300	293945.00
2017/04/19	2.165	2.165	2.151	2.163	180100	387971.00
2017/04/20	2.148	2.171	2.148	2.171	52000	112753.00
2017/04/21	2.191	2.194	2.188	2.188	72100	157984.00
2017/04/24	2.180	2.188	2.172	2.186	241800	526799.00
2017/04/25	2.198	2.215	2.198	2.210	655986	1448031.00
2017/04/26	2.211	2.225	2.211	2.214	174200	385812.00
2017/04/27	2.213	2.227	2.213	2.222	495210	1099553.00
2017/04/28	2.227	2.232	2.220	2.228	84700	188686.00
2017/05/02	2.229	2.238	2.203	2.208	5000	11064.00
2017/05/03	2.223	2.224	2.208	2.210	91067	201633.00
2017/05/04	2.226	2.226	2.211	2.226	132334	293899.00
2017/05/05	2.227	2.227	2.194	2.210	52400	116024.00
2017/05/08	2.208	2.220	2.208	2.213	24000	53102.00
2017/05/09	2.232	2.240	2.216	2.240	153179	341475.00
2017/05/10	2.241	2.277	2.241	2.274	184122	417659.00
2017/05/11	2.275	2.284	2.270	2.282	288175	655771.00
2017/05/12	2.282	2.282	2.270	2.278	70000	159369.00
2017/05/15	2.286	2.294	2.282	2.294	718880	1645253.00
2017/05/16	2.300	2.302	2.293	2.302	709000	1628708.00
2017/05/17	2.300	2.300	2.294	2.295	333700	766313.00
2017/05/18	2.290	2.298	2.286	2.290	208300	477269.00
2017/05/19	2.291	2.303	2.291	2.297	39986	91838.00
2017/05/22	2.305	2.325	2.305	2.325	57200	132484.00
2017/05/23	2.311	2.325	2.302	2.303	288713	667649.00
2017/05/24	2.303	2.330	2.303	2.309	97700	226099.00
2017/05/25	2.318	2.335	2.318	2.329	385540	897718.00
2017/05/26	2.336	2.336	2.307	2.322	509600	1184496.00
2017/05/31	2.312	2.337	2.312	2.331	347100	809287.00
2017/06/01	2.314	2.327	2.306	2.322	326000	756118.00
2017/06/02	2.334	2.340	2.331	2.334	178544	416754.00
2017/06/05	2.335	2.335	2.323	2.323	194900	453365.00
2017/06/06	2.323	2.336	2.322	2.335	200000	466447.00
2017/06/07	2.340	2.342	2.328	2.328	144900	338011.00
2017/06/08	2.334	2.341	2.333	2.341	99800	233215.00
2017/06/09	2.340	2.347	2.330	2.333	319672	747745.00
2017/06/12	2.333	2.333	2.310	2.311	97100	225325.00
2017/06/13	2.303	2.320	2.292	2.313	339400	784679.00
2017/06/14	2.307	2.313	2.298	2.306	91525	211064.00
2017/06/15	2.306	2.306	2.275	2.289	148500	339989.00
2017/06/16	2.289	2.302	2.285	2.300	25000	57490.00
2017/06/19	2.288	2.319	2.288	2.317	136500	315649.00
2017/06/20	2.317	2.338	2.313	2.319	106200	246686.00
2017/06/21	2.308	2.320	2.285	2.312	83400	192255.00
2017/06/22	2.317	2.322	2.297	2.319	96100	222800.00
2017/06/23	2.319	2.320	2.304	2.318	123900	287260.00
2017/06/26	2.307	2.335	2.304	2.335	313600	725534.00
2017/06/27	2.340	2.343	2.312	2.328	191700	446570.00
2017/06/28	2.320	2.320	2.297	2.307	19200	44284.00
2017/06/29	2.329	2.334	2.311	2.334	77700	180728.00
2017/06/30	2.318	2.318	2.292	2.316	55700	128238.00
2017/07/03	2.296	2.316	2.296	2.314	26300	60565.00
2017/07/04	2.312	2.312	2.261	2.282	125772	288156.00
2017/07/05	2.280	2.296	2.272	2.296	152000	347001.00
2017/07/06	2.327	2.327	2.286	2.296	67000	153689.00
2017/07/07	2.286	2.286	2.267	2.273	167500	381697.00
2017/07/10	2.279	2.300	2.246	2.277	162300	370211.00
2017/07/11	2.285	2.330	2.277	2.322	246193	570006.00
2017/07/12	2.329	2.348	2.329	2.331	194000	452985.00
2017/07/13	2.350	2.373	2.350	2.369	556294	1318327.00
2017/07/14	2.354	2.386	2.328	2.373	109600	258437.00
2017/07/17	2.352	2.373	2.331	2.367	33600	79418.00
2017/07/18	2.358	2.376	2.347	2.376	19100	45119.00
2017/07/19	2.390	2.390	2.359	2.371	61600	146001.00
2017/07/20	2.389	2.389	2.370	2.384	72000	171174.00
2017/07/21	2.389	2.389	2.356	2.380	115476	274052.00
2017/07/24	2.382	2.385	2.369	2.384	90100	214180.00
2017/07/25	2.389	2.401	2.375	2.393	33100	78786.00
2017/07/26	2.389	2.406	2.380	2.394	148000	353837.00
2017/07/27	2.394	2.439	2.384	2.409	178500	429085.00
2017/07/28	2.408	2.408	2.393	2.405	132700	317954.00
2017/07/31	2.422	2.422	2.398	2.418	71800	173368.00
2017/08/01	2.425	2.436	2.420	2.428	340276	825906.00
2017/08/02	2.434	2.466	2.434	2.460	107500	264186.00
2017/08/03	2.447	2.458	2.434	2.445	42900	104957.00
2017/08/04	2.454	2.456	2.435	2.443	113500	277705.00
2017/08/07	2.447	2.460	2.447	2.450	46000	112891.00
2017/08/08	2.449	2.475	2.447	2.451	166900	409161.00
2017/08/09	2.457	2.457	2.435	2.445	184737	452004.00
2017/08/10	2.454	2.454	2.404	2.430	214300	519661.00
2017/08/11	2.407	2.407	2.375	2.380	778400	1861133.00
2017/08/14	2.377	2.410	2.377	2.410	167876	403706.00
2017/08/15	2.411	2.437	2.411	2.431	35937	87170.00
2017/08/16	2.432	2.432	2.418	2.423	206411	500188.00
2017/08/17	2.449	2.449	2.398	2.416	451329	1094611.00
2017/08/18	2.410	2.410	2.394	2.404	150100	360332.00
2017/08/21	2.428	2.428	2.399	2.403	162900	391519.00
2017/08/22	2.422	2.425	2.388	2.424	88399	213798.00
2017/08/23	2.410	2.429	2.410	2.420	22437	54376.00
2017/08/24	2.431	2.434	2.426	2.426	69700	169307.00
2017/08/25	2.425	2.447	2.425	2.447	334680	813852.00
2017/08/28	2.449	2.459	2.440	2.441	1426224	3497197.00
2017/08/29	2.437	2.437	2.418	2.420	76800	186031.00
2017/08/30	2.447	2.447	2.421	2.436	47900	116471.00
2017/08/31	2.420	2.455	2.420	2.421	993773	2425211.00
2017/09/01	2.436	2.499	2.421	2.432	159400	389399.00
2017/09/04	2.423	2.432	2.414	2.414	163296	395695.00
2017/09/05	2.415	2.417	2.407	2.407	383932	925859.00
2017/09/06	2.409	2.409	2.384	2.397	331830	793554.00
2017/09/07	2.385	2.418	2.385	2.393	104800	251745.00
2017/09/08	2.402	2.402	2.398	2.398	66600	159779.00
2017/09/11	2.418	2.421	2.417	2.421	40900	98982.00
2017/09/12	2.430	2.431	2.427	2.429	69200	168150.00
2017/09/13	2.422	2.431	2.422	2.430	47400	115123.00
2017/09/14	2.430	2.434	2.417	2.422	123300	298662.00
2017/09/15	2.407	2.428	2.395	2.418	163374	394650.00
2017/09/18	2.418	2.442	2.418	2.436	172792	419838.00
2017/09/19	2.439	2.457	2.429	2.448	196900	482712.00
2017/09/20	2.444	2.444	2.444	2.444	30000	73320.00
2017/09/21	2.470	2.470	2.432	2.444	81300	198538.00
2017/09/22	2.428	2.445	2.428	2.441	32400	79031.00
2017/09/25	2.416	2.430	2.404	2.420	18137	43806.00
2017/09/26	2.438	2.438	2.396	2.398	183400	440106.00
2017/09/27	2.452	2.452	2.395	2.433	1192115	2868884.00
2017/09/28	2.433	2.438	2.402	2.410	790127	1907562.00
2017/09/29	2.445	2.445	2.401	2.415	968419	2335155.00
2017/10/09	2.445	2.508	2.445	2.461	151676	375811.00
2017/10/10	2.466	2.483	2.450	2.482	612976	1516700.00
2017/10/11	2.497	2.505	2.484	2.485	581600	1447617.00
2017/10/12	2.491	2.491	2.474	2.489	1101844	2738619.00
2017/10/13	2.501	2.501	2.476	2.489	74000	183959.00
2017/10/16	2.503	2.519	2.489	2.514	1160653	2911135.00
2017/10/17	2.535	2.535	2.507	2.517	189500	476568.00
2017/10/18	2.515	2.528	2.515	2.527	953500	2404086.00
2017/10/19	2.532	2.533	2.511	2.512	112700	284484.00
2017/10/20	2.510	2.512	2.500	2.509	208400	522279.00
2017/10/23	2.510	2.510	2.495	2.506	199900	500339.00
2017/10/24	2.475	2.509	2.475	2.488	94200	234955.00
2017/10/25	2.489	2.509	2.488	2.503	61300	153527.00
2017/10/26	2.505	2.535	2.479	2.500	718300	1794572.00
2017/10/27	2.500	2.521	2.499	2.510	595533	1499093.00
2017/10/30	2.514	2.519	2.496	2.510	768688	1931740.00
2017/10/31	2.500	2.509	2.496	2.509	281800	705387.00
2017/11/01	2.510	2.522	2.505	2.521	513700	1293681.00
2017/11/02	2.518	2.529	2.518	2.528	328500	829718.00
2017/11/03	2.528	2.528	2.519	2.523	161200	406604.00
2017/11/06	2.521	2.524	2.497	2.523	1014872	2544289.00
2017/11/07	2.515	2.560	2.515	2.559	695100	1774809.00
2017/11/08	2.558	2.572	2.557	2.562	878272	2251287.00
2017/11/09	2.572	2.582	2.569	2.580	914100	2356542.00
2017/11/10	2.578	2.587	2.574	2.584	807200	2082590.00
2017/11/13	2.584	2.604	2.584	2.593	366900	952518.00
2017/11/14	2.600	2.600	2.593	2.594	34300	89031.00
2017/11/15	2.622	2.622	2.563	2.566	79000	203068.00
2017/11/16	2.566	2.578	2.556	2.562	443636	1139376.00
2017/11/17	2.582	2.599	2.582	2.596	537971	1393390.00
2017/11/20	2.578	2.584	2.578	2.583	512081	1321802.00
2017/11/21	2.586	2.627	2.586	2.615	1672564	4373434.00
2017/11/22	2.625	2.665	2.624	2.651	795717	2112981.00
2017/11/23	2.658	2.658	2.624	2.624	918200	2423780.00
2017/11/24	2.588	2.625	2.588	2.618	958300	2505478.00
2017/11/27	2.620	2.627	2.600	2.611	1334900	3492694.00
2017/11/28	2.611	2.643	2.593	2.600	1029600	2678438.00
2017/11/29	2.611	2.623	2.605	2.611	1192557	3115661.00
2017/11/30	2.629	2.629	2.571	2.577	1439400	3709725.00
2017/12/01	2.585	2.594	2.561	2.565	832600	2142849.00
2017/12/04	2.577	2.577	2.552	2.573	1007900	2588830.00
2017/12/05	2.575	2.575	2.548	2.551	470600	1203339.00
2017/12/06	2.541	2.545	2.488	2.506	485337	1223364.00
2017/12/07	2.507	2.511	2.478	2.486	1743904	4347629.00
2017/12/08	2.514	2.523	2.499	2.523	1393400	3492285.00
2017/12/11	2.531	2.544	2.525	2.544	1078600	2731526.00
2017/12/12	2.555	2.555	2.536	2.536	1477400	3761110.00
2017/12/13	2.536	2.568	2.536	2.568	1335018	3401374.00
2017/12/14	2.572	2.572	2.554	2.558	1716500	4392875.00
2017/12/15	2.542	2.544	2.526	2.526	1540700	3905315.00
2017/12/18	2.518	2.548	2.517	2.542	1137550	2888001.00
2017/12/19	2.542	2.570	2.542	2.567	541800	1389765.00
2017/12/20	2.580	2.596	2.444	2.545	1038070	2656648.00
2017/12/21	2.542	2.553	2.540	2.551	389900	992361.00
2017/12/22	2.558	2.566	2.552	2.564	1032212	2641729.00
2017/12/25	2.573	2.578	2.570	2.570	134400	346016.00
2017/12/26	2.570	2.589	2.556	2.572	36000	92704.00
2017/12/27	2.565	2.574	2.565	2.568	399900	1027594.00
2017/12/28	2.573	2.587	2.573	2.586	1731579	4470610.00
2017/12/29	2.586	2.605	2.586	2.594	413434	1072197.00
2018/01/02	2.602	2.636	2.602	2.636	914554	2401542.00
2018/01/03	2.634	2.655	2.634	2.643	959100	2536075.00
2018/01/04	2.655	2.664	2.648	2.662	981000	2604162.00
2018/01/05	2.661	2.669	2.649	2.651	2008200	5342205.00
2018/01/08	2.651	2.668	2.642	2.650	2196000	5821475.00
2018/01/09	2.657	2.669	2.656	2.668	872854	2323874.00
2018/01/10	2.673	2.705	2.673	2.700	1015686	2731204.00
2018/01/11	2.675	2.750	2.675	2.721	751100	2032041.00
2018/01/12	2.714	2.729	2.704	2.711	851900	2307388.00
2018/01/15	2.706	2.740	2.705	2.714	408455	1115757.00
2018/01/16	2.714	2.746	2.714	2.746	623493	1704540.00
2018/01/17	2.746	3.001	2.736	2.775	1227300	3513869.00
2018/01/18	2.793	2.896	2.781	2.862	1913500	5353767.00
2018/01/19	3.090	3.090	2.741	2.744	4458300	12329775.00
2018/01/22	2.700	2.762	2.700	2.758	1441500	3952732.00
2018/01/23	2.774	2.794	2.771	2.794	1517100	4220084.00
2018/01/24	2.817	2.817	2.782	2.796	772793	2156949.00
2018/01/25	2.797	2.797	2.767	2.771	1051500	2918870.00
2018/01/26	2.778	2.800	2.764	2.797	1944545	5414287.00
2018/01/29	2.818	2.818	2.772	2.778	568700	1586549.00
2018/01/30	2.777	2.777	2.736	2.736	1622400	4460875.00
2018/01/31	2.731	2.755	2.627	2.750	1094500	2970683.00
2018/02/01	2.755	2.765	2.738	2.740	557600	1534542.00
2018/02/02	2.740	2.740	2.702	2.733	1017000	2767156.00
2018/02/05	2.688	2.695	2.620	2.695	604600	1615600.00
2018/02/06	2.588	2.615	2.558	2.565	978400	2521024.00
2018/02/07	2.604	2.629	2.519	2.532	613807	1583754.00
2018/02/08	2.524	2.550	2.522	2.539	1435600	3637996.00
2018/02/09	2.503	2.503	2.441	2.452	1554600	3819665.00
2018/02/12	2.482	2.482	2.459	2.475	313500	774273.00
2018/02/13	2.512	2.517	2.483	2.502	582700	1454539.00
2018/02/14	2.517	2.546	2.515	2.545	394837	996285.00
2018/02/22	2.689	2.691	2.587	2.610	681700	1781381.00
2018/02/23	2.648	2.648	2.619	2.635	287560	755131.00
2018/02/26	2.649	2.672	2.626	2.646	633300	1674092.00
2018/02/27	2.663	2.663	2.622	2.627	407700	1073622.00
2018/02/28	2.604	2.604	2.581	2.581	493700	1277744.00
2018/03/01	2.581	2.597	2.565	2.590	1125436	2903405.00
2018/03/02	2.586	2.586	2.537	2.576	1500100	3853723.00
2018/03/05	2.579	2.581	2.535	2.543	710100	1816240.00
2018/03/06	2.553	2.583	2.541	2.575	658900	1686674.00
2018/03/07	2.588	2.588	2.539	2.549	561300	1439885.00
2018/03/08	2.560	2.585	2.560	2.585	1318100	3388033.00
2018/03/09	2.591	2.612	2.591	2.611	572800	1492712.00
2018/03/12	2.642	2.668	2.641	2.665	1103536	2926617.00
2018/03/13	2.665	2.665	2.645	2.653	311936	828179.00
2018/03/14	2.634	2.634	2.624	2.625	1075600	2826607.00
2018/03/15	2.624	2.642	2.623	2.642	1605000	4229714.00
2018/03/16	2.645	2.651	2.639	2.644	273400	723350.00
2018/03/19	2.632	2.658	2.632	2.648	772200	2046961.00
2018/03/20	2.638	2.660	2.602	2.659	1405000	3711976.00
2018/03/21	2.673	2.695	2.659	2.668	477464	1279506.00
2018/03/22	2.659	2.662	2.614	2.627	308800	815075.00
2018/03/23	2.536	2.550	2.521	2.532	1074000	2723640.00
2018/03/26	2.531	2.552	2.473	2.550	546000	1382792.00
2018/03/27	2.581	2.586	2.569	2.574	252500	650268.00
2018/03/28	2.548	2.552	2.500	2.529	198400	502845.00
2018/03/29	2.530	2.535	2.500	2.527	315700	793772.00
2018/03/30	2.528	2.544	2.514	2.518	232600	586373.00
2018/04/02	2.522	2.522	2.510	2.514	62500	157070.00
2018/04/03	2.501	2.515	2.490	2.515	155100	387565.00
2018/04/04	2.526	2.528	2.497	2.497	243400	612995.00
2018/04/09	2.499	2.543	2.499	2.534	206200	519506.00
2018/04/10	2.534	2.575	2.534	2.575	130000	332581.00
2018/04/11	2.582	2.589	2.571	2.583	225800	583443.00
2018/04/12	2.585	2.592	2.558	2.558	161600	416198.00
2018/04/13	2.592	2.594	2.569	2.573	135500	349974.00
2018/04/16	2.600	2.600	2.527	2.532	149718	379205.00
2018/04/17	2.531	2.538	2.509	2.516	492300	1243909.00
2018/04/18	2.538	2.538	2.511	2.524	244500	617204.00
2018/04/19	2.540	2.565	2.540	2.552	629200	1604264.00
2018/04/20	2.554	2.572	2.548	2.553	268100	685018.00
2018/04/23	2.548	2.548	2.532	2.534	280600	712446.00
2018/04/24	2.534	2.574	2.534	2.564	191954	490676.00
2018/04/25	2.560	2.560	2.534	2.537	210900	535653.00
2018/04/26	2.542	2.560	2.514	2.514	68200	172886.00
2018/04/27	2.547	2.547	2.534	2.544	174200	442949.00
2018/05/02	2.604	2.604	2.581	2.587	179400	465013.00
2018/05/03	2.587	2.587	2.554	2.566	199000	509893.00
2018/05/04	2.561	2.563	2.534	2.536	744900	1901401.00
2018/05/07	2.536	2.539	2.520	2.528	784600	1984703.00
2018/05/08	2.531	2.575	2.530	2.568	483700	1236503.00
2018/05/09	2.569	2.585	2.568	2.573	206600	532545.00
2018/05/10	2.610	2.610	2.597	2.610	119700	311761.00
2018/05/11	2.617	2.636	2.617	2.625	1403000	3682820.00
2018/05/14	2.645	2.654	2.642	2.645	437100	1157507.00
2018/05/15	2.647	2.647	2.628	2.635	53900	142126.00
2018/05/16	2.630	2.639	2.609	2.623	94500	247758.00
2018/05/17	2.646	2.646	2.621	2.622	25400	66882.00
2018/05/18	2.625	2.640	2.621	2.638	33000	86797.00
2018/05/21	2.641	2.669	2.641	2.655	251800	669756.00
2018/05/22	2.770	2.770	2.600	2.649	140400	378720.00
2018/05/23	2.755	2.755	2.616	2.617	476600	1258325.00
2018/05/24	2.610	2.615	2.600	2.607	262400	684903.00
2018/05/25	2.616	2.616	2.605	2.608	81900	213870.00
2018/05/28	2.612	2.628	2.612	2.627	212400	556423.00
2018/05/29	2.660	2.660	2.603	2.606	148500	388459.00
2018/05/30	2.589	2.589	2.563	2.570	307100	789923.00
2018/05/31	2.590	2.598	2.582	2.598	241700	626118.00
2018/06/01	2.590	2.605	2.590	2.604	101200	262533.00
2018/06/04	2.626	2.645	2.626	2.642	449000	1184674.00
2018/06/05	2.646	2.668	2.645	2.665	728100	1930323.00
2018/06/06	2.669	2.678	2.668	2.677	489359	1306489.00
2018/06/07	2.690	2.695	2.684	2.693	354300	953009.00
2018/06/08	2.678	2.680	2.651	2.651	321600	860131.00
2018/06/11	2.652	2.665	2.646	2.659	174400	464008.00
2018/06/12	2.667	2.677	2.661	2.675	732900	1954748.00
2018/06/13	2.654	2.659	2.645	2.645	141600	375262.00
2018/06/14	2.637	2.637	2.607	2.607	391700	1030804.00
2018/06/15	2.622	2.626	2.618	2.619	694300	1819273.00
2018/06/19	2.570	2.580	2.525	2.529	1433600	3659094.00
2018/06/20	2.530	2.584	2.530	2.567	1269900	3262565.00
2018/06/21	2.571	2.582	2.527	2.527	597600	1533917.00
2018/06/22	2.520	2.526	2.471	2.499	570800	1427882.00
2018/06/25	2.505	2.532	2.502	2.509	1894200	4763472.00
2018/06/26	2.500	2.514	2.474	2.505	1011200	2517881.00
2018/06/27	2.507	2.520	2.485	2.486	1392300	3487559.00
2018/06/28	2.488	2.498	2.470	2.470	349300	867718.00
2018/06/29	2.506	2.540	2.506	2.539	149800	377553.00
2018/07/02	2.540	2.559	2.451	2.500	168000	426234.00
2018/07/03	2.510	2.516	2.466	2.509	1253800	3122934.00
2018/07/04	2.528	2.528	2.485	2.487	477000	1198158.00
2018/07/05	2.476	2.498	2.460	2.464	135900	337888.00
2018/07/06	2.489	2.527	2.477	2.504	2148000	5347320.00
2018/07/09	2.546	2.565	2.511	2.565	624793	1595846.00
2018/07/10	2.569	2.572	2.552	2.553	156000	400421.00
2018/07/11	2.529	2.581	2.495	2.513	275300	691912.00
2018/07/12	2.513	2.556	2.513	2.551	189500	481493.00
2018/07/13	2.561	2.561	2.550	2.550	65100	166457.00
2018/07/16	2.554	2.559	2.531	2.542	84793	215403.00
2018/07/17	2.538	2.540	2.515	2.515	170800	430783.00
2018/07/18	2.532	2.537	2.518	2.518	238700	603849.00
2018/07/19	2.539	2.539	2.517	2.519	72800	184007.00
2018/07/20	2.525	2.555	2.519	2.550	105200	266551.00
2018/07/23	2.538	2.558	2.538	2.552	108000	275529.00
2018/07/24	2.580	2.596	2.565	2.593	53500	138466.00
2018/07/25	2.596	2.628	2.596	2.626	83600	219276.00
2018/07/26	2.625	2.625	2.560	2.585	169600	442391.00
2018/07/27	2.746	2.746	2.593	2.608	194300	513362.00
2018/07/30	2.650	2.698	2.594	2.610	230800	606134.00
2018/07/31	2.606	2.620	2.599	2.620	40400	105223.00
2018/08/01	2.620	2.620	2.600	2.607	134900	352137.00
2018/08/02	2.570	2.598	2.512	2.577	158000	399770.00
2018/08/03	2.577	2.577	2.525	2.531	62200	157375.00
2018/08/06	2.560	2.577	2.551	2.551	208100	532713.00
2018/08/07	2.573	2.591	2.562	2.588	132700	342677.00
2018/08/08	2.590	2.601	2.584	2.586	110100	285206.00
2018/08/09	2.586	2.626	2.586	2.619	141500	370723.00
2018/08/10	2.619	2.620	2.592	2.596	71600	186400.00
2018/08/13	2.552	2.569	2.542	2.542	194300	497105.00
2018/08/14	2.549	2.590	2.542	2.547	257004	654789.00
2018/08/15	2.547	2.555	2.542	2.542	180200	458282.00
2018/08/16	2.550	2.578	2.506	2.569	21100	53896.00
2018/08/17	2.559	2.564	2.535	2.535	11910	30467.00
2018/08/20	2.562	2.562	2.544	2.562	31800	81213.00
2018/08/21	2.562	2.565	2.546	2.565	188332	481282.00
2018/08/22	2.558	2.565	2.409	2.565	1400	3548.00
2018/08/23	2.565	2.568	2.500	2.523	68800	175704.00
2018/08/24	2.540	2.562	2.537	2.554	87000	221882.00
2018/08/27	2.570	2.601	2.570	2.600	113600	293541.00
2018/08/28	2.605	2.605	2.580	2.584	224900	581177.00
2018/08/29	2.588	2.597	2.580	2.580	333205	862568.00
2018/08/30	2.592	2.592	2.570	2.570	100700	259899.00
2018/08/31	2.558	2.558	2.536	2.548	182200	462918.00
2018/09/03	2.536	2.545	2.527	2.530	59400	150624.00
2018/09/04	2.531	2.558	2.531	2.558	142000	360571.00
2018/09/05	2.543	2.543	2.499	2.505	189100	476076.00
2018/09/06	2.488	2.491	2.462	2.467	67700	167941.00
2018/09/07	2.475	2.486	2.450	2.468	65700	162142.00
2018/09/10	2.468	2.468	2.450	2.450	4500	11043.00
2018/09/11	2.448	2.448	2.431	2.433	135000	329127.00
2018/09/12	2.415	2.430	2.413	2.419	86600	209455.00
2018/09/13	2.415	2.474	2.415	2.466	205500	505083.00
2018/09/14	2.483	2.508	2.483	2.507	320400	800476.00
2018/09/17	2.494	2.494	2.458	2.472	90800	223897.00
2018/09/18	2.465	2.493	2.446	2.490	259900	642480.00
2018/09/19	2.495	2.522	2.494	2.520	226700	569935.00
2018/09/20	2.558	2.558	2.515	2.521	116100	292990.00
2018/09/21	2.550	2.568	2.534	2.568	186800	476452.00
2018/09/25	2.576	2.576	2.546	2.546	279500	712046.00
2018/09/26	2.555	2.589	2.554	2.585	212800	547740.00
2018/09/27	2.569	2.590	2.566	2.571	632700	1626527.00
2018/09/28	2.604	2.604	2.590	2.598	144500	375213.00
2018/10/08	2.530	2.530	2.470	2.499	157700	391297.00
2018/10/09	2.489	2.500	2.472	2.474	711700	1769722.00
2018/10/10	2.471	2.488	2.433	2.470	27600	68231.00
2018/10/11	2.418	2.418	2.350	2.372	778000	1848725.00
2018/10/12	2.372	2.405	2.370	2.405	224292	532870.00
2018/10/15	2.405	2.408	2.393	2.396	560800	1345956.00
2018/10/16	2.395	2.414	2.380	2.380	113600	272805.00
2018/10/17	2.400	2.400	2.389	2.391	124400	297412.00
2018/10/18	2.389	2.397	2.370	2.372	206500	492376.00
2018/10/19	2.376	2.560	2.366	2.430	536900	1296498.00
2018/10/22	2.481	2.528	2.458	2.500	45500	113076.00
2018/10/23	2.525	2.525	2.402	2.429	146900	356180.00
2018/10/24	2.430	2.528	2.430	2.461	170500	419044.00
2018/10/25	2.460	2.460	2.351	2.358	847200	2021875.00
2018/10/26	2.358	2.358	2.320	2.338	221800	519044.00
2018/10/29	2.343	2.343	2.303	2.313	288600	670192.00
2018/10/30	2.356	2.416	2.294	2.317	279500	647024.00
2018/10/31	2.326	2.326	2.292	2.322	126300	291609.00
2018/11/01	2.329	2.370	2.322	2.365	351800	823965.00
2018/11/02	2.388	2.449	2.388	2.440	1327600	3198449.00
2018/11/05	2.447	2.447	2.366	2.410	491800	1183310.00
2018/11/06	2.410	2.425	2.404	2.418	110100	266031.00
2018/11/07	2.430	2.500	2.427	2.435	337800	826495.00
2018/11/08	2.469	2.495	2.463	2.495	56300	138895.00
2018/11/09	2.485	2.485	2.410	2.412	267500	648027.00
2018/11/12	2.414	2.422	2.412	2.412	44600	107830.00
2018/11/13	2.387	2.421	2.366	2.410	223200	534881.00
2018/11/14	2.426	2.427	2.419	2.421	140500	340423.00
2018/11/15	2.419	2.436	2.419	2.432	384000	932592.00
2018/11/16	2.426	2.452	2.422	2.437	70600	171665.00
2018/11/19	2.466	2.466	2.427	2.431	22000	53695.00
2018/11/20	2.438	2.438	2.403	2.423	18200	43826.00
2018/11/21	2.401	2.422	2.386	2.422	8000	19267.00
2018/11/22	2.422	2.426	2.400	2.423	20786	50198.00
2018/11/23	2.415	2.440	2.414	2.424	339900	821160.00
2018/11/26	2.424	2.493	2.424	2.465	424086	1045782.00
2018/11/27	2.465	2.482	2.462	2.470	68600	169365.00
2018/11/28	2.480	2.502	2.480	2.502	69200	172561.00
2018/11/29	2.521	2.521	2.480	2.480	120400	301736.00
2018/11/30	2.489	2.503	2.477	2.494	67600	168497.00
2018/12/03	2.519	2.558	2.519	2.549	234500	597323.00
2018/12/04	2.550	2.550	2.503	2.515	425186	1076574.00
2018/12/05	2.501	2.501	2.463	2.501	47200	117232.00
2018/12/06	2.466	2.516	2.411	2.498	128300	311045.00
2018/12/07	2.455	2.456	2.418	2.438	93400	226717.00
2018/12/10	2.402	2.440	2.377	2.407	161000	383193.00
2018/12/11	2.397	2.406	2.385	2.404	267186	639203.00
2018/12/12	2.448	2.448	2.405	2.431	244800	593943.00
2018/12/13	2.473	2.473	2.444	2.458	155700	381866.00
2018/12/14	2.419	2.463	2.419	2.423	20600	49937.00
2018/12/17	2.417	2.464	2.415	2.458	598700	1452748.00
2018/12/18	2.416	2.456	2.415	2.447	201770	492747.00
2018/12/19	2.437	2.447	2.437	2.447	3400	8319.00
2018/12/20	2.437	2.446	2.385	2.446	1271100	3058756.00
2018/12/21	2.382	2.439	2.378	2.433	29700	71078.00
2018/12/24	2.423	2.423	2.379	2.423	316100	756368.00
2018/12/25	2.412	2.413	2.385	2.398	203700	487829.00
2018/12/26	2.385	2.386	2.382	2.386	147500	351814.00
2018/12/27	2.413	2.433	2.413	2.424	3800	9185.00
2018/12/28	2.415	2.415	2.379	2.415	35300	85246.00
2019/01/02	2.494	2.494	2.355	2.360	9000	21492.00
2019/01/03	2.459	2.459	2.361	2.361	23972	57319.00
2019/01/04	2.361	2.449	2.361	2.390	1000	2385.00
2019/01/07	2.355	2.465	2.355	2.423	19100	46303.00
2019/01/08	2.428	2.449	2.364	2.364	29700	72122.00
2019/01/09	2.420	2.476	2.420	2.462	270711	664502.00
2019/01/10	2.462	2.477	2.453	2.463	111300	274594.00
2019/01/11	2.463	2.479	2.463	2.470	118500	293013.00
2019/01/14	2.453	2.453	2.440	2.442	4800	11716.00
2019/01/15	2.463	2.494	2.463	2.469	165500	410227.00
2019/01/16	2.426	2.458	2.426	2.449	407200	997702.00
2019/01/17	2.436	2.462	2.376	2.448	50300	121619.00
2019/01/18	2.454	2.477	2.447	2.466	123700	304707.00
2019/01/21	2.467	2.499	2.450	2.480	244200	604874.00
2019/01/22	2.477	2.480	2.445	2.469	49300	121168.00
2019/01/23	2.436	2.481	2.436	2.479	17300	42696.00
2019/01/24	2.453	2.481	2.450	2.468	15300	37603.00
2019/01/25	2.476	2.507	2.461	2.501	64200	159813.00
2019/01/28	2.503	2.522	2.490	2.493	57500	144046.00
2019/01/29	2.478	2.494	2.478	2.494	18518	46106.00
2019/01/30	2.482	2.498	2.402	2.493	29600	72642.00
2019/01/31	2.500	2.518	2.490	2.516	153500	384403.00
2019/02/01	2.521	2.551	2.477	2.507	199300	498462.00
2019/02/11	2.511	2.548	2.511	2.546	591100	1490073.00
2019/02/12	2.551	2.560	2.540	2.554	63500	161964.00
2019/02/13	2.560	2.588	2.560	2.588	34200	88259.00
2019/02/14	2.578	2.584	2.568	2.572	45400	116793.00
2019/02/15	2.551	2.559	2.521	2.526	81100	205670.00
2019/02/18	2.551	2.577	2.551	2.566	207400	532152.00
2019/02/19	2.587	2.611	2.566	2.566	16900	43690.00
2019/02/20	2.566	2.591	2.542	2.591	215400	557939.00
2019/02/21	2.587	2.598	2.569	2.583	47900	123979.00
2019/02/22	2.583	2.589	2.573	2.582	124000	319100.00
2019/02/25	2.625	2.625	2.589	2.597	100500	261116.00
2019/02/26	2.589	2.593	2.579	2.584	87400	226056.00
数据来源:通达信
