510220 中小ETF 日线 前复权
      日期	    开盘	    最高	    最低	    收盘	    成交量	    成交额
2011/03/28	3.664	3.681	3.646	3.650	54175714	200785488.00
2011/03/29	3.646	3.659	3.589	3.596	6894389	25377534.00
2011/03/30	3.591	3.602	3.556	3.575	4872308	17658626.00
2011/03/31	3.571	3.591	3.512	3.532	874631	3133418.50
2011/04/01	3.543	3.575	3.526	3.575	553297	1982485.13
2011/04/06	3.567	3.580	3.537	3.571	185742	667975.25
2011/04/07	3.545	3.604	3.545	3.603	2537270	9184458.00
2011/04/08	3.602	3.633	3.587	3.631	847866	3102410.00
2011/04/11	3.621	3.660	3.608	3.608	909576	3342487.50
2011/04/12	3.609	3.636	3.601	3.617	282540	1035020.06
2011/04/13	3.591	3.674	3.591	3.653	970393	3572488.25
2011/04/14	3.656	3.661	3.616	3.651	861209	3167740.50
2011/04/15	3.626	3.650	3.599	3.635	180866	662654.00
2011/04/18	3.631	3.649	3.613	3.643	584616	2147739.25
2011/04/19	3.621	3.621	3.588	3.596	128281	466519.59
2011/04/20	3.581	3.620	3.581	3.611	154471	562830.38
2011/04/21	3.611	3.661	3.611	3.631	390956	1436020.00
2011/04/22	3.631	3.631	3.603	3.611	174043	637103.81
2011/04/25	3.613	3.613	3.557	3.571	94629	341184.44
2011/04/26	3.551	3.569	3.502	3.511	82400	293260.56
2011/04/27	3.517	3.551	3.458	3.465	152813	538123.50
2011/04/28	3.465	3.521	3.351	3.363	296699	1034928.50
2011/04/29	3.351	3.416	3.351	3.408	61608	211375.61
2011/05/03	3.408	3.489	3.407	3.488	114531	400273.28
2011/05/04	3.484	3.484	3.387	3.401	165952	572899.50
2011/05/05	3.367	3.411	3.366	3.411	79748	272924.44
2011/05/06	3.401	3.441	3.381	3.436	136559	468869.13
2011/05/09	3.421	3.456	3.421	3.446	111700	389363.50
2011/05/10	3.426	3.451	3.426	3.451	68676	238642.45
2011/05/11	3.441	3.466	3.425	3.466	74395	259021.61
2011/05/12	3.415	3.449	3.411	3.411	58600	203207.39
2011/05/13	3.440	3.440	3.381	3.425	179657	618970.00
2011/05/16	3.411	3.451	3.411	3.428	52032	180042.61
2011/05/17	3.391	3.439	3.361	3.429	145283	500457.41
2011/05/18	3.396	3.452	3.396	3.444	212034	735759.19
2011/05/19	3.423	3.423	3.403	3.403	32026	110574.95
2011/05/20	3.402	3.402	3.384	3.384	16466	56528.38
2011/05/23	3.384	3.384	3.271	3.275	88144	295396.66
2011/05/24	3.232	3.283	3.221	3.271	88794	291980.78
2011/05/25	3.271	3.271	3.232	3.232	25513	83867.61
2011/05/26	3.256	3.280	3.232	3.232	32743	107388.95
2011/05/27	3.213	3.213	3.156	3.156	29500	94802.60
2011/05/30	3.122	3.156	3.091	3.105	86372	273105.44
2011/05/31	3.136	3.176	3.112	3.175	73285	233345.61
2011/06/01	3.174	3.175	3.161	3.175	39612	126997.38
2011/06/02	3.141	3.164	3.103	3.163	250476	789201.56
2011/06/03	3.163	3.198	3.117	3.198	64877	208175.33
2011/06/07	3.198	3.216	3.164	3.216	101534	328717.66
2011/06/08	3.225	3.251	3.171	3.239	119976	390414.41
2011/06/09	3.172	3.237	3.163	3.163	123656	398789.94
2011/06/10	3.151	3.181	3.132	3.181	33324	106166.05
2011/06/13	3.165	3.188	3.137	3.187	162998	523416.97
2011/06/14	3.187	3.222	3.187	3.221	77732	251777.02
2011/06/15	3.198	3.222	3.195	3.198	41373	134379.64
2011/06/16	3.166	3.166	3.131	3.147	38066	121348.94
2011/06/17	3.116	3.141	3.096	3.102	64680	203999.86
2011/06/20	3.098	3.098	3.042	3.059	32200	99849.00
2011/06/21	3.046	3.087	3.046	3.070	24273	75590.28
2011/06/22	3.106	3.115	3.065	3.081	316830	994425.13
2011/06/23	3.100	3.141	3.100	3.141	19773	62623.84
2011/06/24	3.150	3.223	3.150	3.223	53299	172417.33
2011/06/27	3.243	3.271	3.227	3.249	77073	253371.36
2011/06/28	3.226	3.257	3.222	3.257	56812	186271.63
2011/06/29	3.221	3.272	3.221	3.239	99504	326479.06
2011/06/30	3.261	3.281	3.257	3.257	43840	145207.72
2011/07/01	3.300	3.300	3.183	3.289	81926	271277.56
2011/07/04	3.242	3.341	3.242	3.341	192525	645706.81
2011/07/05	3.342	3.375	3.342	3.371	162170	551158.38
2011/07/06	3.367	3.383	3.366	3.383	324032	1103891.75
2011/07/07	3.397	3.411	3.373	3.378	155940	533744.56
2011/07/08	3.377	3.384	3.344	3.363	163968	556573.88
2011/07/11	3.369	3.389	3.362	3.381	109192	373365.91
2011/07/12	3.379	3.379	3.349	3.351	97265	330505.16
2011/07/13	3.364	3.402	3.348	3.402	172874	593253.00
2011/07/14	3.429	3.429	3.397	3.422	131824	455573.34
2011/07/15	3.414	3.460	3.414	3.447	326643	1136527.38
2011/07/18	3.461	3.478	3.450	3.463	140651	493395.78
2011/07/19	3.446	3.446	3.424	3.431	88245	306328.28
2011/07/20	3.448	3.448	3.405	3.431	144205	499121.94
2011/07/21	3.393	3.417	3.380	3.380	422530	1448785.75
2011/07/22	3.393	3.413	3.390	3.391	73595	253086.91
2011/07/25	3.353	3.368	3.254	3.265	713404	2380182.75
2011/07/26	3.246	3.281	3.246	3.276	43826	144703.23
2011/07/27	3.245	3.321	3.245	3.320	92280	307470.69
2011/07/28	3.301	3.311	3.273	3.311	27623	92131.02
2011/07/29	3.310	3.310	3.273	3.273	332200	1101735.63
2011/08/01	3.267	3.301	3.267	3.278	893500	2963219.50
2011/08/02	3.265	3.267	3.217	3.246	203847	667811.19
2011/08/03	3.266	3.268	3.237	3.250	68026	223827.23
2011/08/04	3.257	3.272	3.245	3.251	149776	494244.84
2011/08/05	3.148	3.229	3.148	3.205	213250	687537.31
2011/08/08	3.157	3.187	3.009	3.065	390844	1216911.50
2011/08/09	2.964	3.071	2.912	3.034	357163	1079009.38
2011/08/10	3.081	3.109	3.064	3.064	242799	760839.06
2011/08/11	3.137	3.137	3.058	3.123	202682	637877.50
2011/08/12	3.136	3.187	3.125	3.163	82029	261893.31
2011/08/15	3.175	3.187	3.163	3.186	436281	1403041.00
2011/08/16	3.191	3.192	3.149	3.170	178924	574070.63
2011/08/17	3.162	3.169	3.136	3.158	188689	600862.69
2011/08/18	3.155	3.155	3.111	3.111	490946	1560713.00
2011/08/19	3.046	3.075	3.046	3.062	45067	139512.27
2011/08/22	3.073	3.088	3.047	3.052	888239	2758629.25
2011/08/23	3.047	3.086	3.047	3.086	24952	77264.88
2011/08/24	3.086	3.118	3.079	3.079	328086	1034154.88
2011/08/25	3.081	3.171	3.076	3.164	775704	2478976.75
2011/08/26	3.159	3.171	3.131	3.171	288867	919470.38
2011/08/29	3.131	3.147	3.119	3.135	1175909	3723181.25
2011/08/30	3.141	3.176	3.101	3.101	42100	134067.30
2011/08/31	3.087	3.106	3.079	3.106	16647	52057.84
2011/09/01	3.098	3.104	3.079	3.084	76674	240188.91
2011/09/02	3.084	3.084	3.031	3.048	194335	599558.81
2011/09/05	3.007	3.007	2.973	2.977	125800	380836.09
2011/09/06	2.960	2.971	2.926	2.971	327987	977111.75
2011/09/07	2.981	3.003	2.944	3.000	87819	265683.84
2011/09/08	3.000	3.000	2.977	2.977	63000	191000.70
2011/09/09	2.963	2.996	2.936	2.960	48200	144680.50
2011/09/13	2.961	2.961	2.906	2.909	144231	426005.84
2011/09/14	2.930	2.945	2.881	2.945	143400	424433.41
2011/09/15	2.906	2.969	2.906	2.960	90699	270864.97
2011/09/16	2.960	2.972	2.943	2.944	59247	177706.50
2011/09/19	2.941	2.941	2.892	2.910	27200	79937.20
2011/09/20	2.871	2.910	2.871	2.892	70300	206701.50
2011/09/21	2.892	2.991	2.892	2.990	150666	450760.44
2011/09/22	2.986	2.986	2.901	2.901	97887	291946.75
2011/09/23	2.862	2.905	2.853	2.889	72392	210465.94
2011/09/26	2.898	2.904	2.852	2.852	89200	260313.80
2011/09/27	2.886	2.889	2.840	2.885	158704	462012.44
2011/09/28	2.885	2.889	2.822	2.839	114000	331167.69
2011/09/29	2.803	2.823	2.773	2.779	236493	669171.81
2011/09/30	2.782	2.786	2.746	2.764	56460	158426.56
2011/10/10	2.744	2.761	2.733	2.733	35100	97593.50
2011/10/11	2.779	2.779	2.727	2.727	44232	123458.81
2011/10/12	2.766	2.834	2.702	2.825	166989	470066.78
2011/10/13	2.825	2.852	2.805	2.836	240667	691176.38
2011/10/14	2.841	2.845	2.823	2.844	71258	204469.39
2011/10/17	2.850	2.851	2.829	2.847	75924	218897.94
2011/10/18	2.827	2.827	2.766	2.766	119500	338737.81
2011/10/19	2.790	2.790	2.753	2.759	73600	205992.91
2011/10/20	2.715	2.719	2.648	2.671	177200	482034.41
2011/10/21	2.689	2.689	2.646	2.646	77400	209646.80
2011/10/24	2.635	2.703	2.623	2.696	250500	678086.19
2011/10/25	2.669	2.779	2.667	2.756	231566	639461.00
2011/10/26	2.743	2.806	2.743	2.778	114001	321176.91
2011/10/27	2.792	2.829	2.777	2.800	121058	343877.50
2011/10/28	2.849	2.849	2.805	2.846	216151	622753.00
2011/10/31	2.851	2.868	2.821	2.851	128453	371181.09
2011/11/01	2.848	2.889	2.846	2.877	287428	837856.94
2011/11/02	2.861	2.929	2.802	2.924	416938	1203063.38
2011/11/03	2.929	2.977	2.929	2.941	780317	2339945.50
2011/11/04	2.971	2.971	2.919	2.958	1055038	3160942.75
2011/11/07	2.957	2.981	2.931	2.935	136585	409118.22
2011/11/08	2.934	2.944	2.911	2.911	145600	432625.31
2011/11/09	2.934	3.003	2.891	2.959	163866	487655.28
2011/11/10	2.957	2.957	2.910	2.919	238000	706714.00
2011/11/11	2.919	2.940	2.899	2.900	95600	281869.59
2011/11/14	2.951	2.960	2.918	2.955	391767	1166687.63
2011/11/15	2.938	2.961	2.938	2.957	113418	339201.66
2011/11/16	2.957	2.968	2.881	2.906	235800	699842.00
2011/11/17	2.939	2.939	2.873	2.875	134500	395442.00
2011/11/18	2.882	2.882	2.790	2.809	152911	437533.91
2011/11/21	2.792	2.811	2.790	2.796	90993	258067.11
2011/11/22	2.787	2.814	2.779	2.814	49733	141229.19
2011/11/23	2.814	2.821	2.791	2.793	75129	213748.00
2011/11/24	2.781	2.799	2.769	2.794	52897	149167.47
2011/11/25	2.805	2.809	2.794	2.794	53500	152049.09
2011/11/28	2.786	2.794	2.781	2.781	16000	45196.10
2011/11/29	2.811	2.819	2.780	2.819	49166	139915.38
2011/11/30	2.816	2.816	2.694	2.726	202500	564319.13
2011/12/01	2.769	2.814	2.769	2.771	240609	679439.81
2011/12/02	2.763	2.763	2.714	2.715	130177	359361.22
2011/12/05	2.703	2.708	2.651	2.651	66100	179727.70
2011/12/06	2.643	2.649	2.618	2.649	245678	654459.88
2011/12/07	2.631	2.650	2.630	2.630	77745	208536.02
2011/12/08	2.622	2.669	2.599	2.659	95500	255303.36
2011/12/09	2.629	2.629	2.602	2.626	87934	233354.77
2011/12/12	2.600	2.618	2.566	2.569	193833	507190.94
2011/12/13	2.561	2.561	2.499	2.501	81774	210069.91
2011/12/14	2.470	2.504	2.462	2.462	98380	247968.83
2011/12/15	2.441	2.443	2.405	2.416	112633	277320.44
2011/12/16	2.416	2.453	2.397	2.453	91200	225109.59
2011/12/19	2.417	2.441	2.397	2.441	88899	218262.13
2011/12/20	2.462	2.470	2.431	2.451	30500	76054.70
2011/12/21	2.462	2.509	2.386	2.386	42800	106137.80
2011/12/22	2.386	2.399	2.311	2.363	136600	327472.41
2011/12/23	2.367	2.440	2.362	2.401	75300	182806.80
2011/12/26	2.392	2.417	2.325	2.401	205460	499393.00
2011/12/27	2.363	2.363	2.315	2.332	120860	287711.56
2011/12/28	2.274	2.282	2.274	2.279	58978	136744.41
2011/12/29	2.279	2.341	2.279	2.336	38525	90677.90
2011/12/30	2.341	2.371	2.341	2.371	126484	303138.19
2012/01/04	2.387	2.387	2.326	2.326	120676	286657.31
2012/01/05	2.440	2.440	2.241	2.241	99100	229713.33
2012/01/06	2.311	2.391	2.019	2.270	63484	145870.39
2012/01/09	2.158	2.363	2.158	2.363	104670	245758.69
2012/01/10	2.363	2.454	2.346	2.454	229800	561697.88
2012/01/11	2.450	2.465	2.411	2.429	189567	469206.25
2012/01/12	2.460	2.461	2.411	2.421	102949	255574.94
2012/01/13	2.421	2.421	2.344	2.361	63373	152956.16
2012/01/16	2.319	2.337	2.305	2.305	126131	296425.41
2012/01/17	2.301	2.415	2.281	2.411	114984	277769.19
2012/01/18	2.292	2.439	2.292	2.348	78339	192105.06
2012/01/19	2.400	2.401	2.343	2.401	118966	288825.47
2012/01/20	2.401	2.449	2.401	2.426	55734	137692.78
2012/01/30	2.411	2.454	2.409	2.410	96935	239459.08
2012/01/31	2.390	2.411	2.374	2.396	47088	114561.21
2012/02/01	2.420	2.425	2.386	2.386	101539	248852.17
2012/02/02	2.407	2.429	2.379	2.428	45066	110395.45
2012/02/03	2.447	2.475	2.441	2.475	189997	474598.63
2012/02/06	2.474	2.491	2.474	2.487	212266	535007.19
2012/02/07	2.439	2.460	2.419	2.453	152424	378210.78
2012/02/08	2.453	2.520	2.453	2.514	371400	934864.13
2012/02/09	2.515	2.533	2.479	2.530	651677	1670584.25
2012/02/10	2.342	2.548	2.341	2.536	224125	571543.63
2012/02/13	2.427	2.561	2.427	2.548	197772	508573.13
2012/02/14	2.506	2.548	2.506	2.541	50566	129988.08
2012/02/15	2.531	2.586	2.531	2.576	96398	250399.03
2012/02/16	2.585	2.590	2.561	2.562	182066	477477.09
2012/02/17	2.761	2.761	2.556	2.563	79410	207112.95
2012/02/20	2.611	2.611	2.580	2.584	146073	384538.41
2012/02/21	2.574	2.597	2.556	2.582	133800	350126.00
2012/02/22	2.596	2.681	2.596	2.681	286950	768920.50
2012/02/23	2.676	2.811	2.651	2.681	796440	2190359.75
2012/02/24	2.653	2.709	2.652	2.699	344412	937015.88
2012/02/27	2.711	2.763	2.711	2.728	167200	464258.22
2012/02/28	2.728	2.728	2.681	2.711	271031	742331.31
2012/02/29	2.693	2.693	2.676	2.676	35132	95549.17
2012/03/01	2.678	2.690	2.663	2.680	126100	342121.50
2012/03/02	2.690	2.750	2.689	2.741	266378	733875.25
2012/03/05	2.831	2.831	2.723	2.728	334060	934696.63
2012/03/06	2.713	2.713	2.686	2.688	89566	244984.31
2012/03/07	2.653	2.759	2.653	2.676	175886	476381.69
2012/03/08	2.681	2.711	2.681	2.696	216269	593346.31
2012/03/09	2.703	2.739	2.703	2.738	62358	171926.14
2012/03/12	2.740	2.761	2.729	2.751	75117	208830.50
2012/03/13	2.760	2.781	2.755	2.779	49860	140267.78
2012/03/14	2.791	2.810	2.679	2.680	226791	632311.25
2012/03/15	2.681	2.684	2.624	2.667	198107	535060.69
2012/03/16	2.655	2.713	2.655	2.708	116080	317454.44
2012/03/19	2.749	2.749	2.711	2.722	23800	65738.00
2012/03/20	2.706	2.722	2.679	2.722	71900	196310.80
2012/03/21	2.681	2.693	2.677	2.678	129579	352255.56
2012/03/22	2.694	2.697	2.694	2.696	25000	68365.00
2012/03/23	2.667	2.667	2.644	2.656	74500	201012.09
2012/03/26	2.622	2.661	2.622	2.626	4866	12953.73
2012/03/27	2.624	2.675	2.624	2.636	34000	90704.90
2012/03/28	2.586	2.594	2.531	2.531	145100	377673.81
2012/03/29	2.371	2.678	2.371	2.516	36400	92530.80
2012/03/30	2.549	2.549	2.467	2.500	67200	169034.41
2012/04/05	2.608	2.608	2.481	2.550	200066	515683.31
2012/04/06	2.560	2.560	2.519	2.559	53600	139020.30
2012/04/09	2.528	2.556	2.524	2.541	16400	42097.50
2012/04/10	2.505	2.576	2.500	2.575	41292	106549.80
2012/04/11	2.529	2.578	2.529	2.539	314018	809976.81
2012/04/12	2.569	2.607	2.554	2.606	1541016	4026483.00
2012/04/13	2.604	2.635	2.604	2.629	273620	728346.38
2012/04/16	2.619	2.644	2.619	2.620	349031	930062.06
2012/04/17	2.621	2.640	2.603	2.603	31767	84312.02
2012/04/18	2.603	2.656	2.596	2.643	430344	1152915.00
2012/04/19	2.642	2.664	2.642	2.661	342991	923742.13
2012/04/20	2.721	2.721	2.639	2.686	73387	198658.59
2012/04/23	2.667	2.691	2.660	2.673	94944	258007.05
2012/04/24	2.642	2.707	2.463	2.650	75401	192450.20
2012/04/25	2.650	2.681	2.628	2.661	91106	245333.00
2012/04/26	2.629	2.701	2.629	2.681	60152	162748.84
2012/04/27	2.690	2.690	2.673	2.674	45900	124826.10
2012/05/02	2.641	2.727	2.619	2.681	87499	237114.70
2012/05/03	2.689	2.711	2.626	2.711	98532	269697.50
2012/05/04	2.701	2.730	2.701	2.730	130512	359379.25
2012/05/07	2.718	2.749	2.718	2.747	268599	743814.00
2012/05/08	2.737	2.754	2.736	2.750	107000	298207.50
2012/05/09	2.711	2.711	2.694	2.699	67266	184340.41
2012/05/10	2.699	2.704	2.686	2.699	14100	38571.50
2012/05/11	2.691	2.691	2.685	2.685	51373	140240.92
2012/05/14	2.691	2.699	2.681	2.681	132400	361748.00
2012/05/15	2.611	2.661	2.611	2.650	131159	351049.72
2012/05/16	2.641	2.651	2.626	2.627	242122	649256.56
2012/05/17	2.618	2.670	2.618	2.670	49284	132440.72
2012/05/18	2.639	2.639	2.622	2.627	67815	180717.31
2012/05/21	2.599	2.641	2.587	2.611	72423	192239.67
2012/05/22	2.637	2.660	2.591	2.660	51800	138094.70
2012/05/23	2.652	2.656	2.620	2.620	32699	87805.41
2012/05/24	2.615	2.655	2.613	2.632	40811	108827.09
2012/05/25	2.609	2.634	2.601	2.601	17766	46982.84
2012/05/28	2.521	2.761	2.521	2.711	214200	568578.19
2012/05/29	2.680	2.700	2.661	2.682	86487	234824.89
2012/05/30	2.661	2.679	2.661	2.679	51066	138365.91
2012/05/31	2.679	2.683	2.667	2.669	133867	363587.16
2012/06/01	2.730	2.730	2.668	2.668	105700	286611.91
2012/06/04	2.586	2.663	2.569	2.609	344754	912527.69
2012/06/05	2.570	2.614	2.570	2.605	44300	117277.00
2012/06/06	2.564	2.603	2.564	2.597	26600	69688.20
2012/06/07	2.580	2.580	2.561	2.567	13566	35445.75
2012/06/08	2.521	2.573	2.521	2.561	186031	481833.06
2012/06/11	2.481	2.590	2.481	2.589	74100	193398.30
2012/06/12	2.575	2.580	2.532	2.554	44000	114170.00
2012/06/13	2.601	2.612	2.573	2.604	112577	297252.88
2012/06/14	2.601	2.613	2.601	2.613	900	2377.20
2012/06/15	2.562	2.611	2.562	2.611	34400	89632.10
2012/06/18	2.570	2.612	2.570	2.612	56177	148747.55
2012/06/19	2.600	2.600	2.600	2.600	600	1583.40
2012/06/20	2.581	2.581	2.562	2.580	75161	196821.42
2012/06/21	2.496	2.548	2.492	2.548	7613	19439.71
2012/06/25	2.541	2.541	2.484	2.513	26633	67853.62
2012/06/26	2.511	2.511	2.442	2.471	108306	271276.22
2012/06/27	2.493	2.493	2.451	2.463	75193	188447.44
2012/06/28	2.442	2.448	2.411	2.422	238577	586684.31
2012/06/29	2.430	2.440	2.378	2.440	98053	241177.44
2012/07/02	2.431	2.479	2.431	2.458	80106	200262.28
2012/07/03	2.450	2.490	2.450	2.473	67048	168889.83
2012/07/04	2.473	2.473	2.443	2.463	45142	112550.81
2012/07/05	2.441	2.446	2.397	2.424	76675	188586.39
2012/07/06	2.431	2.461	2.387	2.461	103475	254375.83
2012/07/09	2.411	2.417	2.401	2.401	35032	85716.63
2012/07/10	2.415	2.415	2.364	2.388	29500	71672.10
2012/07/11	2.384	2.405	2.383	2.384	47627	115665.80
2012/07/12	2.406	2.441	2.401	2.412	39020	95665.64
2012/07/13	2.322	2.432	2.322	2.416	118137	288985.81
2012/07/16	2.375	2.416	2.353	2.353	62912	151173.91
2012/07/17	2.344	2.371	2.344	2.367	40300	96966.53
2012/07/18	2.344	2.399	2.328	2.399	52765	127201.48
2012/07/19	2.391	2.448	2.391	2.438	129708	320550.25
2012/07/20	2.437	2.660	2.363	2.559	293762	740344.19
2012/07/23	2.491	2.491	2.362	2.376	340162	831126.88
2012/07/24	2.423	2.519	2.322	2.450	406166	988302.88
2012/07/25	2.390	2.438	2.380	2.411	74366	181553.75
2012/07/26	2.424	2.424	2.341	2.382	110366	265499.38
2012/07/27	2.400	2.400	2.355	2.358	46700	112487.80
2012/07/30	2.399	2.399	2.332	2.332	29133	69686.84
2012/07/31	2.370	2.370	2.296	2.327	18000	42626.60
2012/08/01	2.386	2.386	2.280	2.354	54500	129054.80
2012/08/02	2.291	2.326	2.291	2.292	37529	87694.03
2012/08/03	2.327	2.343	2.296	2.343	52726	125139.88
2012/08/06	2.295	2.390	2.295	2.378	84890	204798.92
2012/08/07	2.400	2.400	2.400	2.400	100	243.90
2012/08/08	2.398	2.409	2.354	2.391	29800	72153.30
2012/08/09	2.362	2.425	2.362	2.411	131061	320595.63
2012/08/10	2.412	2.459	2.394	2.410	37266	91278.38
2012/08/13	2.383	2.448	2.383	2.383	12300	29811.40
2012/08/14	2.326	2.390	2.326	2.383	9500	22944.20
2012/08/15	2.338	2.340	2.338	2.340	3026	7193.25
2012/08/16	2.391	2.458	2.320	2.320	2000	4936.70
2012/08/17	2.320	2.321	2.320	2.321	3300	7787.00
2012/08/20	2.370	2.370	2.258	2.350	12699	30041.75
2012/08/21	2.350	2.404	2.350	2.403	21000	50794.69
2012/08/22	2.311	2.402	2.311	2.402	11000	26104.85
2012/08/23	2.250	2.461	2.250	2.434	14252	34490.30
2012/08/24	2.331	2.431	2.331	2.379	56732	137818.88
2012/08/27	2.351	2.360	2.253	2.274	31266	73805.83
2012/08/28	2.291	2.291	2.268	2.291	68332	158658.86
2012/08/29	2.229	2.360	2.191	2.225	80632	183145.69
2012/08/30	2.231	2.294	2.202	2.294	138323	313001.13
2012/08/31	2.249	2.249	2.249	2.249	3700	8465.60
2012/09/03	2.261	2.261	2.261	2.261	547	1258.10
2012/09/04	2.262	2.262	2.261	2.261	56884	130888.38
2012/09/05	2.191	2.216	2.191	2.216	4833	10845.92
2012/09/06	2.217	2.323	2.217	2.233	12466	28406.00
2012/09/07	2.329	2.390	2.321	2.341	102244	244134.13
2012/09/10	2.390	2.390	2.311	2.367	26500	62932.10
2012/09/11	2.298	2.309	2.298	2.309	3500	8196.00
2012/09/12	2.310	2.384	2.310	2.384	66020	156381.13
2012/09/13	2.350	2.380	2.341	2.341	38700	92558.70
2012/09/14	2.324	2.346	2.324	2.346	21765	51518.70
2012/09/17	2.273	2.280	2.273	2.278	72900	168674.70
2012/09/18	2.241	2.270	2.241	2.262	38415	87798.81
2012/09/19	2.251	2.262	2.247	2.247	11500	26327.10
2012/09/20	2.247	2.247	2.220	2.245	30100	68496.15
2012/09/21	2.216	2.293	2.192	2.211	28283	63803.61
2012/09/24	2.191	2.290	2.183	2.191	17630	39629.15
2012/09/25	2.191	2.191	2.191	2.191	0	0.00
2012/09/26	2.184	2.184	2.184	2.184	4600	10225.80
2012/09/27	2.184	2.241	2.162	2.241	4320	9769.88
2012/09/28	2.230	2.241	2.230	2.241	15535	35303.40
2012/10/08	2.241	2.261	2.241	2.261	17100	39008.00
2012/10/09	2.320	2.320	2.318	2.318	6200	14619.40
2012/10/10	2.294	2.351	2.238	2.346	128062	297917.38
2012/10/11	2.291	2.319	2.291	2.292	23300	54296.10
2012/10/12	2.269	2.269	2.267	2.269	6900	15922.40
2012/10/15	2.235	2.280	2.235	2.280	5500	12517.90
2012/10/16	2.253	2.280	2.253	2.280	9200	21259.20
2012/10/17	2.291	2.291	2.291	2.291	100	233.00
2012/10/18	2.290	2.302	2.286	2.302	147666	344067.19
2012/10/19	2.281	2.302	2.281	2.290	174900	408505.00
2012/10/22	2.252	2.347	2.252	2.347	502751	1183824.25
2012/10/23	2.345	2.358	2.279	2.290	44472	104838.19
2012/10/24	2.352	2.352	2.308	2.309	17600	41339.40
2012/10/25	2.312	2.312	2.301	2.301	17406	40866.51
2012/10/26	2.266	2.273	2.256	2.267	42099	97091.60
2012/10/29	2.171	2.281	2.171	2.271	16766	38400.29
2012/10/30	2.261	2.277	2.261	2.277	15000	34660.00
2012/10/31	2.251	2.278	2.242	2.278	25299	58112.92
2012/11/01	2.269	2.338	2.266	2.309	501900	1165855.25
2012/11/02	2.282	2.308	2.241	2.282	72472	167311.77
2012/11/05	2.281	2.281	2.251	2.252	18873	43334.54
2012/11/06	2.224	2.270	2.219	2.241	20060	45709.98
2012/11/07	2.241	2.275	2.231	2.257	173700	397721.94
2012/11/08	2.216	2.255	2.216	2.221	4820	10915.20
2012/11/09	2.216	2.233	2.216	2.216	4600	10388.30
2012/11/12	2.236	2.236	2.221	2.221	11235	25446.60
2012/11/13	2.211	2.211	2.186	2.187	19599	43813.98
2012/11/14	2.180	2.196	2.180	2.196	2300	5124.50
2012/11/15	2.163	2.163	2.163	2.163	2400	5284.80
2012/11/16	2.114	2.163	2.055	2.151	54100	116293.60
2012/11/19	2.133	2.139	2.064	2.139	43553	94279.53
2012/11/20	2.150	2.150	2.150	2.150	20900	45750.10
2012/11/21	2.149	2.168	2.121	2.167	38816	84976.06
2012/11/22	2.149	2.161	2.132	2.153	256300	560312.13
2012/11/23	2.153	2.171	2.141	2.150	65500	143745.41
2012/11/26	2.178	2.178	2.174	2.174	18700	41423.10
2012/11/27	2.145	2.145	2.071	2.098	20800	44561.30
2012/11/28	2.062	2.076	2.051	2.051	41900	87887.75
2012/11/29	2.033	2.058	2.033	2.058	14818	30822.24
2012/11/30	2.078	2.078	2.068	2.068	17300	36614.10
2012/12/03	2.091	2.091	1.979	2.013	22933	46755.71
2012/12/04	2.009	2.018	1.981	1.982	90648	184791.22
2012/12/05	1.861	2.126	1.861	2.121	640148	1378436.25
2012/12/06	2.062	2.100	2.062	2.097	90720	192304.13
2012/12/07	2.091	2.134	2.091	2.107	85420	183528.98
2012/12/10	2.114	2.171	2.114	2.171	93849	206079.08
2012/12/11	2.171	2.180	2.137	2.137	36099	79425.42
2012/12/12	2.141	2.141	2.129	2.131	61661	133885.19
2012/12/13	2.116	2.151	2.109	2.113	6215788	13602707.00
2012/12/14	2.173	2.231	2.133	2.230	1279258	2891743.50
2012/12/17	2.249	2.250	2.249	2.250	87421	200104.81
2012/12/18	2.141	2.250	2.140	2.246	15500	34998.10
2012/12/19	2.241	2.241	2.212	2.219	14100	31954.60
2012/12/20	2.201	2.237	2.201	2.235	25400	57247.70
2012/12/21	2.244	2.259	2.216	2.231	54455	123719.05
2012/12/24	2.241	2.241	2.208	2.235	45267	102613.38
2012/12/25	2.203	2.281	2.203	2.281	446978	1022194.88
2012/12/26	2.276	2.291	2.192	2.291	319880	737714.69
2012/12/27	2.291	2.306	2.244	2.284	80470	185960.09
2012/12/28	2.253	2.291	2.253	2.288	254110	589306.94
2012/12/31	2.274	2.358	2.274	2.358	174317	413857.50
2013/01/04	2.311	2.359	2.311	2.354	217471	514897.06
2013/01/07	2.194	2.353	2.194	2.351	150191	356370.56
2013/01/08	2.357	2.357	2.319	2.350	56900	135844.91
2013/01/09	2.356	2.411	2.351	2.351	171447	412205.94
2013/01/10	2.321	2.381	2.321	2.376	21400	51349.10
2013/01/11	2.381	2.381	2.321	2.340	113200	269246.50
2013/01/14	2.304	2.410	2.299	2.407	91973	221346.89
2013/01/15	2.407	2.462	2.407	2.462	401469	993415.06
2013/01/16	2.507	2.507	2.439	2.442	267449	665524.13
2013/01/17	2.443	2.511	2.422	2.442	124300	312114.28
2013/01/18	2.430	2.509	2.430	2.484	73100	184915.20
2013/01/21	2.463	2.489	2.463	2.487	32278	81252.55
2013/01/22	2.452	2.481	2.452	2.466	331599	832156.00
2013/01/23	2.446	2.461	2.413	2.461	132005	328469.72
2013/01/24	2.466	2.471	2.391	2.399	45760	114009.10
2013/01/25	2.421	2.451	2.381	2.451	530793	1287449.63
2013/01/28	2.441	2.498	2.363	2.498	968565	2413428.00
2013/01/29	2.506	2.507	2.449	2.506	942131	2365065.50
2013/01/30	2.457	2.506	2.457	2.506	1107099	2800814.00
2013/01/31	2.448	2.492	2.448	2.468	18000	45186.60
2013/02/01	2.481	2.520	2.469	2.519	229291	582728.50
2013/02/04	2.530	2.540	2.452	2.510	210430	536162.00
2013/02/05	2.448	2.535	2.436	2.534	182079	461499.66
2013/02/06	2.502	2.541	2.502	2.521	132091	338629.50
2013/02/07	2.528	2.528	2.514	2.524	169400	433775.69
2013/02/08	2.526	2.581	2.526	2.580	263026	682290.06
2013/02/18	2.587	2.590	2.547	2.576	166796	435376.69
2013/02/19	2.532	2.590	2.532	2.546	151443	392866.06
2013/02/20	2.542	2.562	2.542	2.562	51581	133815.86
2013/02/21	2.515	2.551	2.515	2.541	103010	265212.19
2013/02/22	2.531	2.531	2.472	2.501	35300	90136.00
2013/02/25	2.471	2.505	2.471	2.505	58281	146461.73
2013/02/26	2.545	2.545	2.462	2.471	33195	84389.90
2013/02/27	2.499	2.499	2.443	2.498	50453	125816.48
2013/02/28	2.454	2.551	2.454	2.551	398296	1016894.13
2013/03/01	2.548	2.555	2.513	2.554	120112	308396.22
2013/03/04	2.468	2.534	2.407	2.407	66914	168171.86
2013/03/05	2.499	2.500	2.462	2.479	15820	39931.64
2013/03/06	2.484	2.535	2.484	2.535	121358	311184.03
2013/03/07	2.522	2.522	2.482	2.494	60397	153887.59
2013/03/08	2.461	2.510	2.461	2.509	9373	23566.60
2013/03/11	2.468	2.498	2.468	2.496	16666	42035.12
2013/03/12	2.485	2.486	2.408	2.449	91250	225981.58
2013/03/13	2.368	2.422	2.368	2.417	62866	152833.14
2013/03/14	2.381	2.449	2.381	2.449	193034	475802.00
2013/03/15	2.360	2.479	2.360	2.429	37997	93317.09
2013/03/18	2.357	2.443	2.357	2.429	78500	190005.30
2013/03/19	2.342	2.428	2.342	2.427	43600	106571.50
2013/03/20	2.427	2.479	2.427	2.479	63011	157361.44
2013/03/21	2.496	2.501	2.468	2.491	91873	231370.09
2013/03/22	2.461	2.501	2.461	2.501	16900	42442.00
2013/03/25	2.491	2.521	2.461	2.521	184173	467337.88
2013/03/26	2.509	2.509	2.509	2.509	200	509.60
2013/03/27	2.509	2.511	2.509	2.511	10100	25754.80
2013/03/28	2.344	2.521	2.344	2.416	36767	89667.05
2013/03/29	2.544	2.544	2.372	2.461	3700	9294.20
2013/04/01	2.461	2.508	2.391	2.502	19466	47636.58
2013/04/02	2.418	2.499	2.402	2.411	35199	86511.56
2013/04/03	2.402	2.449	2.351	2.369	695610	1702011.50
2013/04/08	2.364	2.406	2.364	2.406	11400	27609.70
2013/04/09	2.348	2.506	2.348	2.422	9200	22437.60
2013/04/10	2.460	2.460	2.379	2.410	670300	1641519.88
2013/04/11	2.455	2.455	2.374	2.391	49805	121085.35
2013/04/12	2.437	2.437	2.391	2.391	12203	29657.89
2013/04/15	2.357	2.380	2.357	2.380	2100	5033.90
2013/04/16	2.346	2.346	2.341	2.345	2100	5008.00
2013/04/17	2.361	2.361	2.345	2.345	47461	113862.67
2013/04/18	2.381	2.421	2.376	2.415	12306	29818.12
2013/04/19	2.386	2.459	2.386	2.459	68893	170571.88
2013/04/22	2.404	2.422	2.404	2.422	20306	49708.63
2013/04/23	2.411	2.411	2.366	2.371	59789	144797.88
2013/04/24	2.352	2.460	2.352	2.458	2800	6985.40
2013/04/25	2.458	2.458	2.411	2.412	18363	45123.45
2013/04/26	2.412	2.412	2.412	2.412	0	0.00
2013/05/02	2.340	2.340	2.340	2.340	700	1665.30
2013/05/03	2.440	2.441	2.382	2.401	23500	57828.90
2013/05/06	2.392	2.640	2.392	2.411	90777	224416.31
2013/05/07	2.457	2.457	2.431	2.457	11193	27932.53
2013/05/08	2.457	2.555	2.416	2.491	22593	58261.52
2013/05/09	2.425	2.490	2.405	2.405	30526	74813.27
2013/05/10	2.500	2.500	2.393	2.439	16100	39861.00
2013/05/13	2.499	2.539	2.397	2.484	53105	133264.34
2013/05/14	2.454	2.509	2.424	2.502	12273	30866.38
2013/05/15	2.465	2.466	2.444	2.466	26466	66179.58
2013/05/16	2.432	2.517	2.432	2.471	77824	197571.20
2013/05/17	2.546	2.601	2.492	2.573	194750	506638.41
2013/05/20	2.661	2.679	2.559	2.594	652800	1730224.25
2013/05/21	2.574	2.600	2.526	2.586	144940	379372.41
2013/05/22	2.537	2.610	2.517	2.584	202331	524655.31
2013/05/23	2.542	2.582	2.541	2.541	193656	503591.91
2013/05/24	2.540	2.571	2.540	2.569	63758	165019.05
2013/05/27	2.581	2.591	2.550	2.583	146185	382003.91
2013/05/28	2.551	2.656	2.541	2.646	412884	1086162.50
2013/05/29	2.587	2.641	2.587	2.641	93304	247867.22
2013/05/30	2.621	2.646	2.621	2.641	133894	357888.75
2013/05/31	2.641	2.679	2.630	2.630	275600	743738.88
2013/06/03	2.661	2.683	2.561	2.563	101353	265778.41
2013/06/04	2.512	2.598	2.511	2.537	94084	243675.34
2013/06/05	2.532	2.551	2.532	2.536	44766	115631.74
2013/06/06	2.516	2.550	2.516	2.517	33399	85781.02
2013/06/07	2.560	2.576	2.471	2.505	9865	25060.65
2013/06/13	2.432	2.560	2.364	2.423	108100	267006.50
2013/06/14	2.396	2.450	2.396	2.450	55100	134443.91
2013/06/17	2.362	2.475	2.362	2.399	89677	218709.34
2013/06/18	2.399	2.471	2.399	2.471	295220	724891.63
2013/06/19	2.471	2.471	2.409	2.411	3600	8897.60
2013/06/20	2.404	2.470	2.404	2.440	7200	17980.30
2013/06/21	2.411	2.424	2.341	2.424	33968	81111.84
2013/06/24	2.326	2.421	2.261	2.410	77800	184127.30
2013/06/25	2.396	2.396	2.165	2.351	224620	498263.59
2013/06/26	2.316	2.316	2.119	2.300	106410	242228.77
2013/06/27	2.300	2.381	2.212	2.241	52620	123038.30
2013/06/28	2.336	2.336	2.261	2.301	26100	60980.00
2013/07/01	2.321	2.321	2.235	2.241	7299	16784.43
2013/07/02	2.275	2.275	2.224	2.224	13300	30179.50
2013/07/03	2.252	2.322	2.251	2.261	35300	81183.70
2013/07/04	2.151	2.309	2.151	2.267	29486	67869.94
2013/07/05	2.300	2.350	2.300	2.341	20610	48514.20
2013/07/08	2.341	2.341	2.219	2.329	17600	40590.60
2013/07/09	2.191	2.329	2.191	2.311	17772	40787.11
2013/07/10	2.261	2.311	2.227	2.311	13300	30605.20
2013/07/11	2.325	2.411	2.280	2.401	157483	375638.78
2013/07/12	2.391	2.398	2.341	2.341	25434	61870.93
2013/07/15	2.311	2.399	2.311	2.386	13900	33128.00
2013/07/16	2.329	2.381	2.329	2.380	54331	129239.54
2013/07/17	2.331	2.357	2.314	2.314	26166	62478.34
2013/07/18	2.328	2.352	2.291	2.340	10600	25053.10
2013/07/19	2.301	2.346	2.241	2.291	40233	94111.54
2013/07/22	2.246	2.266	2.246	2.266	3933	9063.17
2013/07/23	2.267	2.348	2.267	2.345	77730	184492.41
2013/07/24	2.347	2.350	2.301	2.301	51966	123386.94
2013/07/25	2.320	2.321	2.307	2.309	8399	19754.42
2013/07/26	2.300	2.340	2.296	2.340	46600	108990.20
2013/07/29	2.249	2.304	2.249	2.304	5566	12740.51
2013/07/30	2.233	2.309	2.233	2.309	9267	21427.30
2013/07/31	2.237	2.333	2.237	2.333	1100	2599.60
2013/08/01	2.333	2.340	2.281	2.339	118400	277952.06
2013/08/02	2.339	2.384	2.329	2.338	139900	333890.81
2013/08/05	2.361	2.379	2.347	2.347	38400	92631.60
2013/08/06	2.282	2.398	2.282	2.385	84720	202070.69
2013/08/07	2.401	2.401	2.352	2.400	143336	346314.69
2013/08/08	2.343	2.409	2.343	2.409	208366	507492.94
2013/08/09	2.406	2.418	2.373	2.374	18602	45338.88
2013/08/12	2.436	2.436	2.390	2.431	21640	53161.30
2013/08/13	2.424	2.511	2.424	2.479	152522	385915.19
2013/08/14	2.481	2.539	2.479	2.525	174400	441440.88
2013/08/15	2.462	2.538	2.462	2.467	57302	143843.11
2013/08/16	2.452	2.514	2.312	2.452	229912	567528.13
2013/08/19	2.436	2.436	2.375	2.411	42200	102951.80
2013/08/20	2.393	2.420	2.372	2.373	31600	77224.90
2013/08/21	2.377	2.411	2.377	2.390	103700	251276.09
2013/08/22	2.353	2.431	2.353	2.431	47720	117145.48
2013/08/23	2.431	2.438	2.376	2.430	61900	152446.70
2013/08/26	2.468	2.468	2.411	2.451	37132	91815.39
2013/08/27	2.451	2.467	2.441	2.464	148872	372030.28
2013/08/28	2.421	2.491	2.411	2.481	116211	291848.72
2013/08/29	2.452	2.488	2.436	2.447	62731	157815.55
2013/08/30	2.462	2.490	2.461	2.485	19101	47874.20
2013/09/02	2.441	2.491	2.438	2.461	16200	40470.10
2013/09/03	2.481	2.485	2.474	2.484	51100	128739.80
2013/09/04	2.476	2.501	2.476	2.490	88747	224772.11
2013/09/05	2.490	2.503	2.490	2.501	10500	26653.60
2013/09/06	2.502	2.531	2.494	2.524	124012	315761.75
2013/09/09	2.493	2.561	2.493	2.561	470564	1221919.38
2013/09/10	2.561	2.592	2.561	2.589	105633	276417.50
2013/09/11	2.576	2.597	2.576	2.596	182274	477709.44
2013/09/12	2.571	2.613	2.571	2.613	275352	724905.69
2013/09/13	2.546	2.649	2.546	2.646	875005	2319622.25
2013/09/16	2.614	2.657	2.597	2.623	76365	202674.61
2013/09/17	2.640	2.641	2.587	2.587	11515	30408.98
2013/09/18	2.526	2.587	2.526	2.587	11466	29504.09
2013/09/23	2.576	2.660	2.576	2.645	54344	142495.06
2013/09/24	2.611	2.683	2.611	2.643	222044	597695.50
2013/09/25	2.647	2.647	2.613	2.640	34138	90741.15
2013/09/26	2.562	2.635	2.562	2.635	14100	36882.60
2013/09/27	2.628	2.628	2.561	2.601	84308	219939.47
2013/09/30	2.578	2.629	2.578	2.624	11833	31295.05
2013/10/08	2.620	2.659	2.618	2.659	61609	164077.08
2013/10/09	2.641	2.681	2.624	2.632	151132	406131.03
2013/10/10	2.641	2.669	2.627	2.661	81252	217604.94
2013/10/11	2.636	2.681	2.636	2.677	109585	297129.50
2013/10/14	2.691	2.712	2.622	2.681	287101	784296.94
2013/10/15	2.661	2.700	2.656	2.680	79532	216200.61
2013/10/16	2.669	2.672	2.622	2.622	93555	250474.42
2013/10/17	2.622	2.631	2.610	2.622	17600	46775.20
2013/10/18	2.603	2.627	2.561	2.614	151406	398299.34
2013/10/21	2.629	2.686	2.617	2.683	180473	485333.97
2013/10/22	2.641	2.689	2.636	2.638	25409	68482.27
2013/10/23	2.649	2.650	2.585	2.608	150107	397839.44
2013/10/24	2.561	2.594	2.559	2.586	17033	44409.96
2013/10/25	2.568	2.574	2.493	2.493	42870	110290.14
2013/10/28	2.493	2.493	2.493	2.493	13699	34685.87
2013/10/29	2.537	2.537	2.398	2.421	92349	229275.67
2013/10/30	2.476	2.491	2.451	2.491	105475	264949.78
2013/10/31	2.511	2.539	2.439	2.530	102000	255510.00
2013/11/01	2.480	2.527	2.479	2.527	63300	159702.20
2013/11/04	2.526	2.526	2.526	2.526	100	256.50
2013/11/05	2.426	2.544	2.426	2.508	65473	166366.36
2013/11/06	2.491	2.531	2.446	2.506	97288	248735.56
2013/11/07	2.491	2.501	2.485	2.496	117461	297366.97
2013/11/08	2.511	2.511	2.511	2.511	600	1530.00
2013/11/11	2.415	2.495	2.415	2.490	2967	7404.02
2013/11/12	2.447	2.511	2.447	2.506	57322	144953.09
2013/11/13	2.509	2.509	2.440	2.442	23766	59541.31
2013/11/14	2.446	2.490	2.441	2.489	32766	81994.01
2013/11/15	2.416	2.541	2.416	2.541	21200	54457.70
2013/11/18	2.531	2.601	2.531	2.601	79406	208452.03
2013/11/19	2.529	2.601	2.525	2.601	42266	109421.32
2013/11/20	2.591	2.661	2.585	2.627	56876	150561.30
2013/11/21	2.613	2.651	2.579	2.651	53300	140964.41
2013/11/22	2.627	2.627	2.572	2.612	7140	18896.14
2013/11/25	2.610	2.616	2.610	2.612	5500	14578.97
2013/11/26	2.550	2.631	2.550	2.620	18366	47807.16
2013/11/27	2.568	2.658	2.568	2.621	17700	46993.70
2013/11/28	2.621	2.659	2.621	2.641	685034	1847842.63
2013/11/29	2.641	2.656	2.641	2.656	29900	80337.00
2013/12/02	2.661	2.661	2.485	2.523	83864	216701.81
2013/12/03	2.524	2.640	2.524	2.635	752417	1950742.13
2013/12/04	2.615	2.701	2.615	2.691	103389	281300.94
2013/12/05	2.651	2.709	2.651	2.702	53526	146579.00
2013/12/06	2.634	2.718	2.633	2.691	55732	150398.97
2013/12/09	2.650	2.695	2.650	2.695	89600	243877.70
2013/12/10	2.713	2.713	2.661	2.711	26908	73446.70
2013/12/11	2.710	2.710	2.632	2.691	36705	99091.34
2013/12/12	2.613	2.696	2.613	2.696	2400	6476.10
2013/12/13	2.642	2.696	2.642	2.696	4726	12675.81
2013/12/16	2.696	2.810	2.652	2.654	813256	2188673.75
2013/12/17	2.611	2.632	2.611	2.612	129400	345101.19
2013/12/18	2.596	2.861	2.542	2.639	47473	134278.19
2013/12/19	2.575	2.655	2.575	2.581	5600	14698.00
2013/12/20	2.542	2.660	2.540	2.660	37400	96504.70
2013/12/23	2.581	2.639	2.463	2.638	2200	5708.30
2013/12/24	2.513	2.611	2.513	2.571	9366	24132.23
2013/12/25	2.616	2.616	2.578	2.616	3000	7930.80
2013/12/26	2.529	2.640	2.529	2.531	3993	10417.41
2013/12/27	2.540	2.649	2.528	2.649	687759	1768126.75
2013/12/30	2.559	2.648	2.559	2.618	33825	88324.90
2013/12/31	2.631	2.631	2.631	2.631	700	1869.00
2014/01/02	2.561	2.611	2.528	2.611	11200	29345.70
2014/01/03	2.529	2.652	2.528	2.604	204559	526275.56
2014/01/06	2.534	2.611	2.491	2.522	57800	148171.98
2014/01/07	2.502	2.547	2.497	2.501	73300	186188.80
2014/01/08	2.414	2.601	2.414	2.571	7020	18217.20
2014/01/09	2.571	2.588	2.461	2.588	22829	59471.16
2014/01/10	2.541	2.580	2.462	2.482	30200	75890.70
2014/01/13	2.461	2.482	2.384	2.461	4930099	12324596.00
2014/01/14	2.451	2.460	2.411	2.460	4970733	12229011.00
2014/01/15	2.461	2.481	2.461	2.471	300	753.00
2014/01/16	2.396	2.484	2.396	2.484	3529	8792.71
2014/01/17	2.391	2.486	2.391	2.486	500	1243.00
2014/01/20	2.367	2.491	2.367	2.436	34891	84595.49
2014/01/21	2.385	2.461	2.385	2.428	30127	74271.77
2014/01/22	2.461	2.507	2.461	2.507	2944491	7363541.00
2014/01/23	2.494	2.573	2.481	2.510	97600	247935.59
2014/01/24	2.463	2.520	2.463	2.510	79900	203071.59
2014/01/27	2.446	2.510	2.446	2.461	23033	57749.80
2014/01/28	2.494	2.500	2.494	2.500	33600	85165.80
2014/01/29	2.425	2.500	2.425	2.500	116744	293189.63
2014/01/30	2.441	2.486	2.441	2.461	19299	48154.50
2014/02/07	2.460	2.483	2.436	2.483	53477	134556.72
2014/02/10	2.520	2.608	2.501	2.601	209786	544878.88
2014/02/11	2.558	2.750	2.558	2.611	172259	452796.34
2014/02/12	2.636	2.636	2.553	2.596	156985	410507.59
2014/02/13	2.563	2.606	2.549	2.601	268113	706156.19
2014/02/14	2.566	2.606	2.555	2.604	71167	186994.27
2014/02/17	2.604	2.684	2.592	2.684	120221	320538.00
2014/02/18	2.685	2.685	2.625	2.662	208365	563253.00
2014/02/19	2.634	2.710	2.614	2.671	85700	232282.50
2014/02/20	2.660	2.660	2.616	2.658	65448	175114.11
2014/02/21	2.612	2.660	2.608	2.608	63999	169681.95
2014/02/24	2.556	2.609	2.505	2.609	82613	214830.58
2014/02/25	2.606	2.650	2.487	2.499	116386	300645.28
2014/02/26	2.499	2.508	2.456	2.503	64006	160989.42
2014/02/27	2.531	2.531	2.477	2.517	26667	67319.88
2014/02/28	2.451	2.480	2.451	2.477	56700	141889.80
2014/03/03	2.452	2.540	2.452	2.538	41800	106645.80
2014/03/04	2.526	2.535	2.495	2.495	16267	41691.48
2014/03/05	2.540	2.546	2.503	2.505	25970	66271.43
2014/03/06	2.452	2.474	2.452	2.474	7500	18828.50
2014/03/07	2.492	2.492	2.481	2.481	24202	61035.04
2014/03/10	2.476	2.499	2.381	2.381	72700	182778.41
2014/03/11	2.457	2.458	2.391	2.391	30700	76538.70
2014/03/12	2.373	2.391	2.373	2.391	11601	28093.23
2014/03/13	2.494	2.494	2.403	2.411	46366	114066.65
2014/03/14	2.426	2.430	2.411	2.411	49452	121973.29
2014/03/17	2.411	2.411	2.411	2.411	0	0.00
2014/03/18	2.493	2.493	2.442	2.493	700	1746.90
2014/03/19	2.493	2.493	2.492	2.492	900	2278.40
2014/03/20	2.441	2.443	2.441	2.443	853	2116.60
2014/03/21	2.490	2.490	2.490	2.490	700	1770.30
2014/03/24	2.447	2.560	2.447	2.560	2447	6094.54
2014/03/25	2.481	2.521	2.481	2.521	2773	7067.96
2014/03/26	2.473	2.550	2.472	2.472	10666	27095.53
2014/03/27	2.471	2.471	2.452	2.452	3827	9604.61
2014/03/28	2.392	2.421	2.391	2.411	74313	181475.59
2014/03/31	2.406	2.411	2.406	2.411	28849	70660.80
2014/04/01	2.396	2.431	2.396	2.431	9371	22955.06
2014/04/02	2.446	2.509	2.446	2.506	53989	134238.17
2014/04/03	2.506	2.506	2.506	2.506	0	0.00
2014/04/04	2.425	2.563	2.425	2.563	300	766.80
2014/04/08	2.560	2.560	2.441	2.521	53031	133882.48
2014/04/09	2.522	2.522	2.487	2.521	41400	105721.40
2014/04/10	2.520	2.561	2.520	2.561	26343	67802.94
2014/04/11	2.513	2.515	2.513	2.515	16100	41087.40
2014/04/14	2.511	2.511	2.511	2.511	2733	6969.15
2014/04/15	2.531	2.561	2.516	2.516	34740	89215.86
2014/04/16	2.493	2.493	2.493	2.493	3100	7849.20
2014/04/17	2.494	2.496	2.494	2.496	5966	15122.81
2014/04/18	2.515	2.520	2.485	2.520	23066	58954.89
2014/04/21	2.558	2.559	2.482	2.482	5100	13168.00
2014/04/22	2.516	2.516	2.461	2.462	14500	36333.50
2014/04/23	2.461	2.461	2.461	2.461	5466	13665.00
2014/04/24	2.479	2.479	2.436	2.436	4167	10424.13
2014/04/25	2.440	2.460	2.406	2.416	7900	19418.50
2014/04/28	2.396	2.396	2.324	2.324	19049	45375.49
2014/04/29	2.357	2.391	2.338	2.391	16463	39443.45
2014/04/30	2.461	2.461	2.362	2.441	2250	5501.65
2014/05/05	2.559	2.601	2.311	2.470	229870	563518.13
2014/05/06	2.393	2.517	2.393	2.393	205751	504310.91
2014/05/07	2.401	2.421	2.386	2.421	47097	114487.73
2014/05/08	2.334	2.540	2.334	2.401	56400	138020.91
2014/05/09	2.379	2.403	2.379	2.403	6700	16276.10
2014/05/12	2.371	2.513	2.371	2.442	23425	57099.07
2014/05/13	2.451	2.531	2.451	2.451	12700	32023.00
2014/05/14	2.450	2.450	2.450	2.450	6700	16676.30
2014/05/15	2.384	2.440	2.384	2.440	12100	29987.30
2014/05/16	2.361	2.430	2.361	2.430	27431	65841.30
2014/05/19	2.361	2.421	2.343	2.421	47500	113544.00
2014/05/20	2.411	2.411	2.351	2.352	8800	21216.70
2014/05/21	2.399	2.399	2.399	2.399	2000	4876.00
2014/05/22	2.399	2.399	2.399	2.399	0	0.00
2014/05/23	2.398	2.398	2.391	2.391	6200	15088.40
2014/05/26	2.362	2.422	2.362	2.422	5100	12251.10
2014/05/27	2.415	2.415	2.382	2.382	21031	51243.07
2014/05/28	2.405	2.416	2.405	2.415	38200	93734.80
2014/05/29	2.415	2.415	2.415	2.415	0	0.00
2014/05/30	2.411	2.411	2.357	2.357	1900	4557.80
2014/06/03	2.411	2.411	2.411	2.411	4800	11760.00
2014/06/04	2.353	2.411	2.353	2.411	2200	5311.00
2014/06/05	2.411	2.411	2.411	2.411	0	0.00
2014/06/06	2.411	2.411	2.411	2.411	0	0.00
2014/06/09	2.353	2.365	2.312	2.363	33300	79750.70
2014/06/10	2.381	2.407	2.381	2.382	37232	90605.67
2014/06/11	2.382	2.382	2.382	2.382	0	0.00
2014/06/12	2.420	2.433	2.420	2.430	375954	929204.31
2014/06/13	2.426	2.511	2.324	2.431	7500	18341.20
2014/06/16	2.410	2.441	2.407	2.440	123600	303910.19
2014/06/17	2.402	2.402	2.394	2.394	18532	45216.61
2014/06/18	2.394	2.420	2.372	2.387	22946	55866.01
2014/06/19	2.372	2.374	2.366	2.366	12000	28927.30
2014/06/20	2.366	2.366	2.366	2.366	0	0.00
2014/06/23	2.378	2.385	2.358	2.358	6914	16677.06
2014/06/24	2.376	2.511	2.371	2.511	663246	1602441.00
2014/06/25	2.441	2.481	2.378	2.481	37001	91629.91
2014/06/26	2.429	2.466	2.422	2.465	18700	46669.00
2014/06/27	2.469	2.481	2.387	2.471	136100	336542.06
2014/06/30	2.417	2.458	2.417	2.458	8465	20913.00
2014/07/01	2.460	2.461	2.460	2.461	11383	28446.32
2014/07/02	2.471	2.547	2.425	2.480	26100	65112.50
2014/07/03	2.456	2.489	2.453	2.486	54200	136264.09
2014/07/04	2.463	2.476	2.442	2.471	68100	170088.59
2014/07/07	2.456	2.471	2.456	2.471	70665	176764.89
2014/07/08	2.453	2.493	2.453	2.491	122863	308972.75
2014/07/09	2.491	2.491	2.466	2.467	54100	136593.09
2014/07/10	2.462	2.462	2.462	2.462	1000	2501.00
2014/07/11	2.474	2.546	2.474	2.475	11533	28992.46
2014/07/14	2.482	2.545	2.476	2.545	64499	164113.66
2014/07/15	2.547	2.547	2.501	2.501	10340	26277.20
2014/07/16	2.541	2.541	2.481	2.481	9501	24334.12
2014/07/17	2.496	2.501	2.492	2.501	32900	83392.80
2014/07/18	2.546	2.546	2.546	2.546	100	258.50
2014/07/21	2.546	2.546	2.546	2.546	0	0.00
2014/07/22	2.544	2.581	2.482	2.482	11600	29923.08
2014/07/23	2.496	2.531	2.496	2.517	19800	50688.60
2014/07/24	2.511	2.571	2.386	2.541	30604	78994.10
2014/07/25	2.441	2.650	2.441	2.551	173941	458750.50
2014/07/28	2.601	2.601	2.551	2.551	79220	207108.92
2014/07/29	2.552	2.618	2.552	2.611	70899	187264.27
2014/07/30	2.591	2.620	2.591	2.616	103423	274034.19
2014/07/31	2.615	2.641	2.592	2.623	111185	295495.84
2014/08/01	2.639	2.659	2.612	2.640	183017	490323.38
2014/08/04	2.639	2.641	2.639	2.639	32120	86021.76
2014/08/05	2.619	2.667	2.614	2.657	62400	167587.80
2014/08/06	2.657	2.657	2.631	2.649	54758	146518.81
2014/08/07	2.651	2.665	2.643	2.643	75812	204387.45
2014/08/08	2.631	2.655	2.631	2.655	27400	73332.60
2014/08/11	2.617	2.671	2.617	2.666	59609	160931.16
2014/08/12	2.672	2.681	2.652	2.681	73020	198219.70
2014/08/13	2.687	2.687	2.651	2.683	89800	243755.20
2014/08/14	2.659	2.684	2.658	2.658	43504	117676.23
2014/08/15	2.656	2.681	2.656	2.669	51404	139284.91
2014/08/18	2.680	2.702	2.680	2.697	81500	222705.70
2014/08/19	2.701	2.713	2.691	2.712	236965	650187.19
2014/08/20	2.702	2.713	2.702	2.705	102352	281218.50
2014/08/21	2.705	2.708	2.679	2.706	35633	97231.13
2014/08/22	2.692	2.700	2.692	2.700	70933	194263.63
2014/08/25	2.662	2.724	2.429	2.693	43973	119363.84
2014/08/26	2.683	2.743	2.683	2.701	431267	1195567.63
2014/08/27	2.669	2.701	2.669	2.683	44565	121325.00
2014/08/28	2.676	2.698	2.647	2.667	475700	1284899.38
2014/08/29	2.651	2.691	2.651	2.687	125387	341759.69
2014/09/01	2.709	2.721	2.709	2.712	19100	52488.00
2014/09/02	2.711	2.758	2.699	2.758	175732	485571.13
2014/09/03	2.756	2.781	2.750	2.776	169586	476096.75
2014/09/04	2.791	2.803	2.744	2.791	49966	140973.48
2014/09/05	2.776	2.840	2.776	2.817	121269	346039.06
2014/09/09	2.819	2.856	2.819	2.856	189152	544182.19
2014/09/10	2.851	2.856	2.815	2.856	42533	122887.81
2014/09/11	2.841	2.886	2.841	2.882	22300	64752.40
2014/09/12	2.861	2.882	2.861	2.882	27200	79052.03
2014/09/15	2.882	2.909	2.882	2.908	48553	142711.64
2014/09/16	2.882	2.911	2.794	2.871	40772	118806.50
2014/09/17	2.871	2.876	2.781	2.861	36900	106903.50
2014/09/18	2.845	2.895	2.841	2.893	17200	49731.40
2014/09/19	2.861	2.890	2.851	2.882	22977	66662.30
2014/09/22	2.811	2.824	2.811	2.824	8473	24249.85
2014/09/23	2.849	2.877	2.818	2.853	29300	84732.14
2014/09/24	2.824	2.930	2.823	2.911	240080	701025.06
2014/09/25	2.914	2.936	2.897	2.933	178054	526771.63
2014/09/26	2.919	2.937	2.901	2.936	51682	153153.97
2014/09/29	2.961	3.006	2.942	2.999	70549	213161.77
2014/09/30	3.001	3.023	2.968	3.017	472100	1437211.25
2014/10/08	2.999	3.023	2.963	3.011	49000	148675.41
2014/10/09	3.023	3.023	2.992	3.015	57931	176402.61
2014/10/10	2.991	3.021	2.991	3.016	44447	135583.16
2014/10/13	2.925	3.057	2.925	3.055	130813	401288.06
2014/10/14	3.013	3.061	3.013	3.039	114480	353706.53
2014/10/15	2.999	3.061	2.999	3.061	82499	254874.23
2014/10/16	3.022	3.031	3.021	3.031	23765	72801.46
2014/10/17	2.979	3.026	2.965	3.017	44099	133361.30
2014/10/20	2.981	3.003	2.981	2.987	16698	50616.94
2014/10/21	3.020	3.061	2.972	3.001	27900	85123.80
2014/10/22	2.971	3.005	2.862	3.005	26339	79075.14
2014/10/23	2.964	3.001	2.922	3.001	14433	43008.68
2014/10/24	2.881	2.991	2.881	2.991	6153	18174.80
2014/10/27	2.961	2.961	2.891	2.896	11740	34413.40
2014/10/28	2.950	2.950	2.950	2.950	2153	6435.32
2014/10/29	3.051	3.051	2.965	3.004	50439	151647.39
2014/10/30	3.021	3.043	2.992	3.043	50200	154087.00
2014/10/31	3.021	3.031	3.021	3.030	19599	60040.04
2014/11/03	3.060	3.079	3.060	3.066	172669	537516.88
2014/11/04	3.095	3.095	3.064	3.079	146992	457606.06
2014/11/05	3.079	3.080	3.065	3.079	41966	130661.98
2014/11/06	3.061	3.089	3.053	3.077	54496	169109.09
2014/11/07	3.068	3.077	3.068	3.076	53377	166254.11
2014/11/10	3.101	3.140	3.051	3.094	75571	237766.61
2014/11/11	3.082	3.100	3.061	3.067	74979	233682.95
2014/11/12	3.093	3.120	3.051	3.120	20513	64110.82
2014/11/13	3.082	3.090	3.073	3.075	15312	47754.74
2014/11/14	3.044	3.061	3.044	3.051	19600	60642.20
2014/11/17	3.086	3.160	3.026	3.062	84406	262967.25
2014/11/18	3.069	3.070	3.069	3.070	45124	140252.22
2014/11/19	3.088	3.149	3.088	3.148	231197	730792.25
2014/11/20	3.082	3.144	3.082	3.144	21333	67654.94
2014/11/21	3.094	3.181	3.094	3.181	87906	281995.63
2014/11/24	3.503	3.503	3.124	3.236	49600	162880.58
2014/11/25	3.238	3.328	3.149	3.328	52597	172796.06
2014/11/26	3.400	3.400	3.232	3.371	160791	543683.50
2014/11/27	3.431	3.431	3.293	3.293	58973	197617.69
2014/11/28	3.295	3.371	3.293	3.341	20214	67857.31
2014/12/01	3.360	3.386	3.263	3.373	105531	357914.19
2014/12/02	3.350	3.425	3.331	3.423	40833	139463.72
2014/12/03	3.451	3.571	3.381	3.571	162652	565827.13
2014/12/04	3.539	3.841	3.513	3.809	1114754	4232054.50
2014/12/05	3.802	4.021	3.597	3.761	1100509	4270242.00
2014/12/08	3.760	3.760	3.481	3.611	1048933	3838794.50
2014/12/09	3.521	3.631	3.496	3.499	678336	2441516.50
2014/12/10	3.498	3.561	3.331	3.553	460495	1614166.88
2014/12/11	3.588	3.588	3.432	3.537	320720	1148112.63
2014/12/12	3.561	3.603	3.525	3.525	221510	794432.63
2014/12/15	3.555	3.594	3.514	3.593	340176	1221642.25
2014/12/16	3.571	3.761	3.571	3.721	804806	2962305.50
2014/12/17	3.721	3.721	3.640	3.691	582889	2163176.75
2014/12/18	3.691	3.813	3.663	3.800	666696	2534049.25
2014/12/19	3.786	3.789	3.671	3.741	381685	1440483.38
2014/12/22	3.789	3.789	3.642	3.675	668655	2515870.25
2014/12/23	3.729	3.729	3.561	3.605	254142	947792.00
2014/12/24	3.570	3.688	3.442	3.682	895945	3304196.50
2014/12/25	3.561	3.811	3.561	3.679	179531	669752.69
2014/12/26	3.673	3.761	3.633	3.711	274252	1024565.88
2014/12/29	3.700	3.724	3.683	3.687	191167	715470.50
2014/12/30	3.687	3.699	3.672	3.686	63600	236333.00
2014/12/31	3.681	3.716	3.627	3.716	218180	813707.19
2015/01/05	3.695	3.811	3.695	3.791	183083	696881.50
2015/01/06	3.793	3.898	3.782	3.898	339149	1314639.25
2015/01/07	3.900	4.009	3.897	3.959	459496	1837027.50
2015/01/08	3.961	3.961	3.785	3.828	98866	382162.47
2015/01/09	3.764	3.903	3.761	3.801	144216	551560.50
2015/01/12	3.788	3.836	3.696	3.832	136986	522330.69
2015/01/13	3.631	3.861	3.631	3.855	15092800	57864060.00
2015/01/14	3.813	3.821	3.761	3.784	112000	430176.69
2015/01/15	3.855	3.855	3.764	3.810	14400	55093.80
2015/01/16	3.761	3.850	3.761	3.797	183399	705227.69
2015/01/19	3.775	3.803	3.502	3.596	263231	988163.19
2015/01/20	3.640	3.718	3.633	3.687	112889	420586.28
2015/01/21	3.690	3.797	3.690	3.796	129938	493270.38
2015/01/22	3.820	3.971	3.820	3.951	691843	2749315.75
2015/01/23	3.951	4.061	3.913	3.962	364466	1464235.75
2015/01/26	3.811	3.959	3.811	3.957	344347	1366023.63
2015/01/27	3.955	3.955	3.871	3.950	232712	919031.63
2015/01/28	3.934	3.954	3.826	3.949	193478	765465.69
2015/01/29	3.832	3.909	3.832	3.897	90214	350926.47
2015/01/30	3.896	3.897	3.836	3.877	108347	421617.16
2015/02/02	3.845	3.845	3.761	3.806	80400	308644.91
2015/02/03	3.806	3.831	3.784	3.818	115701	444569.56
2015/02/04	3.809	3.829	3.801	3.809	97178	374657.25
2015/02/05	3.831	3.831	3.779	3.779	52300	201235.09
2015/02/06	3.730	3.769	3.674	3.674	56900	213520.41
2015/02/09	3.679	3.707	3.675	3.707	109200	406453.00
2015/02/10	3.706	3.718	3.668	3.717	155632	582248.50
2015/02/11	3.747	3.775	3.697	3.773	90135	340917.47
2015/02/12	3.741	3.797	3.741	3.797	103862	395189.28
2015/02/13	3.731	3.865	3.731	3.833	430356	1669498.75
2015/02/16	3.846	3.860	3.835	3.860	145250	565040.69
2015/02/17	3.890	4.061	3.871	3.951	859052	3436897.75
2015/02/25	3.887	3.940	3.887	3.904	119466	472326.44
2015/02/26	3.921	3.963	3.898	3.960	243346	966769.00
2015/02/27	3.979	4.007	3.964	4.001	301831	1216222.75
2015/03/02	4.056	4.061	4.005	4.043	301045	1230327.00
2015/03/03	3.993	4.059	3.993	4.016	229032	934285.38
2015/03/04	4.013	4.051	4.013	4.042	472477	1923834.75
2015/03/05	4.048	4.069	4.007	4.027	300246	1219249.50
2015/03/06	4.057	4.057	3.997	4.008	77093	312589.34
2015/03/09	4.019	4.026	3.958	4.026	55432	223749.58
2015/03/10	4.031	4.056	4.011	4.047	107625	439359.03
2015/03/11	4.051	4.059	4.033	4.037	338574	1380514.50
2015/03/12	4.037	4.061	4.037	4.041	292431	1197094.75
2015/03/13	4.068	4.111	4.066	4.111	332369	1375583.38
2015/03/16	4.143	4.219	4.143	4.206	159393	673935.13
2015/03/17	4.259	4.348	4.207	4.303	1278307	5575845.50
2015/03/18	4.327	4.399	4.326	4.390	295927	1304147.25
2015/03/19	4.364	4.449	4.363	4.441	188525	841662.13
2015/03/20	4.491	4.576	4.443	4.571	313565	1435706.25
2015/03/23	4.561	4.681	4.516	4.681	358504	1665132.75
2015/03/24	4.670	4.761	4.611	4.696	218520	1026493.06
2015/03/25	4.617	4.751	4.617	4.751	243000	1155690.38
2015/03/26	4.602	4.751	4.561	4.694	247592	1168875.38
2015/03/27	4.681	4.690	4.584	4.593	163033	758478.50
2015/03/30	4.720	4.820	4.596	4.781	237461	1127207.38
2015/03/31	4.849	4.849	4.736	4.781	132266	639585.94
2015/04/01	4.777	4.840	4.694	4.822	182125	882723.13
2015/04/02	4.822	4.843	4.784	4.841	215154	1044394.25
2015/04/03	4.785	4.896	4.762	4.896	213373	1039937.88
2015/04/07	4.898	4.961	4.842	4.961	139017	690175.50
2015/04/08	5.052	5.052	4.635	4.945	227563	1122021.00
2015/04/09	4.867	4.941	4.699	4.858	259351	1259059.13
2015/04/10	4.814	5.037	4.814	5.036	280160	1401651.38
2015/04/13	5.061	5.242	4.913	5.222	310188	1608003.00
2015/04/14	5.221	5.270	5.072	5.231	110633	579143.06
2015/04/15	5.122	5.256	5.061	5.197	157202	813139.44
2015/04/16	4.962	5.186	4.747	5.157	158066	798581.75
2015/04/17	5.141	5.361	5.141	5.361	378981	2018790.50
2015/04/20	5.311	5.365	5.128	5.281	182708	974956.25
2015/04/21	5.281	5.300	5.165	5.282	145777	769549.81
2015/04/22	5.296	5.627	5.296	5.603	359900	2002804.38
2015/04/23	5.603	6.166	5.603	6.056	596715	3531916.75
2015/04/24	6.111	6.111	5.781	5.887	237205	1418537.25
2015/04/27	5.960	6.361	5.960	6.261	354040	2197177.00
2015/04/28	6.261	6.891	6.090	6.891	431236	2909784.25
2015/04/29	6.889	6.889	6.198	6.820	585435	3918773.00
2015/04/30	6.791	6.792	6.550	6.642	206371	1377823.13
2015/05/04	6.640	6.640	6.376	6.441	164840	1061584.13
2015/05/05	6.426	6.426	5.793	6.158	405234	2466683.50
2015/05/06	6.141	6.141	5.881	5.881	232347	1394725.38
2015/05/07	5.592	5.957	5.592	5.716	188920	1104152.88
2015/05/08	5.716	6.185	5.716	6.066	438269	2658608.75
2015/05/11	6.181	6.601	5.661	5.909	3179162	18909040.00
2015/05/12	5.889	5.889	5.661	5.751	2109766	12123204.00
2015/05/13	5.738	5.738	5.639	5.670	696667	3976708.00
2015/05/14	5.670	5.670	5.643	5.650	362126	2062304.50
2015/05/15	5.643	5.643	5.381	5.521	765836	4239140.50
2015/05/18	5.518	5.542	5.411	5.524	299505	1658572.63
2015/05/19	5.531	5.626	5.531	5.610	493423	2774534.50
2015/05/20	5.612	5.907	5.611	5.801	1053694	6161454.50
2015/05/21	5.800	5.986	5.800	5.986	1029093	6134732.50
2015/05/22	6.071	6.174	5.851	6.153	1134980	6979649.00
2015/05/25	6.132	6.341	5.961	6.341	1712594	10653185.00
2015/05/26	6.340	6.630	6.265	6.561	3721268	24519878.00
2015/05/27	6.559	6.761	6.297	6.735	3820133	25366308.00
2015/05/28	6.640	6.735	6.241	6.271	1299833	8633693.00
2015/05/29	6.041	6.319	5.991	6.161	333082	2071432.88
2015/06/01	6.141	6.461	6.123	6.402	426161	2705656.75
2015/06/02	6.403	6.501	6.361	6.499	371061	2396299.75
2015/06/03	6.498	6.671	6.362	6.489	595055	3895381.50
2015/06/04	6.461	6.711	6.161	6.633	331206	2166183.75
2015/06/05	6.631	6.810	6.631	6.776	675808	4569011.00
2015/06/08	6.742	6.911	6.665	6.766	3347237	22891576.00
2015/06/09	6.732	6.857	6.716	6.744	224343	1526540.38
2015/06/10	6.780	6.959	6.701	6.928	259661	1784985.00
2015/06/11	6.928	7.110	6.870	7.110	1561081	10914959.00
2015/06/12	7.108	7.150	7.002	7.140	1107200	7911097.00
2015/06/15	7.072	7.169	6.961	6.991	1117700	8041080.50
2015/06/16	6.992	6.992	6.661	6.799	2185900	15138153.00
2015/06/17	6.751	6.829	6.491	6.828	2225700	15091822.00
2015/06/18	6.797	6.847	6.651	6.651	2047765	13917806.00
2015/06/19	6.611	6.611	5.982	6.441	2127100	13897291.00
2015/06/23	6.011	6.401	5.793	6.119	2154700	13393188.00
2015/06/24	6.151	6.335	6.130	6.320	2174300	13723234.00
2015/06/25	6.358	6.358	6.151	6.152	2128820	13604265.00
2015/06/26	6.161	6.161	5.533	5.697	2313969	13948615.00
2015/06/29	5.730	5.731	5.211	5.460	2232340	12818640.00
2015/06/30	5.331	5.851	5.071	5.851	2264693	12083020.00
2015/07/01	5.851	6.010	5.630	5.821	2223201	13007085.00
2015/07/02	5.821	5.821	5.261	5.341	2154562	12085921.00
2015/07/03	5.072	5.371	4.961	4.971	2147904	11155902.00
2015/07/06	5.361	5.471	4.561	4.760	331720	1661961.25
2015/07/07	4.561	4.561	4.280	4.332	1319461	6004092.00
2015/07/08	4.129	4.129	3.895	3.895	253935	1000164.31
2015/07/09	3.515	4.288	3.515	4.288	542017	2241140.75
2015/07/10	4.511	4.721	4.338	4.721	1041481	4915102.50
2015/07/13	5.191	5.197	4.951	5.197	5790888	30286610.00
2015/07/14	5.289	5.289	4.771	4.951	4781089	24656098.00
2015/07/15	4.593	4.909	4.481	4.507	2856494	13523534.00
2015/07/16	4.460	4.860	4.262	4.593	1950400	9018782.00
2015/07/17	4.594	4.948	4.594	4.946	738147	3588870.75
2015/07/20	4.946	5.207	4.651	4.967	3247100	16458890.00
2015/07/21	4.862	4.961	4.571	4.898	2718800	13296898.00
2015/07/22	4.971	4.971	4.761	4.893	1743100	8582346.00
2015/07/23	4.899	5.386	4.842	5.293	3457300	17610124.00
2015/07/24	5.281	5.460	5.281	5.281	3557449	19113658.00
2015/07/27	5.063	5.281	4.751	4.810	2789266	14525559.00
2015/07/28	4.810	4.961	4.461	4.735	2736249	12465840.00
2015/07/29	4.738	4.968	4.567	4.851	2792194	13259991.00
2015/07/30	4.842	4.911	4.729	4.729	2558794	12371939.00
2015/07/31	4.721	4.726	4.561	4.640	276094	1291787.63
2015/08/03	4.601	4.620	4.361	4.413	306300	1374474.88
2015/08/04	4.460	4.851	4.421	4.840	710093	3347904.25
2015/08/05	4.840	4.910	4.666	4.773	505700	2446783.25
2015/08/06	4.731	4.773	4.642	4.703	139000	659042.13
2015/08/07	4.779	4.856	4.714	4.849	278000	1347608.75
2015/08/10	4.901	5.141	4.849	5.111	512199	2587592.50
2015/08/11	5.061	5.161	5.001	5.119	687994	3534378.25
2015/08/12	5.073	5.111	5.028	5.062	483806	2473915.50
2015/08/13	5.090	5.210	5.051	5.202	912000	4695190.00
2015/08/14	5.205	5.441	5.202	5.237	611733	3259506.00
2015/08/17	5.239	5.331	5.213	5.321	334099	1776520.00
2015/08/18	5.331	5.427	5.061	5.142	987946	5276145.00
2015/08/19	5.038	5.294	4.761	5.233	255113	1306843.75
2015/08/20	5.233	5.233	5.128	5.133	286500	1492944.25
2015/08/21	5.096	5.096	4.930	4.937	111900	565903.69
2015/08/24	4.937	4.937	4.439	4.439	207400	937401.81
2015/08/25	4.407	4.407	3.991	3.991	168600	695018.44
2015/08/26	4.092	4.112	3.763	3.981	248000	1002109.31
2015/08/27	3.981	4.110	3.766	4.061	125000	502823.91
2015/08/28	4.102	4.266	4.101	4.266	339632	1431511.75
2015/08/31	4.309	4.309	4.097	4.208	72300	301706.59
2015/09/01	4.202	4.202	3.969	4.083	95600	393730.81
2015/09/02	4.116	4.116	3.780	3.908	72500	290121.81
2015/09/07	3.947	4.091	3.947	3.961	63500	258894.59
2015/09/08	3.995	4.361	3.883	4.251	62176	250290.44
2015/09/09	4.222	4.373	4.222	4.370	330221	1451579.63
2015/09/10	4.370	4.370	4.282	4.287	59300	257998.56
2015/09/11	4.329	4.330	4.261	4.291	43900	189369.91
2015/09/14	4.291	4.291	3.872	4.163	69200	284176.91
2015/09/15	3.862	4.137	3.782	3.861	72600	285614.41
2015/09/16	3.898	4.250	3.762	4.241	197221	777015.31
2015/09/17	4.236	4.236	3.962	3.976	176600	727250.00
2015/09/18	4.016	4.081	3.973	4.081	80700	326282.69
2015/09/21	4.061	4.112	3.969	4.087	109100	447219.19
2015/09/22	4.083	4.101	4.061	4.069	58099	238954.41
2015/09/23	4.029	4.049	3.973	4.041	32900	132699.50
2015/09/24	4.041	4.079	3.981	4.031	43600	177746.80
2015/09/25	4.031	4.031	3.861	3.904	54218	215229.59
2015/09/28	3.904	3.904	3.861	3.901	84600	331336.09
2015/09/29	3.861	3.863	3.813	3.814	28800	112003.60
2015/09/30	3.816	3.861	3.771	3.861	17500	67817.70
2015/10/08	3.924	4.019	3.924	3.981	87100	349903.50
2015/10/09	3.981	4.020	3.981	4.012	79800	322313.19
2015/10/12	4.012	4.273	4.012	4.241	127400	536260.38
2015/10/13	4.241	4.255	4.072	4.216	111300	472990.69
2015/10/14	4.211	4.216	4.131	4.132	33800	142103.59
2015/10/15	4.132	4.261	4.132	4.261	125000	528570.69
2015/10/16	4.261	4.304	4.197	4.301	140300	603435.88
2015/10/19	4.241	4.312	4.221	4.300	193200	832737.94
2015/10/20	4.281	4.309	4.238	4.293	116400	503415.19
2015/10/21	4.293	4.311	4.198	4.271	461020	1985867.25
2015/10/22	4.127	4.271	4.127	4.262	32964	141628.72
2015/10/23	4.262	4.336	4.261	4.332	106420	462881.97
2015/10/26	4.371	4.461	4.332	4.369	82666	366100.53
2015/10/27	4.311	4.442	4.289	4.389	49200	216488.00
2015/10/28	4.311	4.441	4.263	4.291	58900	259611.20
2015/10/29	4.405	4.405	4.248	4.358	9900	43262.68
2015/10/30	4.242	4.381	4.242	4.359	23500	102884.80
2015/11/02	4.190	4.316	4.190	4.286	25700	110754.20
2015/11/03	4.312	4.312	4.183	4.274	4300	18518.20
2015/11/04	4.353	4.511	4.316	4.457	210586	928875.25
2015/11/05	4.475	4.498	4.371	4.408	110607	495822.00
2015/11/06	4.481	4.511	4.409	4.511	147100	664764.00
2015/11/09	4.432	4.630	4.432	4.630	196800	900539.88
2015/11/10	4.575	4.690	4.525	4.625	200300	937141.81
2015/11/11	4.628	4.660	4.583	4.651	51900	241451.50
2015/11/12	4.613	4.656	4.580	4.655	78453	365605.50
2015/11/13	4.660	4.729	4.604	4.651	101700	477193.28
2015/11/16	4.535	4.720	4.535	4.711	49921	231777.45
2015/11/17	4.715	4.800	4.715	4.717	170500	818022.19
2015/11/18	4.738	4.744	4.671	4.711	71400	340910.69
2015/11/19	4.731	4.774	4.649	4.720	211500	1006811.69
2015/11/20	4.737	4.737	4.631	4.691	21900	104089.40
2015/11/23	4.690	4.811	4.561	4.800	48800	231992.41
2015/11/24	4.711	4.750	4.626	4.708	44000	206720.41
2015/11/25	4.633	4.729	4.632	4.711	16800	79610.70
2015/11/26	4.721	4.721	4.661	4.710	51200	241954.20
2015/11/27	4.630	4.717	4.460	4.460	100400	462526.59
2015/11/30	4.289	4.503	4.289	4.457	34500	154333.91
2015/12/01	4.458	4.475	4.373	4.457	56266	251832.27
2015/12/02	4.461	4.518	4.385	4.437	70400	316197.59
2015/12/03	4.441	4.575	4.441	4.561	108340	491193.13
2015/12/04	4.571	4.571	4.512	4.568	30800	140957.20
2015/12/07	4.581	4.581	4.503	4.523	26266	120829.50
2015/12/08	4.461	4.585	4.461	4.556	906	4108.70
2015/12/09	4.463	4.464	4.461	4.463	29150	131227.70
2015/12/10	4.525	4.525	4.412	4.416	1786	8035.73
2015/12/11	4.313	4.411	4.313	4.411	7933	34739.68
2015/12/14	4.333	4.468	4.333	4.465	18933	84863.22
2015/12/15	4.461	4.526	4.447	4.524	57200	257220.09
2015/12/16	4.442	4.586	4.442	4.580	19700	90572.20
2015/12/17	4.575	4.598	4.552	4.588	57286	264668.22
2015/12/18	4.481	4.609	4.481	4.571	33833	156012.14
2015/12/21	4.601	4.661	4.514	4.617	90367	421859.75
2015/12/22	4.660	4.710	4.624	4.686	60700	287406.31
2015/12/23	4.661	4.691	4.661	4.661	30562	143875.16
2015/12/24	4.586	4.644	4.543	4.617	56562	262015.14
2015/12/25	4.582	4.653	4.581	4.636	86466	403024.06
2015/12/28	4.641	4.653	4.543	4.557	211600	972701.19
2015/12/29	4.600	4.600	4.493	4.559	43600	199569.91
2015/12/30	4.538	4.580	4.538	4.579	21960	100998.56
2015/12/31	4.547	4.610	4.532	4.594	25100	115817.20
2016/01/04	4.513	4.513	4.159	4.159	122600	537456.63
2016/01/05	3.973	4.211	3.973	4.155	176431	733263.88
2016/01/06	4.155	4.296	4.101	4.296	56567	241205.81
2016/01/07	4.295	4.295	3.961	3.979	42600	175167.59
2016/01/08	4.061	4.111	3.861	4.041	100600	407980.19
2016/01/11	3.913	4.031	3.811	3.814	82600	326117.75
2016/01/12	3.817	3.916	3.761	3.849	33060	128206.68
2016/01/13	3.911	3.911	3.731	3.731	22038	85926.94
2016/01/14	3.731	4.108	3.561	3.803	404488	1632300.13
2016/01/15	3.813	3.950	3.661	3.661	124200	471051.59
2016/01/18	3.661	3.900	3.661	3.739	34000	128652.00
2016/01/19	3.733	3.858	3.671	3.839	375092	1450960.25
2016/01/20	3.836	3.879	3.730	3.827	18800	70886.20
2016/01/21	3.760	3.836	3.680	3.682	45538	169491.25
2016/01/22	3.682	3.886	3.639	3.880	28700	106200.20
2016/01/25	3.870	3.870	3.741	3.799	13600	51537.00
2016/01/26	3.890	3.890	3.700	3.770	26050	96593.00
2016/01/27	3.610	3.769	3.425	3.515	70600	251807.50
2016/01/28	3.512	3.548	3.388	3.388	23700	80708.20
2016/01/29	3.340	3.700	3.322	3.670	66623	239497.53
2016/02/01	3.425	3.588	3.415	3.570	28500	99673.10
2016/02/02	3.417	3.790	3.417	3.780	74361	275009.72
2016/02/03	3.450	3.820	3.425	3.801	66392	244756.00
2016/02/04	3.894	3.894	3.700	3.810	36500	137910.20
2016/02/05	3.777	3.777	3.621	3.766	25700	95420.80
2016/02/15	3.460	3.730	3.460	3.699	24467	90576.94
2016/02/16	3.800	3.800	3.560	3.789	78400	294439.41
2016/02/17	3.691	3.835	3.691	3.780	129567	489324.81
2016/02/18	3.800	3.800	3.720	3.799	30300	115009.10
2016/02/19	3.816	3.816	3.680	3.790	30800	115756.90
2016/02/22	3.750	3.789	3.750	3.762	59900	225509.09
2016/02/23	3.800	3.800	3.687	3.780	35500	131075.09
2016/02/24	3.690	3.762	3.690	3.762	33400	124965.60
2016/02/25	3.689	3.700	3.500	3.675	73000	262851.69
2016/02/26	3.520	3.649	3.520	3.629	69131	245408.48
2016/02/29	3.810	3.810	3.406	3.547	24967	88767.80
2016/03/01	3.455	3.618	3.455	3.617	31087	110135.19
2016/03/02	3.688	3.774	3.572	3.645	54820	201962.34
2016/03/03	3.651	3.783	3.651	3.767	86299	323794.94
2016/03/04	3.755	3.755	3.536	3.743	17750	64406.95
2016/03/07	3.849	3.849	3.662	3.756	13500	50858.40
2016/03/08	3.610	3.739	3.610	3.716	21354	78320.48
2016/03/09	3.679	3.714	3.621	3.714	20000	72869.50
2016/03/10	3.730	3.730	3.620	3.657	5973	21814.80
2016/03/11	3.465	3.693	3.465	3.693	3700	13293.90
2016/03/14	3.692	3.789	3.502	3.743	71932	269138.59
2016/03/15	3.780	3.780	3.699	3.699	17100	64567.50
2016/03/16	3.627	3.745	3.621	3.745	9100	33004.00
2016/03/17	3.700	3.750	3.700	3.701	38100	142078.59
2016/03/18	3.820	3.823	3.698	3.803	177851	673361.63
2016/03/21	3.898	3.898	3.804	3.869	75269	290038.09
2016/03/22	3.800	3.869	3.750	3.822	20100	76802.80
2016/03/23	3.822	3.871	3.822	3.840	23569	90555.36
2016/03/24	3.825	3.849	3.723	3.811	13187	50429.70
2016/03/25	3.830	3.830	3.745	3.787	16300	61496.80
2016/03/28	3.859	3.860	3.762	3.802	11051	42178.80
2016/03/29	3.705	3.770	3.620	3.620	35900	131257.59
2016/03/30	3.679	3.740	3.677	3.739	31251	115720.79
2016/03/31	3.694	3.797	3.693	3.775	37451	140638.20
2016/04/01	3.752	3.815	3.712	3.811	9500	35685.60
2016/04/05	3.651	3.859	3.651	3.856	60100	226472.30
2016/04/06	3.759	3.852	3.759	3.828	20100	76795.40
2016/04/07	3.835	3.835	3.780	3.780	22000	83743.80
2016/04/08	3.726	3.748	3.701	3.748	33100	122973.20
2016/04/11	3.850	3.859	3.800	3.832	23500	89809.90
2016/04/12	3.832	3.855	3.790	3.823	13800	52827.70
2016/04/13	3.739	3.861	3.739	3.807	81800	313468.41
2016/04/14	3.845	3.897	3.723	3.840	12800	48972.30
2016/04/15	3.860	3.860	3.800	3.845	3400	13055.90
2016/04/18	3.842	3.842	3.773	3.776	11300	42783.00
2016/04/19	3.865	3.865	3.749	3.749	12500	46969.30
2016/04/20	3.855	3.855	3.500	3.720	72173	266512.78
2016/04/21	3.693	3.693	3.677	3.680	10100	37167.60
2016/04/22	3.697	3.697	3.588	3.680	27900	102095.80
2016/04/25	3.601	3.661	3.601	3.661	3500	12669.00
2016/04/26	3.660	3.661	3.613	3.659	19800	72317.50
2016/04/27	3.600	3.709	3.600	3.699	27500	100022.00
2016/04/28	3.603	3.682	3.603	3.669	2100	7652.80
2016/04/29	3.601	3.679	3.600	3.668	12900	46570.00
2016/05/03	3.600	3.698	3.600	3.680	12200	44870.90
2016/05/04	3.695	3.700	3.628	3.700	24973	91297.55
2016/05/05	3.695	3.695	3.631	3.695	1000	3663.00
2016/05/06	3.652	3.652	3.622	3.649	6873	24964.53
2016/05/09	3.601	3.601	3.519	3.519	59400	210095.30
2016/05/10	3.577	3.577	3.500	3.538	19600	68937.00
2016/05/11	3.542	3.544	3.512	3.538	29673	104833.48
2016/05/12	3.500	3.537	3.478	3.537	15300	53470.60
2016/05/13	3.537	3.565	3.510	3.565	39800	140748.59
2016/05/16	3.558	3.590	3.558	3.589	35487	126833.55
2016/05/17	3.526	3.615	3.526	3.610	4500	16221.60
2016/05/18	3.520	3.522	3.500	3.521	22800	80229.50
2016/05/19	3.453	3.576	3.453	3.537	40300	142582.70
2016/05/20	3.500	3.582	3.500	3.582	26300	92061.00
2016/05/23	3.609	3.609	3.526	3.546	7300	25913.80
2016/05/24	3.501	3.565	3.501	3.565	5200	18285.00
2016/05/25	3.563	3.589	3.519	3.537	7800	27532.00
2016/05/26	3.589	3.589	3.485	3.573	73800	258428.30
2016/05/27	3.470	3.547	3.470	3.547	2800	9861.20
2016/05/30	3.395	3.537	3.395	3.525	22100	77085.60
2016/05/31	3.465	3.596	3.465	3.590	94599	336300.63
2016/06/01	3.541	3.596	3.541	3.580	18000	64349.20
2016/06/02	3.550	3.590	3.550	3.568	11400	40704.40
2016/06/03	3.590	3.590	3.573	3.590	16700	59928.60
2016/06/06	3.630	3.630	3.500	3.599	44100	156718.41
2016/06/07	3.600	3.600	3.545	3.550	29238	103861.00
2016/06/08	3.580	3.598	3.531	3.555	85125	304066.84
2016/06/13	3.597	3.597	3.500	3.500	3300	11773.30
2016/06/14	3.500	3.527	3.465	3.527	36900	128358.50
2016/06/15	3.555	3.590	3.539	3.589	29587	105346.52
2016/06/16	3.522	3.555	3.522	3.555	600	2116.50
2016/06/17	3.560	3.566	3.547	3.565	38487	136661.52
2016/06/20	3.508	3.565	3.508	3.508	7900	27907.20
2016/06/21	3.598	3.599	3.528	3.529	21300	75549.20
2016/06/22	3.600	3.600	3.470	3.588	10700	38142.30
2016/06/23	3.600	3.600	3.513	3.573	30600	108873.60
2016/06/24	3.504	3.587	3.504	3.586	22800	80148.50
2016/06/27	3.489	3.587	3.489	3.583	55300	197554.59
2016/06/28	3.590	3.590	3.540	3.590	26800	95157.20
2016/06/29	3.550	3.600	3.550	3.598	35900	128927.60
2016/06/30	3.580	3.599	3.580	3.599	1400	5017.70
2016/07/01	3.630	3.630	3.580	3.586	38400	138520.80
2016/07/04	3.623	3.689	3.620	3.656	47800	174944.30
2016/07/05	3.698	3.719	3.641	3.705	33300	122938.70
2016/07/06	3.691	3.730	3.687	3.730	33200	123198.19
2016/07/07	3.759	3.760	3.663	3.746	28300	104872.40
2016/07/08	3.698	3.740	3.683	3.740	26300	97641.00
2016/07/11	3.759	3.797	3.725	3.790	19300	72666.60
2016/07/12	3.729	3.844	3.729	3.843	34900	132099.80
2016/07/13	3.799	3.843	3.770	3.838	32200	123058.00
2016/07/14	3.844	3.844	3.783	3.833	302900	1148841.75
2016/07/15	3.843	3.843	3.800	3.834	149100	570276.31
2016/07/18	3.813	3.832	3.805	3.821	16800	64014.00
2016/07/19	3.844	3.844	3.750	3.832	18873	71818.23
2016/07/20	3.831	3.831	3.763	3.820	1000	3788.20
2016/07/21	3.866	3.866	3.809	3.847	50000	191360.20
2016/07/22	3.860	3.860	3.792	3.802	2600	9894.60
2016/07/25	3.750	3.843	3.750	3.825	27800	105466.90
2016/07/26	3.816	3.853	3.791	3.851	35000	134010.50
2016/07/27	3.859	3.900	3.751	3.880	237698	914495.19
2016/07/28	3.755	3.930	3.755	3.870	32800	123406.70
2016/07/29	3.930	3.930	3.790	3.848	15900	61009.90
2016/08/01	3.858	3.858	3.755	3.838	19300	72667.40
2016/08/02	3.843	3.843	3.722	3.823	1200	4553.50
2016/08/03	3.829	3.829	3.829	3.829	100	382.90
2016/08/04	3.899	3.899	3.761	3.840	4200	15908.50
2016/08/05	3.839	3.856	3.785	3.851	31200	118973.09
2016/08/08	3.753	3.880	3.753	3.852	7300	27789.20
2016/08/09	3.930	3.930	3.801	3.894	10200	39674.90
2016/08/10	3.806	3.894	3.806	3.894	1900	7370.20
2016/08/11	3.825	3.884	3.785	3.845	656771	2525245.50
2016/08/12	3.841	3.900	3.841	3.900	230533	887972.56
2016/08/15	3.900	4.100	3.900	4.100	35400	139021.00
2016/08/16	4.100	4.116	4.001	4.116	47509	194314.00
2016/08/17	4.051	4.180	3.966	4.050	46800	188697.00
2016/08/18	3.933	4.001	3.915	3.999	11000	43591.00
2016/08/19	3.951	4.000	3.951	4.000	9800	38808.00
2016/08/22	4.000	4.002	4.000	4.001	4700	18803.00
2016/08/23	4.000	4.011	4.000	4.000	31400	125666.00
2016/08/24	4.001	4.010	4.000	4.000	10966	43901.00
2016/08/25	3.993	4.020	3.880	3.979	268900	1079342.00
2016/08/26	3.963	4.000	3.963	3.968	31200	124118.00
2016/08/29	3.969	4.017	3.969	4.009	23500	94182.00
2016/08/30	3.951	3.952	3.930	3.948	38000	149842.00
2016/08/31	3.983	4.018	3.951	4.006	42800	171450.00
2016/09/01	3.973	3.973	3.913	3.940	25251	99623.00
2016/09/02	3.935	3.936	3.929	3.934	3300	12979.00
2016/09/05	3.935	3.987	3.935	3.939	8600	34002.00
2016/09/06	3.899	3.928	3.848	3.928	711117	2745523.00
2016/09/07	3.828	3.892	3.825	3.885	67100	260366.00
2016/09/08	3.861	3.876	3.860	3.875	2300	8899.00
2016/09/09	3.875	3.875	3.835	3.867	13200	50855.00
2016/09/12	3.820	3.820	3.760	3.797	10800	40932.00
2016/09/13	3.795	3.800	3.775	3.785	10013	37967.00
2016/09/14	3.741	3.742	3.740	3.740	3200	11972.00
2016/09/19	3.750	3.811	3.750	3.800	92700	347964.00
2016/09/20	3.780	3.798	3.775	3.798	24900	94095.00
2016/09/21	3.791	3.791	3.778	3.778	6800	25707.00
2016/09/22	3.768	3.819	3.768	3.783	7100	26950.00
2016/09/23	3.775	3.790	3.771	3.785	57800	218996.00
2016/09/26	3.797	3.797	3.730	3.730	2300	8593.00
2016/09/27	3.701	3.742	3.701	3.742	7900	29404.00
2016/09/28	3.740	3.740	3.712	3.728	1800	6714.00
2016/09/29	3.747	3.747	3.722	3.723	3100	11549.00
2016/09/30	3.726	3.726	3.720	3.724	2500	9311.00
2016/10/10	3.727	3.795	3.727	3.736	8100	30602.00
2016/10/11	3.882	3.888	3.736	3.830	285700	1076901.00
2016/10/12	3.800	3.815	3.749	3.808	141700	538522.00
2016/10/13	3.812	3.819	3.800	3.818	18900	72054.00
2016/10/14	3.793	3.819	3.793	3.814	5500	20973.00
2016/10/17	3.837	3.838	3.827	3.827	2800	10744.00
2016/10/18	3.827	3.845	3.827	3.844	15300	58792.00
2016/10/19	3.843	3.847	3.749	3.834	4500	17271.00
2016/10/20	3.831	3.847	3.830	3.847	37100	142507.00
2016/10/21	3.815	3.815	3.815	3.815	300	1145.00
2016/10/24	3.817	3.877	3.817	3.861	37300	143973.00
2016/10/25	3.872	3.884	3.860	3.877	9773	37814.00
2016/10/26	3.876	3.925	3.809	3.925	145873	569927.00
2016/10/27	3.828	3.910	3.826	3.910	8500	32805.00
2016/10/28	3.850	3.907	3.850	3.907	6273	24335.00
2016/10/31	3.893	3.894	3.893	3.894	1200	4673.00
2016/11/01	3.890	3.894	3.890	3.894	300	1167.00
2016/11/02	3.890	3.950	3.822	3.841	16500	63786.00
2016/11/03	3.804	3.899	3.804	3.899	21100	81688.00
2016/11/04	3.901	3.924	3.831	3.904	13800	52986.00
2016/11/07	3.851	3.886	3.851	3.884	11400	44073.00
2016/11/08	3.887	3.887	3.827	3.883	8766	33910.00
2016/11/09	3.866	3.884	3.833	3.884	8066	30989.00
2016/11/10	3.952	3.952	3.886	3.910	3100	12105.00
2016/11/11	3.878	3.948	3.877	3.948	16400	64267.00
2016/11/14	3.903	4.060	3.902	4.033	43900	174432.00
2016/11/15	4.076	4.076	3.973	4.060	29733	119648.00
2016/11/16	4.079	4.079	3.960	4.042	24480	97548.00
2016/11/17	3.998	4.037	3.963	4.006	24100	96128.00
2016/11/18	3.999	4.049	3.987	4.049	3500	13964.00
2016/11/21	3.991	4.043	3.991	4.043	400	1612.00
2016/11/22	4.052	4.070	4.000	4.037	18000	72373.00
2016/11/23	4.001	4.075	4.000	4.000	18200	72867.00
2016/11/24	4.070	4.070	3.981	4.026	16200	65429.00
2016/11/25	3.986	4.025	3.980	4.015	25800	103188.00
2016/11/28	4.001	4.078	4.001	4.033	3900	15687.00
2016/11/29	4.080	4.080	3.999	4.049	10600	42639.00
2016/11/30	4.077	4.077	4.011	4.060	33300	134823.00
2016/12/01	4.057	4.067	3.954	4.067	4500	18036.00
2016/12/02	4.088	4.088	4.000	4.058	4900	19758.00
2016/12/05	4.059	4.059	4.002	4.025	4600	18502.00
2016/12/06	4.094	4.094	4.000	4.055	39300	157412.00
2016/12/07	3.951	4.044	3.951	4.044	3300	13164.00
2016/12/08	4.001	4.004	4.001	4.003	7100	28421.00
2016/12/09	3.931	4.040	3.931	4.040	1200	4785.00
2016/12/12	3.936	3.971	3.900	3.900	7100	27935.00
2016/12/13	3.948	3.948	3.880	3.948	9000	35275.00
2016/12/14	4.040	4.040	3.880	3.880	6200	24157.00
2016/12/15	3.880	3.999	3.880	3.999	4900	19114.00
2016/12/16	3.999	4.010	3.999	4.010	4600	18398.00
2016/12/19	4.000	4.040	3.900	4.040	5700	22876.00
2016/12/20	3.907	4.030	3.907	4.030	5500	21622.00
2016/12/21	4.040	4.040	4.039	4.039	1200	4847.00
2016/12/22	4.040	4.040	4.036	4.036	1800	7269.00
2016/12/23	4.030	4.030	4.030	4.030	500	2015.00
2016/12/26	3.920	3.939	3.920	3.939	9690	38051.00
2016/12/27	3.941	3.999	3.882	3.999	2300	8964.00
2016/12/28	3.999	3.999	3.999	3.999	0	0.00
2016/12/29	3.842	3.997	3.842	3.997	1100	4304.00
2016/12/30	3.997	4.006	3.852	4.003	2100	8265.00
2017/01/03	4.028	4.028	4.000	4.010	10000	40029.00
2017/01/04	4.007	4.007	4.007	4.007	1000	4007.00
2017/01/05	4.000	4.000	4.000	4.000	3100	12400.00
2017/01/06	3.897	4.004	3.897	4.003	8600	33572.00
2017/01/09	3.919	4.018	3.899	4.018	15700	62288.00
2017/01/10	3.901	4.015	3.901	3.954	6200	24516.00
2017/01/11	4.015	4.015	3.858	3.954	5100	20066.00
2017/01/12	3.998	3.998	3.901	3.952	18500	72204.00
2017/01/13	3.989	3.989	3.898	3.898	3000	11928.00
2017/01/16	3.998	3.998	3.868	3.994	8900	34702.00
2017/01/17	3.867	3.996	3.867	3.996	8200	31869.00
2017/01/18	3.993	3.993	3.861	3.988	2800	11155.00
2017/01/19	3.955	3.998	3.955	3.977	300	1191.00
2017/01/20	3.985	3.985	3.985	3.985	1200	4782.00
2017/01/23	3.999	3.999	3.884	3.979	7600	30078.00
2017/01/24	3.980	3.980	3.980	3.980	2400	9552.00
2017/01/25	3.998	3.998	3.912	3.994	2400	9506.00
2017/01/26	3.994	3.994	3.994	3.994	0	0.00
2017/02/03	3.994	3.994	3.994	3.994	0	0.00
2017/02/06	3.996	3.996	3.996	3.996	2000	7992.00
2017/02/07	3.863	3.999	3.863	3.995	300	1186.00
2017/02/08	3.931	3.990	3.900	3.989	2800	11009.00
2017/02/09	3.945	3.980	3.939	3.980	6100	24162.00
2017/02/10	3.980	3.995	3.980	3.980	3900	15543.00
2017/02/13	3.996	3.997	3.921	3.995	16500	64880.00
2017/02/14	4.010	4.010	3.943	3.983	3400	13436.00
2017/02/15	3.981	3.981	3.940	3.979	76133	302568.00
2017/02/16	3.976	3.990	3.949	3.984	9000	35564.00
2017/02/17	3.979	3.979	3.965	3.965	400	1589.00
2017/02/20	3.977	3.977	3.977	3.977	1100	4375.00
2017/02/21	3.970	3.986	3.970	3.984	20000	79513.00
2017/02/22	4.008	4.008	3.985	3.994	14600	58287.00
2017/02/23	3.940	3.995	3.940	3.994	7700	30564.00
2017/02/24	3.999	4.000	3.990	3.990	800	3194.00
2017/02/27	3.990	3.993	3.961	3.991	123900	493974.00
2017/02/28	3.941	3.989	3.941	3.989	4400	17388.00
2017/03/01	3.971	3.983	3.875	3.982	127900	502122.00
2017/03/02	3.966	3.974	3.950	3.950	66200	262282.00
2017/03/03	3.949	3.985	3.923	3.955	500	1974.00
2017/03/06	3.970	3.976	3.936	3.955	1000	3963.00
2017/03/07	3.968	3.968	3.935	3.953	6933	27299.00
2017/03/08	3.985	3.985	3.941	3.941	14100	55702.00
2017/03/09	3.912	4.003	3.911	3.952	13400	52476.00
2017/03/10	3.901	3.972	3.776	3.937	12299	47556.00
2017/03/13	3.899	4.000	3.899	3.998	150900	601121.00
2017/03/14	3.952	4.010	3.946	4.010	23500	93932.00
2017/03/15	3.964	4.010	3.964	3.973	29390	117535.00
2017/03/16	4.038	4.049	3.972	4.049	39200	157937.00
2017/03/17	4.048	4.070	4.005	4.070	35100	142084.00
2017/03/20	3.974	4.080	3.974	4.075	20700	83900.00
2017/03/21	4.091	4.091	4.091	4.091	100	409.00
2017/03/22	4.091	4.091	4.011	4.011	200	810.00
2017/03/23	4.012	4.050	4.011	4.011	16300	65393.00
2017/03/24	4.066	4.066	4.066	4.066	100	407.00
2017/03/27	4.065	4.110	3.998	4.100	59900	243393.00
2017/03/28	4.017	4.099	4.017	4.099	13600	54640.00
2017/03/29	4.011	4.100	4.011	4.100	2700	11051.00
2017/03/30	3.956	4.100	3.956	4.100	2823	11202.00
2017/03/31	4.073	4.073	3.973	4.068	11400	46379.00
2017/04/05	4.050	4.090	4.050	4.090	3240	13126.00
2017/04/06	4.090	4.100	4.054	4.100	20000	81451.00
2017/04/07	4.011	4.110	4.010	4.101	125300	504192.00
2017/04/10	4.101	4.127	4.015	4.117	28900	118113.00
2017/04/11	4.054	4.115	4.054	4.114	7300	30017.00
2017/04/12	4.016	4.130	4.016	4.117	18200	74424.00
2017/04/13	4.116	4.129	4.074	4.129	86200	354191.00
2017/04/14	4.121	4.151	4.121	4.128	21200	87482.00
2017/04/17	4.177	4.177	4.176	4.176	200	835.00
2017/04/18	4.001	4.169	4.001	4.169	700	2834.00
2017/04/19	4.188	4.188	4.160	4.160	4400	18367.00
2017/04/20	4.111	4.160	4.111	4.159	5300	21803.00
2017/04/21	4.010	4.180	4.010	4.178	3100	12616.00
2017/04/24	4.040	4.180	4.040	4.178	4800	19671.00
2017/04/25	4.040	4.173	4.040	4.171	2400	9730.00
2017/04/26	4.051	4.170	4.045	4.161	12766	51945.00
2017/04/27	4.161	4.161	4.161	4.161	0	0.00
2017/04/28	4.085	4.150	4.083	4.145	8400	34368.00
2017/05/02	4.120	4.159	4.120	4.129	5600	23109.00
2017/05/03	4.160	4.160	4.001	4.138	3573	14355.00
2017/05/04	4.020	4.020	4.007	4.020	35499	142359.00
2017/05/05	4.007	4.007	3.990	3.990	1800	7196.00
2017/05/08	3.976	3.976	3.900	3.975	4600	18025.00
2017/05/09	3.912	3.980	3.912	3.980	2640	10504.00
2017/05/10	4.008	4.008	4.005	4.005	1000	4006.00
2017/05/11	3.902	4.007	3.902	4.007	300	1181.00
2017/05/12	4.007	4.007	4.007	4.007	0	0.00
2017/05/15	3.998	4.000	3.998	4.000	1200	4800.00
2017/05/16	4.095	4.095	3.900	4.004	12000	48119.00
2017/05/17	4.075	4.075	3.933	3.940	5800	22903.00
2017/05/18	3.975	3.990	3.935	3.990	2700	10717.00
2017/05/19	3.990	3.990	3.990	3.990	0	0.00
2017/05/22	3.904	3.940	3.900	3.940	6573	25820.00
2017/05/23	3.940	3.940	3.940	3.940	0	0.00
2017/05/24	3.890	3.971	3.890	3.971	10373	40450.00
2017/05/25	3.969	3.979	3.969	3.979	1400	5568.00
2017/05/26	3.980	3.980	3.911	3.980	32040	127451.00
2017/05/31	4.000	4.000	3.940	3.980	3600	14251.00
2017/06/01	3.980	4.018	3.955	3.998	3400	13519.00
2017/06/02	3.988	3.988	3.988	3.988	100	399.00
2017/06/05	3.988	3.988	3.988	3.988	0	0.00
2017/06/06	3.988	4.008	3.900	3.989	15100	60258.00
2017/06/07	3.985	4.000	3.975	4.000	55500	221143.00
2017/06/08	3.915	4.000	3.915	4.000	4500	17715.00
2017/06/09	3.952	3.952	3.950	3.951	12100	47810.00
2017/06/12	3.951	3.951	3.950	3.950	1400	5530.00
2017/06/13	3.910	3.999	3.895	3.989	29565	115661.00
2017/06/14	3.912	3.979	3.912	3.963	4401	17353.00
2017/06/15	3.942	3.970	3.925	3.951	18000	70931.00
2017/06/16	3.891	3.947	3.891	3.946	8900	34747.00
2017/06/19	3.941	3.941	3.937	3.937	2100	8268.00
2017/06/20	3.895	3.946	3.895	3.946	25300	99229.00
2017/06/21	3.950	3.959	3.877	3.953	37500	147440.00
2017/06/22	3.902	3.954	3.899	3.953	21600	84869.00
2017/06/23	3.901	3.937	3.901	3.934	14700	57666.00
2017/06/26	3.934	3.934	3.928	3.934	6800	26750.00
2017/06/27	3.934	4.069	3.898	4.049	32566	128637.00
2017/06/28	3.933	3.999	3.933	3.990	8400	33165.00
2017/06/29	3.981	3.990	3.941	3.980	4400	17457.00
2017/06/30	3.988	3.990	3.944	3.990	21900	86646.00
2017/07/03	4.046	4.046	3.955	4.019	20300	80309.00
2017/07/04	4.019	4.019	4.019	4.019	0	0.00
2017/07/05	3.999	4.019	3.985	4.002	8700	34808.00
2017/07/06	4.001	4.006	3.966	4.000	10700	42700.00
2017/07/07	4.060	4.060	3.997	4.010	543173	2172297.00
2017/07/10	4.035	4.035	3.953	4.029	10900	43275.00
2017/07/11	3.979	4.024	3.958	3.990	16000	63600.00
2017/07/12	4.012	4.040	3.960	3.989	16969	67569.00
2017/07/13	3.990	4.017	3.990	4.010	1100	4402.00
2017/07/14	4.017	4.017	3.955	4.010	1300	5181.00
2017/07/17	4.016	4.016	3.910	4.000	17900	71002.00
2017/07/18	3.950	3.998	3.950	3.989	5700	22646.00
2017/07/19	3.990	3.990	3.932	3.990	3867	15257.00
2017/07/20	3.997	3.997	3.920	3.990	13100	51558.00
2017/07/21	3.999	3.999	3.981	3.997	10500	41856.00
2017/07/24	3.997	4.049	3.970	4.048	10800	43247.00
2017/07/25	4.050	4.059	4.047	4.048	2300	9311.00
2017/07/26	4.065	4.065	4.018	4.019	5200	20902.00
2017/07/27	4.040	4.063	4.020	4.049	53300	215065.00
2017/07/28	4.062	4.062	3.992	4.050	57300	231590.00
2017/07/31	4.025	4.105	4.025	4.066	28700	116440.00
2017/08/01	4.105	4.105	4.018	4.096	49199	199595.00
2017/08/02	4.107	4.107	4.091	4.106	22199	91035.00
2017/08/03	4.106	4.106	4.061	4.101	40800	166558.00
2017/08/04	4.057	4.100	4.057	4.077	7900	32215.00
2017/08/07	4.096	4.096	4.055	4.090	7399	30104.00
2017/08/08	4.105	4.110	4.053	4.107	19500	79208.00
2017/08/09	4.114	4.145	4.080	4.122	30700	125902.00
2017/08/10	4.136	4.136	4.072	4.130	7300	29856.00
2017/08/11	4.140	4.140	4.046	4.138	2300	9498.00
2017/08/14	4.073	4.119	4.073	4.119	21100	86347.00
2017/08/15	4.110	4.123	4.056	4.123	19200	78094.00
2017/08/16	4.090	4.126	4.090	4.092	8900	36483.00
2017/08/17	4.130	4.130	4.114	4.114	8200	33770.00
2017/08/18	4.148	4.148	4.086	4.119	21900	90210.00
2017/08/21	4.149	4.149	4.100	4.136	31173	128580.00
2017/08/22	4.230	4.230	4.086	4.165	14300	58584.00
2017/08/23	4.130	4.130	4.080	4.119	10000	40981.00
2017/08/24	4.081	4.117	4.065	4.106	8000	32692.00
2017/08/25	4.102	4.188	4.095	4.133	6269	25849.00
2017/08/28	4.159	4.187	4.159	4.178	41300	172241.00
2017/08/29	4.210	4.210	4.110	4.112	28900	120250.00
2017/08/30	4.172	4.172	4.111	4.142	19600	81160.00
2017/08/31	4.177	4.177	4.119	4.169	42000	174865.00
2017/09/01	4.166	4.218	4.165	4.186	31800	133144.00
2017/09/04	4.246	4.246	4.180	4.239	4800	20291.00
2017/09/05	4.249	4.320	4.224	4.311	40400	173334.00
2017/09/06	4.400	4.400	4.233	4.330	21400	91636.00
2017/09/07	4.322	4.322	4.237	4.314	23300	99335.00
2017/09/08	4.289	4.289	4.237	4.238	8300	35207.00
2017/09/11	4.288	4.288	4.216	4.265	20500	87380.00
2017/09/12	4.281	4.300	4.230	4.299	42400	180373.00
2017/09/13	4.297	4.300	4.215	4.294	21200	90269.00
2017/09/14	4.292	4.300	4.245	4.285	11800	50483.00
2017/09/15	4.300	4.300	4.242	4.299	18700	79748.00
2017/09/18	4.296	4.296	4.250	4.290	6600	28149.00
2017/09/19	4.256	4.286	4.254	4.279	4200	17887.00
2017/09/20	4.240	4.283	4.202	4.268	36900	156458.00
2017/09/21	4.260	4.275	4.230	4.231	10069	42680.00
2017/09/22	4.218	4.224	4.190	4.200	12000	50457.00
2017/09/25	4.200	4.208	4.200	4.200	31100	130621.00
2017/09/26	4.227	4.227	4.156	4.171	12500	52090.00
2017/09/27	4.180	4.236	4.168	4.236	43600	182225.00
2017/09/28	4.187	4.222	4.171	4.222	13221	55377.00
2017/09/29	4.218	4.234	4.218	4.234	18021	76095.00
2017/10/09	4.239	4.325	4.235	4.325	16647	70689.00
2017/10/10	4.278	4.278	4.278	4.278	3247	13891.00
2017/10/11	4.303	4.303	4.278	4.278	21000	89936.00
2017/10/12	4.275	4.297	4.236	4.255	11300	48193.00
2017/10/13	4.260	4.260	4.260	4.260	3500	14910.00
2017/10/16	4.260	4.299	4.241	4.296	8900	38087.00
2017/10/17	4.265	4.269	4.240	4.269	2500	10658.00
2017/10/18	4.250	4.269	4.217	4.217	33321	141036.00
2017/10/19	4.216	4.259	3.800	4.211	14200	59390.00
2017/10/20	4.191	4.239	4.191	4.239	12821	53941.00
2017/10/23	4.265	4.265	4.233	4.246	4800	20407.00
2017/10/24	4.250	4.250	4.250	4.250	200	850.00
2017/10/25	4.230	4.250	4.230	4.250	51121	217107.00
2017/10/26	4.278	4.285	4.253	4.283	41719	178596.00
2017/10/27	4.350	4.350	4.264	4.344	15100	64729.00
2017/10/30	4.319	4.319	4.233	4.271	7300	31241.00
2017/10/31	4.269	4.313	4.213	4.313	11900	50367.00
2017/11/01	4.251	4.274	4.244	4.253	11500	48990.00
2017/11/02	4.258	4.258	4.210	4.214	4100	17313.00
2017/11/03	4.259	4.259	4.180	4.180	10247	42917.00
2017/11/06	4.181	4.248	4.181	4.248	6900	29047.00
2017/11/07	4.241	4.268	4.221	4.268	3100	13156.00
2017/11/08	4.282	4.291	4.276	4.276	6300	26997.00
2017/11/09	4.268	4.292	4.248	4.288	18000	76983.00
2017/11/10	4.289	4.330	4.288	4.330	24747	106669.00
2017/11/13	4.335	4.350	4.303	4.344	19700	85305.00
2017/11/14	4.344	4.344	4.252	4.328	16400	70258.00
2017/11/15	4.268	4.297	4.268	4.297	9400	40123.00
2017/11/16	4.270	4.296	4.270	4.276	2900	12393.00
2017/11/17	4.260	4.260	4.212	4.249	21219	89782.00
2017/11/20	4.249	4.298	4.200	4.298	36400	153567.00
2017/11/21	4.260	4.294	4.229	4.290	13900	59070.00
2017/11/22	4.282	4.282	4.245	4.278	18919	80650.00
2017/11/23	4.247	4.276	4.210	4.210	3700	15601.00
2017/11/24	4.166	4.252	4.166	4.252	3200	13391.00
2017/11/27	4.249	4.249	4.125	4.167	6000	25029.00
2017/11/28	4.161	4.167	4.136	4.166	12700	52597.00
2017/11/29	4.181	4.181	4.148	4.181	3000	12533.00
2017/11/30	4.164	4.206	4.164	4.206	3800	15856.00
2017/12/01	4.223	4.226	4.160	4.226	2819	11807.00
2017/12/04	4.242	4.255	4.203	4.228	7500	31756.00
2017/12/05	4.220	4.220	4.203	4.208	2000	8419.00
2017/12/06	4.160	4.160	4.121	4.121	10500	43294.00
2017/12/07	4.101	4.130	4.062	4.130	5400	22132.00
2017/12/08	4.070	4.127	4.070	4.127	2800	11464.00
2017/12/11	4.128	4.160	4.110	4.160	9200	38208.00
2017/12/12	4.158	4.193	4.100	4.193	7700	31696.00
2017/12/13	4.099	4.154	4.099	4.154	17900	73698.00
2017/12/14	4.140	4.151	4.100	4.151	6200	25464.00
2017/12/15	4.120	4.204	4.120	4.149	12700	52783.00
2017/12/18	4.178	4.184	4.095	4.106	19200	78874.00
2017/12/19	4.130	4.133	4.130	4.133	5100	21078.00
2017/12/20	4.120	4.157	4.110	4.145	2300	9523.00
2017/12/21	4.186	4.186	4.180	4.180	6200	25921.00
2017/12/22	4.151	4.200	4.151	4.200	4700	19731.00
2017/12/25	4.226	4.226	4.184	4.200	6000	25161.00
2017/12/26	4.129	4.223	4.129	4.223	4000	16610.00
2017/12/27	4.200	4.200	4.095	4.192	16159	66524.00
2017/12/28	4.135	4.136	4.120	4.120	6459	26708.00
2017/12/29	4.120	4.139	4.120	4.139	7059	29187.00
2018/01/02	4.229	4.229	4.149	4.187	4600	19097.00
2018/01/03	4.199	4.293	4.199	4.249	31900	135903.00
2018/01/04	4.215	4.244	4.210	4.244	11500	48427.00
2018/01/05	4.209	4.237	4.192	4.227	37900	159212.00
2018/01/08	4.206	4.254	4.202	4.254	32000	135461.00
2018/01/09	4.250	4.274	4.231	4.254	11100	47085.00
2018/01/10	4.240	4.276	4.228	4.228	11400	48338.00
2018/01/11	4.230	4.273	4.157	4.273	11100	46674.00
2018/01/12	4.273	4.273	4.243	4.243	10200	43292.00
2018/01/15	4.279	4.320	4.240	4.240	72500	308762.00
2018/01/16	4.240	4.280	4.190	4.201	7100	30083.00
2018/01/17	4.210	4.295	4.210	4.295	200	851.00
2018/01/18	4.300	4.300	4.181	4.276	39100	166087.00
2018/01/19	4.237	4.266	4.211	4.255	18500	78819.00
2018/01/22	4.248	4.288	4.180	4.288	17600	74505.00
2018/01/23	4.285	4.288	4.285	4.288	26600	114015.00
2018/01/24	4.288	4.300	4.288	4.292	32600	140159.00
2018/01/25	4.300	4.300	4.290	4.290	17900	76871.00
2018/01/26	4.301	4.350	4.301	4.350	53942	233995.00
2018/01/29	4.340	4.396	4.221	4.336	120500	526211.00
2018/01/30	4.333	4.333	4.251	4.300	24300	103648.00
2018/01/31	4.260	4.272	4.217	4.255	11100	47214.00
2018/02/01	4.277	4.277	4.160	4.162	12200	51137.00
2018/02/02	4.149	4.286	4.110	4.162	7600	31717.00
2018/02/05	4.162	4.162	4.111	4.140	19173	79245.00
2018/02/06	4.120	4.120	4.000	4.049	49100	197701.00
2018/02/07	4.050	4.050	3.921	4.027	20900	83379.00
2018/02/08	4.200	4.200	3.986	3.989	54873	220091.00
2018/02/09	3.925	3.925	3.808	3.891	55200	212152.00
2018/02/12	3.890	3.940	3.890	3.940	14000	54947.00
2018/02/13	3.859	4.048	3.857	4.036	39573	155252.00
2018/02/14	4.095	4.095	3.920	3.958	23300	92202.00
2018/02/22	3.988	4.188	3.955	4.077	36873	148280.00
2018/02/23	4.077	4.180	3.935	4.100	41800	171006.00
2018/02/26	4.166	4.500	4.166	4.473	169500	737720.00
2018/02/27	4.473	4.473	4.216	4.379	214400	921507.00
2018/02/28	4.210	4.224	4.180	4.183	195800	823840.00
2018/03/01	4.141	4.249	4.100	4.225	129500	545755.00
2018/03/02	4.132	4.180	4.129	4.173	56000	233676.00
2018/03/05	4.131	4.194	4.131	4.190	57900	240503.00
2018/03/06	4.189	4.207	4.151	4.205	185900	777951.00
2018/03/07	4.281	4.285	4.186	4.188	79800	336526.00
2018/03/08	4.185	4.195	4.140	4.189	64092	268182.00
2018/03/09	4.165	4.195	4.144	4.194	171000	714869.00
2018/03/12	4.234	4.234	4.195	4.196	136200	573000.00
2018/03/13	4.183	4.199	4.183	4.183	45800	191761.00
2018/03/14	4.150	4.183	4.150	4.180	57166	237841.00
2018/03/15	4.174	4.179	4.128	4.163	26000	107836.00
2018/03/16	4.189	4.189	4.141	4.150	39700	164744.00
2018/03/19	4.140	4.155	4.070	4.150	25300	104849.00
2018/03/20	4.150	4.150	4.068	4.130	16000	65968.00
2018/03/21	4.127	4.149	4.089	4.105	29300	120742.00
2018/03/22	4.189	4.189	4.076	4.097	49400	203063.00
2018/03/23	3.901	4.050	3.871	3.920	103500	410908.00
2018/03/26	3.800	3.950	3.800	3.950	62400	241310.00
2018/03/27	4.030	4.039	3.961	4.000	146666	591967.00
2018/03/28	3.997	3.998	3.990	3.990	9500	37932.00
2018/03/29	3.960	4.036	3.932	3.999	97000	383273.00
2018/03/30	3.970	3.992	3.910	3.991	69647	275917.00
2018/04/02	3.991	4.020	3.952	3.995	94300	376223.00
2018/04/03	3.989	4.030	3.952	4.030	138528	555195.00
2018/04/04	4.055	4.100	4.054	4.085	18842	76725.00
2018/04/09	4.023	4.120	4.023	4.072	45200	183407.00
2018/04/10	4.124	4.125	4.052	4.119	22566	92582.00
2018/04/11	4.124	4.179	4.100	4.100	43466	179988.00
2018/04/12	4.153	4.153	4.100	4.111	8900	36585.00
2018/04/13	4.110	4.146	4.104	4.146	8800	36223.00
2018/04/16	4.060	4.125	4.060	4.061	40947	166499.00
2018/04/17	4.050	4.068	4.002	4.065	7100	28599.00
2018/04/18	4.002	4.088	3.974	4.080	24500	97719.00
2018/04/19	4.000	4.078	4.000	4.041	9100	36658.00
2018/04/20	4.020	4.049	4.009	4.049	1900	7630.00
2018/04/23	3.965	3.965	3.951	3.965	1800	7131.00
2018/04/24	4.100	4.100	3.980	4.097	16900	69100.00
2018/04/25	4.090	4.097	4.025	4.097	18200	73746.00
2018/04/26	4.040	4.040	4.019	4.019	10600	42777.00
2018/04/27	4.000	4.050	4.000	4.001	25101	100888.00
2018/05/02	4.090	4.090	3.987	4.085	44273	177400.00
2018/05/03	4.095	4.095	4.088	4.088	2600	10642.00
2018/05/04	4.020	4.100	4.020	4.098	19600	80165.00
2018/05/07	4.125	4.250	4.090	4.113	33200	137252.00
2018/05/08	4.092	4.186	4.092	4.125	85500	356923.00
2018/05/09	4.125	4.125	4.125	4.125	900	3713.00
2018/05/10	4.160	4.205	4.150	4.203	33748	141053.00
2018/05/11	4.248	4.248	4.147	4.153	17300	71818.00
2018/05/14	4.220	4.220	4.122	4.122	22000	92644.00
2018/05/15	4.180	4.190	4.165	4.190	27500	115192.00
2018/05/16	4.141	4.162	4.141	4.159	7500	31129.00
2018/05/17	4.159	4.159	4.159	4.159	0	0.00
2018/05/18	4.113	4.185	4.113	4.185	10600	43641.00
2018/05/21	4.185	4.185	4.180	4.180	600	2509.00
2018/05/22	4.150	4.199	4.113	4.120	4400	18145.00
2018/05/23	4.180	4.180	4.150	4.150	1200	5001.00
2018/05/24	4.178	4.178	4.165	4.165	21700	90452.00
2018/05/25	4.112	4.165	4.062	4.165	11800	48105.00
2018/05/28	4.090	4.151	4.071	4.148	10000	40857.00
2018/05/29	4.133	4.135	4.083	4.083	11500	47478.00
2018/05/30	4.062	4.062	4.001	4.002	3200	12824.00
2018/05/31	4.001	4.026	3.985	4.024	15600	62308.00
2018/06/01	4.005	4.005	4.005	4.005	100	401.00
2018/06/04	3.985	3.992	3.920	3.988	40600	160225.00
2018/06/05	3.972	4.010	3.958	4.010	40500	160892.00
2018/06/06	3.997	4.037	3.990	4.017	23000	91783.00
2018/06/07	4.010	4.010	3.992	3.992	4533	18122.00
2018/06/08	3.970	3.970	3.937	3.960	4100	16166.00
2018/06/11	3.939	3.946	3.908	3.946	10600	41496.00
2018/06/12	3.925	3.964	3.921	3.962	7701	30367.00
2018/06/13	3.940	3.972	3.930	3.960	15700	61875.00
2018/06/14	3.934	3.949	3.934	3.949	1100	4329.00
2018/06/15	3.930	3.959	3.920	3.959	1800	7082.00
2018/06/19	3.940	3.940	3.770	3.878	28900	111177.00
2018/06/20	3.800	3.800	3.741	3.799	47900	179897.00
2018/06/21	3.797	3.797	3.710	3.762	2600	9716.00
2018/06/22	3.698	3.760	3.698	3.759	4400	16470.00
2018/06/25	3.748	3.748	3.725	3.739	2200	8233.00
2018/06/26	3.721	3.742	3.721	3.742	3400	12662.00
2018/06/27	3.740	3.741	3.723	3.741	24700	92363.00
2018/06/28	3.649	3.900	3.649	3.851	23500	86497.00
2018/06/29	3.800	3.840	3.716	3.840	21500	81334.00
2018/07/02	3.800	3.800	3.703	3.704	16300	60588.00
2018/07/03	3.720	3.726	3.700	3.700	12507	46548.00
2018/07/04	3.699	3.699	3.699	3.699	100	370.00
2018/07/05	3.699	3.699	3.699	3.699	0	0.00
2018/07/06	3.760	3.760	3.760	3.760	9800	36848.00
2018/07/09	3.828	3.828	3.790	3.795	25200	95616.00
2018/07/10	3.795	3.795	3.780	3.789	4200	15907.00
2018/07/11	3.700	3.880	3.700	3.703	4900	18299.00
2018/07/12	3.713	3.877	3.713	3.732	18800	69987.00
2018/07/13	3.710	3.809	3.710	3.806	14100	52775.00
2018/07/16	3.787	3.827	3.779	3.827	2100	7958.00
2018/07/17	3.730	3.823	3.730	3.823	800	3021.00
2018/07/18	3.730	3.804	3.730	3.792	3800	14260.00
2018/07/19	3.794	3.794	3.777	3.777	2000	7563.00
2018/07/20	3.777	3.777	3.777	3.777	0	0.00
2018/07/23	3.740	3.816	3.740	3.800	14600	55092.00
2018/07/24	3.798	3.861	3.798	3.813	2300	8761.00
2018/07/25	3.816	3.849	3.815	3.815	3400	13003.00
2018/07/26	3.816	3.816	3.814	3.814	3400	12969.00
2018/07/27	3.801	3.802	3.801	3.802	300	1141.00
2018/07/30	3.762	3.764	3.762	3.764	1200	4515.00
2018/07/31	3.778	3.788	3.778	3.788	500	1893.00
2018/08/01	3.765	3.765	3.764	3.764	2600	9788.00
2018/08/02	3.640	3.758	3.640	3.743	11673	43420.00
2018/08/03	3.630	3.724	3.630	3.718	17900	66399.00
2018/08/06	3.748	3.748	3.748	3.748	300	1124.00
2018/08/07	3.700	3.775	3.700	3.775	15800	59410.00
2018/08/08	3.670	3.700	3.670	3.700	7400	27308.00
2018/08/09	3.768	3.768	3.721	3.721	4977	18627.00
2018/08/10	3.702	3.771	3.700	3.760	7800	28885.00
2018/08/13	3.701	3.701	3.701	3.701	2100	7772.00
2018/08/14	3.702	3.702	3.702	3.702	1900	7034.00
2018/08/15	3.700	3.700	3.700	3.700	4077	15085.00
2018/08/16	3.697	3.697	3.697	3.697	3000	11091.00
2018/08/17	3.698	3.698	3.695	3.695	3200	11827.00
2018/08/20	3.605	3.605	3.599	3.599	25700	92506.00
2018/08/21	3.598	3.734	3.598	3.720	8500	30645.00
2018/08/22	3.717	3.717	3.580	3.716	900	3331.00
2018/08/23	3.700	3.700	3.686	3.686	8500	31446.00
2018/08/24	3.560	3.561	3.560	3.561	500	1780.00
2018/08/27	3.590	3.769	3.590	3.768	9200	33243.00
2018/08/28	3.603	3.745	3.603	3.727	8600	32094.00
2018/08/29	3.749	3.749	3.662	3.749	5900	22050.00
2018/08/30	3.728	3.728	3.700	3.700	7400	27386.00
2018/08/31	3.745	3.745	3.610	3.737	27500	99484.00
2018/09/03	3.610	3.720	3.610	3.692	9000	33329.00
2018/09/04	3.740	3.740	3.650	3.651	3573	13054.00
2018/09/05	3.642	3.643	3.642	3.643	3242	11810.00
2018/09/06	3.710	3.710	3.610	3.610	16000	59170.00
2018/09/07	3.630	3.775	3.630	3.632	4000	14626.00
2018/09/10	3.788	3.788	3.603	3.656	10500	38350.00
2018/09/11	3.615	3.615	3.615	3.615	5000	18075.00
2018/09/12	3.615	3.615	3.615	3.615	0	0.00
2018/09/13	3.737	3.737	3.610	3.610	6700	24939.00
2018/09/14	3.610	3.610	3.610	3.610	300	1083.00
2018/09/17	3.600	3.660	3.600	3.660	9247	33409.00
2018/09/18	3.550	3.560	3.550	3.560	1100	3906.00
2018/09/19	3.670	3.880	3.670	3.741	38600	144092.00
2018/09/20	3.880	3.880	3.744	3.870	57800	221010.00
2018/09/21	3.720	3.875	3.720	3.870	29900	115108.00
2018/09/25	3.870	3.870	3.688	3.690	106000	394844.00
2018/09/26	3.601	3.690	3.601	3.678	65800	241003.00
2018/09/27	3.670	3.670	3.621	3.645	50599	183922.00
2018/09/28	3.645	3.645	3.629	3.645	3900	14181.00
2018/10/08	3.596	3.679	3.562	3.563	190000	677983.00
2018/10/09	3.544	3.646	3.544	3.550	75600	268228.00
2018/10/10	3.548	3.548	3.544	3.545	31800	112801.00
2018/10/11	3.531	3.531	3.385	3.389	88300	305073.00
2018/10/12	3.280	3.389	3.280	3.313	97400	321092.00
2018/10/15	3.327	3.415	3.295	3.310	50100	166630.00
2018/10/16	3.356	3.356	3.262	3.290	19600	64487.00
2018/10/17	3.397	3.397	3.225	3.331	11700	39133.00
2018/10/18	3.205	3.360	3.201	3.310	7900	25933.00
2018/10/19	3.253	3.350	3.040	3.350	218900	732959.00
2018/10/22	3.359	3.484	3.209	3.470	305000	1043885.00
2018/10/23	3.355	3.397	3.218	3.365	155521	513896.00
2018/10/24	3.266	3.333	3.262	3.306	38000	125386.00
2018/10/25	3.295	3.295	3.211	3.295	9800	32059.00
2018/10/26	3.285	3.310	3.221	3.304	74100	244451.00
2018/10/29	3.279	3.291	3.200	3.218	20000	64344.00
2018/10/30	3.133	3.239	3.133	3.202	24700	79079.00
2018/10/31	3.268	3.271	3.200	3.269	25400	82739.00
2018/11/01	3.295	3.399	3.262	3.300	25800	85040.00
2018/11/02	3.395	3.398	3.239	3.379	167800	563400.00
2018/11/05	3.350	3.470	3.350	3.440	654500	2253364.00
2018/11/06	3.436	3.436	3.280	3.410	39600	132198.00
2018/11/07	3.384	3.401	3.339	3.354	33000	111564.00
2018/11/08	3.430	3.430	3.339	3.339	60400	204345.00
2018/11/09	3.340	3.340	3.277	3.289	51920	171462.00
2018/11/12	3.287	3.399	3.245	3.391	724700	2389100.00
2018/11/13	3.309	3.439	3.300	3.409	378400	1274525.00
2018/11/14	3.302	3.414	3.302	3.406	111800	378234.00
2018/11/15	3.394	3.443	3.385	3.443	28800	98140.00
2018/11/16	3.440	3.473	3.400	3.473	109400	375417.00
2018/11/19	3.473	3.476	3.400	3.476	123300	420206.00
2018/11/20	3.420	3.465	3.353	3.416	65300	222134.00
2018/11/21	3.360	3.391	3.343	3.390	22600	76201.00
2018/11/22	3.393	3.393	3.393	3.393	100	339.00
2018/11/23	3.393	3.399	3.300	3.349	79700	266748.00
2018/11/26	3.295	3.336	3.295	3.300	5400	17912.00
2018/11/27	3.350	3.350	3.302	3.318	500	1668.00
2018/11/28	3.320	3.329	3.295	3.305	50400	166291.00
2018/11/29	3.390	3.390	3.300	3.300	69100	228728.00
2018/11/30	3.301	3.350	3.260	3.338	42400	139927.00
2018/12/03	3.390	3.409	3.360	3.396	127300	431486.00
2018/12/04	3.310	3.419	3.310	3.417	26400	88416.00
2018/12/05	3.308	3.406	3.308	3.406	140500	471427.00
2018/12/06	3.321	3.378	3.320	3.336	13700	45820.00
2018/12/07	3.312	3.346	3.312	3.312	12200	40440.00
2018/12/10	3.312	3.330	3.300	3.320	13600	45168.00
2018/12/11	3.338	3.338	3.308	3.327	27100	90231.00
2018/12/12	3.320	3.345	3.298	3.345	12300	40803.00
2018/12/13	3.346	3.366	3.323	3.366	41200	137915.00
2018/12/14	3.312	3.347	3.300	3.301	36200	120129.00
2018/12/17	3.295	3.299	3.260	3.299	36400	119789.00
2018/12/18	3.273	3.293	3.270	3.270	18300	59876.00
2018/12/19	3.290	3.298	3.260	3.260	31800	103811.00
2018/12/20	3.254	3.263	3.220	3.262	34699	112442.00
2018/12/21	3.260	3.290	3.215	3.260	79800	258381.00
2018/12/24	3.310	3.320	3.220	3.278	17200	55676.00
2018/12/25	3.260	3.260	3.162	3.230	71300	228198.00
2018/12/26	3.228	3.228	3.180	3.210	6900	22117.00
2018/12/27	3.191	3.202	3.182	3.182	17000	54242.00
2018/12/28	3.102	3.181	3.102	3.153	21900	68867.00
2019/01/02	3.110	3.178	3.110	3.178	500	1569.00
2019/01/03	3.101	3.172	3.101	3.167	26300	82504.00
2019/01/04	3.168	3.230	3.168	3.229	32400	103412.00
2019/01/07	3.161	3.288	3.161	3.288	56600	184789.00
2019/01/08	3.286	3.288	3.286	3.287	27500	90409.00
2019/01/09	3.172	3.307	3.172	3.280	180300	589852.00
2019/01/10	3.276	3.276	3.237	3.238	16200	52975.00
2019/01/11	3.238	3.238	3.235	3.235	23500	76087.00
2019/01/14	3.235	3.235	3.235	3.235	0	0.00
2019/01/15	3.279	3.330	3.276	3.330	46700	153533.00
2019/01/16	3.394	3.394	3.295	3.388	41500	138330.00
2019/01/17	3.246	3.374	3.246	3.275	21420	70156.00
2019/01/18	3.300	3.328	3.300	3.328	5100	16959.00
2019/01/21	3.345	3.359	3.300	3.329	9200	30605.00
2019/01/22	3.300	3.300	3.262	3.262	26500	87319.00
2019/01/23	3.268	3.290	3.268	3.290	12400	40576.00
2019/01/24	3.330	3.330	3.278	3.290	10200	33566.00
2019/01/25	3.300	3.300	3.300	3.300	200	660.00
2019/01/28	3.300	3.350	3.293	3.300	19900	65783.00
2019/01/29	3.216	3.300	3.216	3.300	14600	47473.00
2019/01/30	3.317	3.317	3.214	3.296	14900	48981.00
2019/01/31	3.260	3.260	3.259	3.259	800	2608.00
2019/02/01	3.221	3.357	3.221	3.345	21800	71053.00
2019/02/11	3.345	3.398	3.345	3.380	59800	201925.00
2019/02/12	3.380	3.448	3.380	3.394	49000	167825.00
2019/02/13	3.400	3.550	3.400	3.500	136400	474529.00
2019/02/14	3.500	3.505	3.428	3.488	58600	204452.00
2019/02/15	3.485	3.529	3.463	3.463	124800	436681.00
2019/02/18	3.498	3.599	3.466	3.584	102600	366916.00
2019/02/19	3.599	3.706	3.580	3.585	401884	1468384.00
2019/02/20	3.548	3.683	3.548	3.590	59166	213105.00
2019/02/21	3.590	3.656	3.588	3.610	94400	340495.00
2019/02/22	3.556	3.800	3.553	3.715	260366	936698.00
2019/02/25	3.784	3.900	3.716	3.859	393300	1496556.00
2019/02/26	3.859	3.999	3.859	3.900	323600	1265817.00
数据来源:通达信
