513100 纳指ETF 日线 前复权
      日期	    开盘	    最高	    最低	    收盘	    成交量	    成交额
2013/05/15	0.990	0.999	0.989	0.997	87711620	87379280.00
2013/05/16	0.997	0.999	0.994	0.999	26557020	26501420.00
2013/05/17	0.999	1.000	0.996	0.997	3637900	3630062.00
2013/05/20	1.002	1.004	0.996	0.997	8049017	8033038.50
2013/05/21	0.997	0.998	0.994	0.997	16112391	16023195.00
2013/05/22	0.998	1.001	0.998	0.999	4625700	4622030.50
2013/05/23	0.996	0.996	0.989	0.991	2181700	2160730.75
2013/05/24	0.992	0.995	0.991	0.994	1660400	1647992.25
2013/05/27	0.995	0.995	0.991	0.995	649278	645096.63
2013/05/28	0.996	0.996	0.991	0.992	5412478	5375504.00
2013/05/29	0.994	0.997	0.991	0.996	2663900	2647352.00
2013/05/30	0.992	0.993	0.991	0.992	670100	664510.69
2013/05/31	0.992	0.998	0.992	0.998	1030800	1026402.31
2013/06/03	0.995	0.995	0.989	0.990	949200	939507.38
2013/06/04	0.992	0.994	0.991	0.993	2761578	2740707.50
2013/06/05	0.993	0.993	0.987	0.989	450300	445240.09
2013/06/06	0.985	0.985	0.970	0.973	5063500	4922812.00
2013/06/07	0.978	0.980	0.971	0.973	2635221	2566606.25
2013/06/13	0.962	0.972	0.962	0.966	1523020	1472109.38
2013/06/14	0.977	0.979	0.975	0.979	2961777	2892362.75
2013/06/17	0.975	0.976	0.973	0.976	386300	376773.19
2013/06/18	0.981	0.985	0.981	0.984	656879	646250.75
2013/06/19	0.994	0.999	0.992	0.998	2900377	2887213.00
2013/06/20	0.985	0.985	0.930	0.981	3392600	3299453.75
2013/06/21	0.950	0.960	0.947	0.960	4006094	3821737.25
2013/06/24	0.960	0.960	0.951	0.952	842399	801932.94
2013/06/25	0.952	0.952	0.942	0.947	1199399	1133143.75
2013/06/26	0.950	0.960	0.941	0.946	2178801	2062151.88
2013/06/27	0.960	0.960	0.954	0.957	1352250	1293459.38
2013/06/28	0.961	0.965	0.961	0.963	1763882	1699744.75
2013/07/01	0.963	0.965	0.960	0.965	594066	572262.88
2013/07/02	0.974	0.974	0.968	0.972	1776971	1725760.13
2013/07/03	0.972	0.973	0.970	0.973	945361	918040.63
2013/07/04	0.973	0.978	0.973	0.978	793703	774942.00
2013/07/05	0.986	0.989	0.976	0.989	1669870	1642111.38
2013/07/08	0.995	1.000	0.987	0.998	3221840	3204852.25
2013/07/09	0.997	1.000	0.995	0.996	1549795	1546459.63
2013/07/10	1.002	1.009	0.993	0.999	3700743	3698860.75
2013/07/11	1.000	1.005	0.998	1.004	3467044	3469293.25
2013/07/12	1.011	1.020	1.011	1.019	5664450	5767604.00
2013/07/15	1.026	1.028	1.020	1.023	3069473	3138794.75
2013/07/16	1.023	1.023	1.018	1.019	1709902	1743022.63
2013/07/17	1.016	1.021	1.015	1.019	966134	984804.63
2013/07/18	1.020	1.022	1.019	1.020	1350851	1378243.63
2013/07/19	1.020	1.022	1.018	1.019	1928015	1966168.75
2013/07/22	1.019	1.019	1.013	1.015	1366843	1388069.75
2013/07/23	1.016	1.017	1.014	1.016	2194327	2228584.00
2013/07/24	1.013	1.013	0.995	1.000	3521740	3527895.00
2013/07/25	1.002	1.004	0.998	1.000	2446714	2447827.75
2013/07/26	1.009	1.010	1.006	1.010	810510	817652.69
2013/07/29	1.010	1.016	1.010	1.015	1091799	1107133.88
2013/07/30	1.013	1.013	1.010	1.011	655990	663066.56
2013/07/31	1.016	1.018	1.013	1.013	1278290	1297056.75
2013/08/01	1.014	1.016	1.013	1.014	1847659	1873999.50
2013/08/02	1.030	1.033	1.020	1.023	5828079	5960456.00
2013/08/05	1.028	1.033	1.028	1.031	3340898	3441001.25
2013/08/06	1.030	1.031	1.025	1.030	3644785	3746970.50
2013/08/07	1.019	1.020	1.015	1.017	2918609	2968094.25
2013/08/08	1.020	1.020	1.016	1.018	1430427	1457042.25
2013/08/09	1.019	1.026	1.019	1.026	1490100	1526663.38
2013/08/12	1.024	1.024	1.014	1.019	1589345	1616635.00
2013/08/13	1.019	1.023	1.016	1.019	1066147	1087177.50
2013/08/14	1.023	1.030	1.019	1.021	2387737	2440549.00
2013/08/15	1.016	1.020	1.010	1.017	2702901	2742577.00
2013/08/16	1.000	1.003	1.000	1.001	1724588	1726322.88
2013/08/19	1.001	1.003	0.999	1.000	1101210	1101665.88
2013/08/20	0.998	0.999	0.994	0.995	4055433	4043894.25
2013/08/21	1.000	1.004	1.000	1.001	785800	787400.13
2013/08/22	1.000	1.001	0.998	0.998	763522	763005.75
2013/08/23	1.008	1.015	1.008	1.015	2587498	2615619.50
2013/08/26	1.019	1.021	1.016	1.019	3116200	3176103.50
2013/08/27	1.018	1.018	1.015	1.017	709333	720755.31
2013/08/28	0.998	0.999	0.995	0.996	1681899	1676996.63
2013/08/29	1.000	1.002	0.999	1.002	670698	671519.00
2013/08/30	1.004	1.011	1.004	1.009	1138899	1147621.88
2013/09/02	1.005	1.013	1.004	1.012	3228298	3253559.25
2013/09/03	1.012	1.015	1.009	1.015	1940392	1965669.75
2013/09/04	1.010	1.016	1.005	1.013	1206210	1218605.25
2013/09/05	1.018	1.022	1.016	1.019	2634410	2685492.75
2013/09/06	1.020	1.021	1.015	1.016	1003600	1022433.50
2013/09/09	1.020	1.028	1.019	1.026	4584910	4700028.50
2013/09/10	1.028	1.032	1.027	1.028	2847118	2927213.50
2013/09/11	1.028	1.037	1.028	1.030	2946567	3042043.75
2013/09/12	1.029	1.037	1.027	1.031	2277499	2348687.50
2013/09/13	1.028	1.033	1.026	1.028	721200	742170.75
2013/09/16	1.036	1.043	1.036	1.040	2464899	2563450.25
2013/09/17	1.037	1.037	1.029	1.029	852300	879451.13
2013/09/18	1.034	1.042	1.032	1.041	1312200	1364840.13
2013/09/23	1.042	1.063	1.042	1.063	3929874	4137077.25
2013/09/24	1.043	1.064	1.043	1.060	1043900	1103617.50
2013/09/25	1.060	1.063	1.054	1.060	2085410	2208685.50
2013/09/26	1.068	1.068	1.054	1.060	1155900	1226533.50
2013/09/27	1.070	1.075	1.063	1.071	1163573	1243138.88
2013/09/30	1.070	1.070	1.050	1.056	1653900	1755273.50
2013/10/08	1.060	1.060	1.054	1.054	995200	1051337.75
2013/10/09	1.035	1.040	1.035	1.040	1461599	1515825.13
2013/10/10	1.026	1.042	1.026	1.042	733601	760976.50
2013/10/11	1.052	1.065	1.049	1.065	936400	994146.63
2013/10/14	1.070	1.070	1.064	1.067	595400	635580.00
2013/10/15	1.074	1.081	1.074	1.081	1083699	1168906.25
2013/10/16	1.073	1.080	1.070	1.079	1122700	1208327.25
2013/10/17	1.086	1.096	1.086	1.096	1178880	1287337.13
2013/10/18	1.107	1.107	1.094	1.101	1234805	1356910.38
2013/10/21	1.101	1.116	1.101	1.114	902973	1005538.13
2013/10/22	1.117	1.162	1.114	1.156	6296308	7177423.00
2013/10/23	1.156	1.171	1.137	1.140	2400299	2745514.75
2013/10/24	1.130	1.143	1.108	1.121	3833600	4286236.50
2013/10/25	1.125	1.155	1.125	1.139	2666467	3038599.25
2013/10/28	1.151	1.151	1.134	1.141	2151300	2457572.00
2013/10/29	1.142	1.142	1.121	1.123	1266100	1425096.88
2013/10/30	1.128	1.129	1.124	1.128	1251100	1410744.63
2013/10/31	1.120	1.120	1.114	1.116	1052035	1175667.00
2013/11/01	1.097	1.120	1.097	1.118	880710	979642.25
2013/11/04	1.112	1.123	1.112	1.122	619600	693267.31
2013/11/05	1.130	1.130	1.122	1.126	776900	873215.88
2013/11/06	1.126	1.134	1.121	1.134	938968	1058519.38
2013/11/07	1.131	1.136	1.123	1.134	980200	1106625.00
2013/11/08	1.112	1.133	1.104	1.125	1553700	1744366.63
2013/11/11	1.145	1.145	1.122	1.128	1280699	1445611.50
2013/11/12	1.128	1.128	1.124	1.126	611000	687898.19
2013/11/13	1.121	1.121	1.116	1.117	570700	638532.00
2013/11/14	1.138	1.139	1.128	1.134	2700300	3055994.75
2013/11/15	1.140	1.140	1.129	1.132	2106290	2385021.00
2013/11/18	1.135	1.138	1.129	1.132	1692375	1914117.88
2013/11/19	1.128	1.128	1.111	1.116	2474643	2760716.50
2013/11/20	1.113	1.113	1.085	1.098	16732597	18340474.00
2013/11/21	1.095	1.100	1.085	1.089	2228251	2430279.00
2013/11/22	1.111	1.111	1.103	1.108	1051045	1162416.63
2013/11/25	1.108	1.125	1.108	1.125	1136811	1273586.00
2013/11/26	1.120	1.122	1.118	1.121	712076	797425.38
2013/11/27	1.126	1.133	1.126	1.133	1299700	1468750.38
2013/11/28	1.138	1.142	1.132	1.142	1714400	1947189.25
2013/11/29	1.142	1.142	1.135	1.137	635798	722713.25
2013/12/02	1.139	1.142	1.134	1.136	784100	891249.00
2013/12/03	1.136	1.138	1.130	1.131	1075545	1217235.25
2013/12/04	1.126	1.136	1.126	1.132	597867	676138.31
2013/12/05	1.134	1.134	1.131	1.132	330900	374677.91
2013/12/06	1.133	1.134	1.131	1.132	540600	612057.00
2013/12/09	1.138	1.144	1.138	1.144	820100	936673.00
2013/12/10	1.142	1.145	1.141	1.145	891700	1019662.38
2013/12/11	1.143	1.143	1.135	1.135	761900	867320.38
2013/12/12	1.130	1.138	1.115	1.118	1951124	2196203.75
2013/12/13	1.117	1.125	1.117	1.122	522200	584972.63
2013/12/16	1.121	1.125	1.119	1.121	866800	971727.56
2013/12/17	1.126	1.128	1.126	1.128	565700	637666.69
2013/12/18	1.116	1.126	1.116	1.122	824600	924011.13
2013/12/19	1.133	1.140	1.133	1.136	1243000	1414279.75
2013/12/20	1.133	1.138	1.132	1.137	1321199	1500942.00
2013/12/23	1.148	1.155	1.145	1.155	1207699	1390750.00
2013/12/24	1.159	1.173	1.159	1.173	1892800	2213294.00
2013/12/25	1.174	1.179	1.167	1.175	786900	921950.13
2013/12/26	1.170	1.177	1.167	1.175	1500809	1758591.63
2013/12/27	1.178	1.187	1.176	1.179	1104187	1303793.38
2013/12/30	1.176	1.176	1.159	1.162	2717400	3164599.75
2013/12/31	1.160	1.163	1.153	1.163	1057200	1225937.63
2014/01/02	1.167	1.172	1.167	1.169	1213600	1419482.25
2014/01/03	1.160	1.161	1.156	1.161	1436699	1665535.38
2014/01/06	1.164	1.164	1.154	1.157	683900	790851.81
2014/01/07	1.156	1.157	1.152	1.156	1090800	1259099.38
2014/01/08	1.169	1.173	1.160	1.173	3180304	3703985.75
2014/01/09	1.173	1.174	1.170	1.172	620100	726344.06
2014/01/10	1.170	1.172	1.164	1.171	786201	918786.44
2014/01/13	1.170	1.172	1.169	1.170	793600	928636.50
2014/01/14	1.156	1.158	1.150	1.157	1585931	1829622.38
2014/01/15	1.168	1.176	1.160	1.168	1214376	1421091.13
2014/01/16	1.175	1.182	1.175	1.181	1329242	1568885.88
2014/01/17	1.176	1.185	1.176	1.183	626727	740998.88
2014/01/20	1.181	1.182	1.175	1.180	692522	816702.38
2014/01/21	1.179	1.183	1.177	1.182	662664	782125.00
2014/01/22	1.185	1.187	1.182	1.182	834500	988056.63
2014/01/23	1.188	1.194	1.185	1.191	1393831	1657256.63
2014/01/24	1.189	1.189	1.181	1.186	1395790	1653094.50
2014/01/27	1.174	1.174	1.155	1.162	2333051	2703008.50
2014/01/28	1.152	1.160	1.150	1.160	2716115	3134312.25
2014/01/29	1.162	1.186	1.159	1.174	1241382	1448090.00
2014/01/30	1.159	1.168	1.148	1.163	2209600	2550991.50
2014/02/07	1.162	1.162	1.147	1.160	2334602	2694738.50
2014/02/10	1.173	1.173	1.170	1.172	1729454	2024899.63
2014/02/11	1.173	1.177	1.169	1.171	1360599	1594376.13
2014/02/12	1.180	1.184	1.180	1.184	999406	1180947.00
2014/02/13	1.183	1.183	1.177	1.177	1537900	1812717.00
2014/02/14	1.187	1.194	1.179	1.183	4395749	5203835.00
2014/02/17	1.184	1.189	1.181	1.187	2055060	2433424.75
2014/02/18	1.187	1.187	1.181	1.184	968885	1146286.88
2014/02/19	1.184	1.197	1.184	1.196	1957761	2336669.25
2014/02/20	1.189	1.189	1.182	1.189	1058600	1255639.88
2014/02/21	1.192	1.204	1.192	1.203	1418870	1702903.38
2014/02/24	1.201	1.201	1.197	1.200	1360700	1632449.13
2014/02/25	1.203	1.215	1.203	1.215	1817801	2200252.25
2014/02/26	1.213	1.229	1.207	1.225	2312902	2809765.25
2014/02/27	1.223	1.228	1.210	1.227	1927020	2350874.50
2014/02/28	1.228	1.267	1.226	1.250	3226642	4011482.00
2014/03/03	1.245	1.246	1.204	1.239	3215825	3938835.25
2014/03/04	1.213	1.230	1.211	1.225	3416101	4157284.75
2014/03/05	1.241	1.242	1.228	1.240	3639410	4492463.00
2014/03/06	1.239	1.239	1.228	1.233	1900700	2341716.00
2014/03/07	1.230	1.236	1.226	1.231	1953900	2403897.25
2014/03/10	1.231	1.231	1.218	1.220	2460026	3002247.50
2014/03/11	1.218	1.221	1.218	1.221	1027900	1253533.75
2014/03/12	1.216	1.216	1.211	1.215	1313799	1594599.75
2014/03/13	1.221	1.221	1.217	1.219	851099	1037347.06
2014/03/14	1.201	1.202	1.195	1.197	2359600	2826562.50
2014/03/17	1.192	1.193	1.185	1.189	3545544	4211294.00
2014/03/18	1.199	1.208	1.197	1.208	3149574	3783944.25
2014/03/19	1.220	1.226	1.220	1.226	2723959	3334467.75
2014/03/20	1.218	1.218	1.211	1.213	1423300	1726634.25
2014/03/21	1.216	1.220	1.215	1.220	1664759	2028566.75
2014/03/24	1.210	1.210	1.203	1.206	2244890	2709577.25
2014/03/25	1.193	1.197	1.191	1.197	1932339	2308119.00
2014/03/26	1.199	1.199	1.195	1.198	959850	1148466.63
2014/03/27	1.181	1.184	1.176	1.179	2324999	2745124.25
2014/03/28	1.175	1.175	1.171	1.173	1886959	2212246.00
2014/03/31	1.174	1.176	1.174	1.176	1074200	1262635.25
2014/04/01	1.187	1.194	1.185	1.193	2303100	2739298.25
2014/04/02	1.209	1.216	1.208	1.214	2639580	3197719.25
2014/04/03	1.216	1.216	1.208	1.210	1534200	1855385.63
2014/04/04	1.197	1.199	1.194	1.199	1697003	2029811.63
2014/04/08	1.160	1.162	1.154	1.161	5105203	5905016.50
2014/04/09	1.168	1.172	1.161	1.168	3447702	4020811.75
2014/04/10	1.186	1.186	1.177	1.180	3185599	3760881.00
2014/04/11	1.149	1.149	1.140	1.142	5303800	6065152.00
2014/04/14	1.123	1.134	1.122	1.134	2265629	2556796.50
2014/04/15	1.136	1.141	1.136	1.139	1952500	2222456.00
2014/04/16	1.140	1.145	1.140	1.145	1987000	2268841.00
2014/04/17	1.153	1.160	1.153	1.155	1392100	1610112.63
2014/04/18	1.157	1.159	1.153	1.154	1928900	2229888.00
2014/04/21	1.154	1.159	1.154	1.157	471400	545693.50
2014/04/22	1.162	1.167	1.160	1.166	1156135	1346807.88
2014/04/23	1.175	1.178	1.172	1.172	1107039	1300654.13
2014/04/24	1.163	1.178	1.163	1.177	3455448	4048887.00
2014/04/25	1.176	1.177	1.174	1.177	1204400	1415622.25
2014/04/28	1.161	1.162	1.153	1.155	1581200	1827060.50
2014/04/29	1.160	1.161	1.157	1.159	532899	617552.94
2014/04/30	1.167	1.172	1.167	1.170	867300	1014403.13
2014/05/05	1.171	1.174	1.170	1.174	1033100	1211527.13
2014/05/06	1.178	1.182	1.178	1.181	877200	1034963.13
2014/05/07	1.163	1.166	1.161	1.164	765300	890264.13
2014/05/08	1.161	1.161	1.159	1.161	1024733	1188474.38
2014/05/09	1.161	1.161	1.156	1.159	757167	876428.63
2014/05/12	1.163	1.166	1.161	1.164	1995523	2321853.25
2014/05/13	1.180	1.187	1.180	1.186	3120498	3697684.75
2014/05/14	1.184	1.192	1.184	1.190	1375275	1633271.25
2014/05/15	1.180	1.186	1.180	1.186	720000	852442.31
2014/05/16	1.182	1.182	1.176	1.179	466800	549656.88
2014/05/19	1.180	1.184	1.180	1.182	643700	761090.69
2014/05/20	1.190	1.192	1.190	1.190	899251	1071183.75
2014/05/21	1.189	1.189	1.182	1.183	613097	725093.56
2014/05/22	1.195	1.198	1.194	1.197	670600	801969.19
2014/05/23	1.199	1.202	1.199	1.202	694700	834475.38
2014/05/26	1.210	1.212	1.209	1.211	710874	860521.38
2014/05/27	1.212	1.216	1.212	1.216	876700	1064903.25
2014/05/28	1.225	1.232	1.225	1.229	1777976	2186454.75
2014/05/29	1.231	1.231	1.220	1.224	1621799	1982371.25
2014/05/30	1.234	1.239	1.232	1.239	1516400	1873678.25
2014/06/03	1.236	1.236	1.231	1.236	705100	870076.63
2014/06/04	1.235	1.235	1.231	1.233	806735	994168.88
2014/06/05	1.240	1.242	1.237	1.242	605001	749761.75
2014/06/06	1.252	1.256	1.249	1.255	1070500	1340670.38
2014/06/09	1.261	1.261	1.253	1.256	959633	1204712.50
2014/06/10	1.258	1.258	1.246	1.249	2023399	2528750.75
2014/06/11	1.249	1.255	1.249	1.255	1643600	2057628.88
2014/06/12	1.251	1.253	1.246	1.248	923938	1153714.75
2014/06/13	1.240	1.243	1.238	1.241	2339332	2901583.50
2014/06/16	1.247	1.247	1.239	1.239	660300	819142.63
2014/06/17	1.242	1.246	1.241	1.243	513049	637612.25
2014/06/18	1.245	1.245	1.241	1.242	605800	753043.81
2014/06/19	1.246	1.258	1.246	1.257	1158532	1454335.00
2014/06/20	1.255	1.257	1.253	1.254	530750	666154.31
2014/06/23	1.260	1.260	1.253	1.256	694100	871740.31
2014/06/24	1.256	1.257	1.253	1.256	380300	477208.69
2014/06/25	1.250	1.255	1.247	1.254	1313000	1644027.25
2014/06/26	1.262	1.265	1.261	1.264	752809	951050.25
2014/06/27	1.264	1.268	1.260	1.268	915109	1156807.00
2014/06/30	1.268	1.271	1.267	1.271	587200	745540.81
2014/07/01	1.272	1.273	1.269	1.273	824300	1047703.19
2014/07/02	1.281	1.289	1.281	1.286	1077684	1385536.38
2014/07/03	1.286	1.288	1.285	1.288	380900	490180.81
2014/07/04	1.296	1.306	1.295	1.305	1649406	2145807.25
2014/07/07	1.305	1.308	1.291	1.308	816115	1063438.38
2014/07/08	1.300	1.307	1.300	1.304	1194900	1557212.25
2014/07/09	1.295	1.295	1.277	1.284	1915964	2456563.75
2014/07/10	1.286	1.293	1.286	1.291	1440200	1859128.75
2014/07/11	1.284	1.285	1.280	1.281	1345800	1725120.25
2014/07/14	1.285	1.291	1.285	1.290	831500	1071214.00
2014/07/15	1.297	1.302	1.295	1.301	1174180	1525862.13
2014/07/16	1.296	1.296	1.292	1.296	869200	1124873.75
2014/07/17	1.298	1.300	1.297	1.300	415802	539932.31
2014/07/18	1.282	1.290	1.274	1.290	2101300	2696354.00
2014/07/21	1.298	1.302	1.297	1.302	1678086	2180096.75
2014/07/22	1.291	1.299	1.291	1.299	453900	589143.50
2014/07/23	1.303	1.305	1.300	1.304	1094499	1425855.38
2014/07/24	1.307	1.316	1.307	1.314	931000	1222635.25
2014/07/25	1.311	1.312	1.309	1.311	736699	965470.06
2014/07/28	1.307	1.310	1.304	1.306	2862699	3737285.50
2014/07/29	1.305	1.305	1.299	1.304	2189565	2848714.00
2014/07/30	1.302	1.305	1.300	1.303	1232800	1605975.25
2014/07/31	1.308	1.310	1.304	1.308	916635	1198651.25
2014/08/01	1.283	1.287	1.282	1.287	2151109	2762820.00
2014/08/04	1.281	1.286	1.280	1.286	756600	971087.00
2014/08/05	1.294	1.294	1.284	1.288	2006555	2581829.00
2014/08/06	1.280	1.281	1.278	1.279	883879	1130581.38
2014/08/07	1.275	1.281	1.275	1.281	703850	900288.31
2014/08/08	1.278	1.278	1.271	1.272	1100000	1400359.00
2014/08/11	1.278	1.286	1.278	1.286	1273100	1633084.88
2014/08/12	1.293	1.293	1.289	1.290	750100	968459.69
2014/08/13	1.290	1.290	1.283	1.285	413900	531901.63
2014/08/14	1.293	1.302	1.293	1.302	1153600	1499771.38
2014/08/15	1.305	1.311	1.305	1.311	1042900	1366222.75
2014/08/18	1.316	1.316	1.308	1.309	1195600	1566823.25
2014/08/19	1.318	1.325	1.318	1.325	1482367	1960570.50
2014/08/20	1.328	1.333	1.328	1.333	948709	1263403.63
2014/08/21	1.331	1.333	1.327	1.329	1083000	1438782.13
2014/08/22	1.334	1.334	1.331	1.333	520400	693469.81
2014/08/25	1.334	1.337	1.334	1.337	839100	1120589.25
2014/08/26	1.340	1.348	1.340	1.348	1094749	1472555.50
2014/08/27	1.351	1.361	1.345	1.350	1039105	1399395.38
2014/08/28	1.346	1.346	1.342	1.344	732100	983453.63
2014/08/29	1.340	1.340	1.334	1.336	1379200	1844012.25
2014/09/01	1.340	1.347	1.340	1.345	853900	1148954.50
2014/09/02	1.346	1.357	1.346	1.356	1658500	2242724.75
2014/09/03	1.357	1.365	1.355	1.360	1170809	1590846.50
2014/09/04	1.354	1.354	1.341	1.341	1844316	2481211.25
2014/09/05	1.341	1.341	1.337	1.339	993499	1330147.00
2014/09/09	1.345	1.350	1.345	1.348	1596101	2150002.25
2014/09/10	1.335	1.340	1.331	1.340	1104000	1471134.75
2014/09/11	1.345	1.345	1.341	1.342	642600	863322.50
2014/09/12	1.346	1.346	1.341	1.341	692200	929215.69
2014/09/15	1.336	1.337	1.334	1.337	477416	637364.00
2014/09/16	1.329	1.329	1.321	1.322	990560	1310390.50
2014/09/17	1.325	1.336	1.325	1.334	1155900	1540950.38
2014/09/18	1.339	1.339	1.336	1.338	389200	520271.91
2014/09/19	1.340	1.354	1.340	1.354	1277001	1724520.50
2014/09/22	1.350	1.350	1.345	1.346	412300	555181.63
2014/09/23	1.331	1.335	1.329	1.335	1385454	1844749.00
2014/09/24	1.330	1.330	1.323	1.326	1904100	2523443.75
2014/09/25	1.339	1.341	1.337	1.339	1003704	1343698.13
2014/09/26	1.314	1.314	1.312	1.313	1251800	1643560.25
2014/09/29	1.326	1.330	1.326	1.327	1040800	1381150.50
2014/09/30	1.327	1.327	1.323	1.325	2263350	2998102.00
2014/10/08	1.294	1.297	1.290	1.294	4477673	5789999.00
2014/10/09	1.312	1.322	1.312	1.314	2626500	3456892.25
2014/10/10	1.291	1.296	1.290	1.296	1455200	1881670.75
2014/10/13	1.268	1.278	1.267	1.278	2613800	3321977.50
2014/10/14	1.264	1.268	1.256	1.268	3790454	4786998.00
2014/10/15	1.268	1.272	1.262	1.268	1739300	2203797.00
2014/10/16	1.264	1.275	1.254	1.265	2067944	2605743.00
2014/10/17	1.266	1.266	1.251	1.256	2830715	3554916.50
2014/10/20	1.262	1.265	1.260	1.265	1969215	2485645.00
2014/10/21	1.276	1.277	1.275	1.276	2101000	2681029.75
2014/10/22	1.300	1.307	1.298	1.307	4289704	5594689.00
2014/10/23	1.301	1.301	1.296	1.299	1859400	2412411.50
2014/10/24	1.310	1.313	1.310	1.310	1669905	2190455.25
2014/10/27	1.317	1.325	1.316	1.324	1800890	2378235.75
2014/10/28	1.324	1.327	1.319	1.319	1993501	2634535.75
2014/10/29	1.334	1.342	1.334	1.334	1882700	2517621.50
2014/10/30	1.329	1.334	1.324	1.334	2036700	2711971.50
2014/10/31	1.338	1.347	1.338	1.347	1724800	2317430.00
2014/11/03	1.361	1.361	1.357	1.357	724800	984863.13
2014/11/04	1.334	1.362	1.334	1.359	1071310	1455899.13
2014/11/05	1.353	1.357	1.352	1.354	969300	1312961.75
2014/11/06	1.352	1.357	1.352	1.354	771200	1044595.38
2014/11/07	1.357	1.363	1.357	1.363	1017100	1383831.13
2014/11/10	1.362	1.367	1.362	1.363	784600	1070427.63
2014/11/11	1.365	1.365	1.360	1.363	1117500	1521765.25
2014/11/12	1.365	1.365	1.360	1.362	549400	748461.88
2014/11/13	1.363	1.367	1.363	1.364	1119100	1527754.88
2014/11/14	1.363	1.373	1.363	1.365	1038000	1419931.38
2014/11/17	1.366	1.374	1.366	1.368	1047300	1434462.38
2014/11/18	1.365	1.369	1.365	1.368	781800	1068832.25
2014/11/19	1.371	1.385	1.371	1.385	890900	1229639.63
2014/11/20	1.379	1.379	1.370	1.372	440700	604716.88
2014/11/21	1.374	1.381	1.374	1.378	532500	734305.69
2014/11/24	1.378	1.381	1.368	1.370	3625700	4974158.00
2014/11/25	1.379	1.392	1.379	1.383	1549601	2148221.50
2014/11/26	1.383	1.391	1.383	1.389	656500	911903.63
2014/11/27	1.395	1.403	1.395	1.400	927150	1298156.25
2014/11/28	1.400	1.401	1.397	1.400	1199700	1679231.13
2014/12/01	1.400	1.407	1.396	1.398	2195600	3074376.50
2014/12/02	1.380	1.390	1.379	1.382	2402600	3320998.00
2014/12/03	1.384	1.397	1.384	1.395	867899	1209830.00
2014/12/04	1.398	1.400	1.394	1.397	1128911	1575608.13
2014/12/05	1.390	1.399	1.380	1.390	1470454	2047629.75
2014/12/08	1.393	1.398	1.388	1.391	1511000	2104658.00
2014/12/09	1.381	1.385	1.372	1.373	1933200	2664601.00
2014/12/10	1.373	1.394	1.373	1.394	987700	1373729.00
2014/12/11	1.374	1.374	1.362	1.364	1031500	1407348.25
2014/12/12	1.372	1.372	1.359	1.365	2937800	4008616.25
2014/12/15	1.356	1.357	1.352	1.353	928071	1256663.13
2014/12/16	1.341	1.350	1.341	1.350	1936800	2605059.50
2014/12/17	1.343	1.343	1.325	1.330	2483100	3301539.00
2014/12/18	1.355	1.362	1.351	1.362	4203300	5712843.00
2014/12/19	1.393	1.403	1.392	1.403	3255800	4552495.00
2014/12/22	1.407	1.408	1.391	1.397	2387310	3338110.75
2014/12/23	1.398	1.401	1.395	1.400	851650	1190159.75
2014/12/24	1.396	1.399	1.391	1.395	1409601	1965648.25
2014/12/25	1.396	1.396	1.393	1.395	574711	801456.00
2014/12/26	1.395	1.395	1.391	1.394	477400	665077.13
2014/12/29	1.397	1.406	1.397	1.404	1245310	1747461.00
2014/12/30	1.402	1.403	1.398	1.401	876911	1228168.00
2014/12/31	1.390	1.392	1.380	1.392	1106601	1537824.13
2015/01/05	1.385	1.385	1.363	1.367	3227800	4413479.00
2015/01/06	1.355	1.355	1.345	1.349	1584360	2135718.75
2015/01/07	1.338	1.351	1.332	1.351	2647600	3549668.25
2015/01/08	1.365	1.371	1.354	1.370	2789999	3802862.25
2015/01/09	1.386	1.390	1.383	1.389	2292200	3178677.00
2015/01/12	1.374	1.386	1.374	1.378	1894900	2607224.25
2015/01/13	1.365	1.365	1.356	1.360	1153400	1568245.75
2015/01/14	1.364	1.364	1.352	1.353	1095100	1482879.63
2015/01/15	1.351	1.352	1.345	1.352	1519800	2049046.25
2015/01/16	1.333	1.350	1.331	1.350	3330900	4460809.00
2015/01/19	1.358	1.379	1.336	1.339	11212200	15145576.00
2015/01/20	1.345	1.353	1.343	1.349	4275200	5756531.50
2015/01/21	1.351	1.363	1.351	1.359	4955101	6720201.00
2015/01/22	1.359	1.377	1.359	1.373	8011937	10976893.00
2015/01/23	1.404	1.405	1.392	1.394	6595378	9199191.00
2015/01/26	1.387	1.398	1.387	1.393	3585800	4998298.50
2015/01/27	1.393	1.398	1.393	1.394	4522200	6313334.50
2015/01/28	1.366	1.373	1.361	1.372	2797662	3822071.00
2015/01/29	1.351	1.358	1.350	1.354	2137500	2890584.75
2015/01/30	1.363	1.371	1.363	1.371	2301400	3144466.50
2015/02/02	1.360	1.360	1.350	1.357	1312700	1776472.63
2015/02/03	1.369	1.371	1.367	1.367	1385900	1898349.50
2015/02/04	1.380	1.382	1.378	1.381	5745400	7928267.50
2015/02/05	1.378	1.378	1.373	1.376	849200	1167512.88
2015/02/06	1.388	1.390	1.386	1.387	8601300	11933769.00
2015/02/09	1.382	1.382	1.370	1.373	1500900	2062072.75
2015/02/10	1.368	1.371	1.365	1.367	1394489	1907844.25
2015/02/11	1.378	1.391	1.378	1.385	26691200	36945376.00
2015/02/12	1.389	1.395	1.389	1.393	143326800	199726080.00
2015/02/13	1.404	1.420	1.403	1.419	191870600	270732960.00
2015/02/16	1.430	1.450	1.421	1.435	51581567	73685712.00
2015/02/17	1.435	1.437	1.426	1.437	28471900	40739140.00
2015/02/25	1.450	1.471	1.450	1.450	42470400	61737788.00
2015/02/26	1.451	1.452	1.444	1.444	126752049	183769120.00
2015/02/27	1.447	1.452	1.447	1.449	58991909	85502832.00
2015/03/02	1.452	1.452	1.444	1.452	17522541	25378954.00
2015/03/03	1.466	1.475	1.462	1.474	63570100	93529688.00
2015/03/04	1.472	1.472	1.460	1.468	42562100	62347728.00
2015/03/05	1.460	1.462	1.456	1.457	21362300	31213422.00
2015/03/06	1.462	1.465	1.459	1.463	100604700	147047360.00
2015/03/09	1.444	1.454	1.443	1.449	176642400	255952496.00
2015/03/10	1.445	1.455	1.445	1.450	150168600	218209520.00
2015/03/11	1.439	1.439	1.348	1.426	142110300	202940096.00
2015/03/12	1.424	1.424	1.417	1.424	102209700	145147488.00
2015/03/13	1.440	1.440	1.428	1.431	203391436	291570880.00
2015/03/16	1.430	1.430	1.419	1.427	50696800	72146536.00
2015/03/17	1.442	1.442	1.434	1.441	72723361	104617208.00
2015/03/18	1.444	1.445	1.440	1.440	211886720	305611360.00
2015/03/19	1.449	1.458	1.447	1.455	122232317	177848992.00
2015/03/20	1.458	1.458	1.450	1.454	280384200	407791968.00
2015/03/23	1.460	1.465	1.460	1.460	222067009	324861312.00
2015/03/24	1.454	1.462	1.454	1.458	655615600	955847872.00
2015/03/25	1.456	1.463	1.450	1.460	226218700	329760224.00
2015/03/26	1.436	1.439	1.424	1.439	33274800	47766568.00
2015/03/27	1.433	1.441	1.420	1.439	22126100	31746284.00
2015/03/30	1.439	1.439	1.425	1.432	218018700	312410336.00
2015/03/31	1.445	1.445	1.435	1.437	64566900	92803856.00
2015/04/01	1.427	1.427	1.413	1.415	57011701	80775520.00
2015/04/02	1.411	1.414	1.408	1.412	100757724	142167984.00
2015/04/03	1.413	1.416	1.412	1.416	154279830	218191440.00
2015/04/07	1.424	1.424	1.416	1.420	175375800	248756512.00
2015/04/08	1.418	1.418	1.411	1.415	167406300	237014240.00
2015/04/09	1.416	1.422	1.416	1.421	81334162	115532928.00
2015/04/10	1.424	1.432	1.424	1.431	100105438	143153504.00
2015/04/13	1.436	1.437	1.429	1.431	95490176	136969632.00
2015/04/14	1.429	1.436	1.424	1.426	70448478	100796248.00
2015/04/15	1.423	1.432	1.423	1.430	43011500	61515916.00
2015/04/16	1.433	1.440	1.433	1.439	35452704	50986568.00
2015/04/17	1.439	1.439	1.432	1.438	36237749	52032720.00
2015/04/20	1.421	1.421	1.411	1.416	68984014	97806800.00
2015/04/21	1.429	1.435	1.429	1.429	72451850	103736720.00
2015/04/22	1.431	1.440	1.431	1.434	84981082	122068512.00
2015/04/23	1.439	1.442	1.438	1.439	47091600	67832768.00
2015/04/24	1.444	1.462	1.444	1.462	83403880	121522632.00
2015/04/27	1.470	1.481	1.470	1.477	87168528	128885264.00
2015/04/28	1.473	1.473	1.466	1.467	67782200	99604864.00
2015/04/29	1.466	1.468	1.462	1.467	106900060	156640448.00
2015/04/30	1.460	1.460	1.454	1.458	79476550	115715392.00
2015/05/04	1.460	1.460	1.454	1.457	63042100	91788272.00
2015/05/05	1.458	1.458	1.454	1.456	47952900	69847920.00
2015/05/06	1.443	1.443	1.429	1.437	68725674	98634096.00
2015/05/07	1.430	1.437	1.418	1.435	93514489	133392632.00
2015/05/08	1.438	1.451	1.435	1.450	57043610	81972720.00
2015/05/11	1.458	1.459	1.454	1.457	55603200	80942864.00
2015/05/12	1.457	1.457	1.445	1.453	58281500	84419312.00
2015/05/13	1.450	1.451	1.441	1.450	39600103	57249596.00
2015/05/14	1.447	1.457	1.443	1.456	78170393	113251784.00
2015/05/15	1.469	1.480	1.463	1.464	60914200	89489712.00
2015/05/18	1.464	1.466	1.459	1.460	130348775	190775488.00
2015/05/19	1.468	1.468	1.461	1.462	71634700	104868720.00
2015/05/20	1.460	1.461	1.453	1.453	113177801	165073664.00
2015/05/21	1.453	1.461	1.453	1.460	60246350	87691592.00
2015/05/22	1.462	1.471	1.461	1.468	90310607	132495440.00
2015/05/25	1.464	1.470	1.451	1.468	159253764	232441776.00
2015/05/26	1.470	1.471	1.465	1.466	110161880	161729760.00
2015/05/27	1.461	1.461	1.448	1.454	94939861	137760416.00
2015/05/28	1.461	1.500	1.461	1.481	86920796	127843360.00
2015/05/29	1.479	1.479	1.469	1.475	47774400	70234552.00
2015/06/01	1.469	1.469	1.457	1.467	92642511	135649872.00
2015/06/02	1.468	1.471	1.465	1.468	69095435	101373472.00
2015/06/03	1.455	1.464	1.455	1.459	133436564	194931120.00
2015/06/04	1.460	1.469	1.460	1.465	206745592	302469696.00
2015/06/05	1.465	1.465	1.451	1.464	9145676	13332641.00
2015/06/08	1.464	1.464	1.452	1.458	172221294	251251408.00
2015/06/09	1.456	1.456	1.441	1.449	161286800	233336464.00
2015/06/10	1.450	1.452	1.444	1.452	132095700	191275456.00
2015/06/11	1.462	1.465	1.460	1.460	146760376	214659216.00
2015/06/12	1.460	1.463	1.441	1.460	96048512	140275120.00
2015/06/15	1.456	1.458	1.448	1.456	99648500	144921696.00
2015/06/16	1.469	1.469	1.443	1.450	141305043	204730240.00
2015/06/17	1.458	1.460	1.445	1.446	152917300	222890208.00
2015/06/18	1.455	1.455	1.440	1.441	178470172	258068192.00
2015/06/19	1.459	1.465	1.458	1.462	90699000	132636512.00
2015/06/23	1.465	1.493	1.465	1.485	134164578	197427168.00
2015/06/24	1.488	1.490	1.478	1.481	163497804	242392048.00
2015/06/25	1.480	1.480	1.464	1.471	103787400	152835744.00
2015/06/26	1.471	1.471	1.465	1.470	31760448	46618708.00
2015/06/29	1.463	1.463	1.455	1.456	178350100	260279440.00
2015/06/30	1.440	1.441	1.423	1.440	226542732	324431200.00
2015/07/01	1.440	1.441	1.436	1.440	28086000	40388048.00
2015/07/02	1.442	1.451	1.442	1.447	23284900	33701472.00
2015/07/03	1.447	1.449	1.431	1.443	26151000	37737120.00
2015/07/06	1.443	1.448	1.410	1.414	13380500	18966398.00
2015/07/07	1.421	1.424	1.383	1.419	29697100	42021272.00
2015/07/08	1.413	1.425	1.300	1.380	21385500	30227324.00
2015/07/09	1.370	1.447	1.342	1.382	18851604	26544352.00
2015/07/10	1.381	1.430	1.375	1.386	20336102	28636564.00
2015/07/13	1.401	1.406	1.394	1.400	34613700	48488504.00
2015/07/14	1.419	1.450	1.411	1.441	20106500	28826834.00
2015/07/15	1.451	1.468	1.451	1.462	6730700	9853294.00
2015/07/16	1.466	1.466	1.400	1.439	21228100	30650466.00
2015/07/17	1.461	1.480	1.458	1.475	7340601	10808312.00
2015/07/20	1.480	1.530	1.480	1.508	10504100	15871379.00
2015/07/21	1.523	1.529	1.502	1.525	15063300	22822290.00
2015/07/22	1.512	1.512	1.503	1.507	21390300	32273344.00
2015/07/23	1.500	1.510	1.498	1.510	18035100	27144368.00
2015/07/24	1.500	1.511	1.496	1.498	29942100	44968164.00
2015/07/27	1.488	1.490	1.477	1.478	31178001	46114704.00
2015/07/28	1.476	1.476	1.464	1.472	16015500	23520344.00
2015/07/29	1.481	1.505	1.481	1.499	1353602	2023797.00
2015/07/30	1.503	1.521	1.503	1.520	11833600	17866086.00
2015/07/31	1.540	1.541	1.521	1.526	26246000	40254028.00
2015/08/03	1.530	1.538	1.515	1.528	14121000	21585048.00
2015/08/04	1.528	1.528	1.510	1.511	17982866	27356188.00
2015/08/05	1.510	1.510	1.501	1.502	17412900	26227396.00
2015/08/06	1.507	1.522	1.507	1.520	19634236	29776390.00
2015/08/07	1.518	1.518	1.493	1.497	24189000	36329400.00
2015/08/10	1.498	1.500	1.490	1.490	11998500	17978886.00
2015/08/11	1.504	1.565	1.502	1.564	19636190	29669542.00
2015/08/12	1.532	1.560	1.513	1.529	16250668	25053292.00
2015/08/13	1.523	1.550	1.523	1.544	19151300	29496868.00
2015/08/14	1.545	1.553	1.535	1.552	20564700	31651824.00
2015/08/17	1.553	1.558	1.549	1.557	18001500	27933982.00
2015/08/18	1.566	1.598	1.566	1.577	21990300	34555820.00
2015/08/19	1.568	1.570	1.546	1.558	35817722	55786564.00
2015/08/20	1.555	1.555	1.530	1.537	22222830	34154732.00
2015/08/21	1.498	1.499	1.485	1.487	13334468	19861702.00
2015/08/24	1.405	1.425	1.364	1.375	5979130	8354758.50
2015/08/25	1.339	1.387	1.339	1.378	2930652	3998069.50
2015/08/26	1.389	1.403	1.360	1.384	17853490	24870896.00
2015/08/27	1.430	1.450	1.430	1.448	13462000	19363948.00
2015/08/28	1.482	1.484	1.460	1.480	18806400	27766466.00
2015/08/31	1.478	1.478	1.467	1.468	8331700	12257385.00
2015/09/01	1.456	1.460	1.425	1.426	20620011	29762672.00
2015/09/02	1.403	1.428	1.391	1.427	19865743	28158692.00
2015/09/07	1.428	1.429	1.412	1.419	19162600	27151038.00
2015/09/08	1.426	1.469	1.420	1.460	11563911	16554974.00
2015/09/09	1.477	1.478	1.463	1.471	8861100	13013663.00
2015/09/10	1.460	1.464	1.430	1.442	9669250	13958123.00
2015/09/11	1.450	1.467	1.450	1.466	8728650	12777276.00
2015/09/14	1.477	1.477	1.464	1.464	902400	1324839.63
2015/09/15	1.464	1.464	1.438	1.439	301000	437323.91
2015/09/16	1.461	1.477	1.461	1.476	12329600	18171018.00
2015/09/17	1.480	1.489	1.478	1.478	11462200	16997658.00
2015/09/18	1.475	1.482	1.475	1.479	11896311	17612934.00
2015/09/21	1.458	1.461	1.452	1.461	866400	1262420.88
2015/09/22	1.462	1.469	1.462	1.468	406911	596460.00
2015/09/23	1.450	1.450	1.436	1.446	1185000	1711222.38
2015/09/24	1.445	1.447	1.444	1.446	245800	355298.31
2015/09/25	1.440	1.450	1.440	1.450	682612	987169.31
2015/09/28	1.440	1.440	1.428	1.434	840801	1204411.38
2015/09/29	1.400	1.400	1.381	1.393	1543511	2144986.75
2015/09/30	1.383	1.394	1.380	1.394	3179000	4403027.50
2015/10/08	1.451	1.458	1.431	1.443	3716944	5379850.50
2015/10/09	1.443	1.452	1.443	1.450	1328100	1924603.63
2015/10/12	1.452	1.461	1.452	1.461	862300	1258094.50
2015/10/13	1.461	1.465	1.455	1.459	919000	1344608.25
2015/10/14	1.445	1.454	1.437	1.451	1623100	2355517.00
2015/10/15	1.442	1.462	1.442	1.460	5439277	7931350.50
2015/10/16	1.472	1.484	1.472	1.484	965800	1429223.75
2015/10/19	1.484	1.488	1.482	1.485	1217101	1807939.25
2015/10/20	1.485	1.497	1.485	1.495	740100	1105844.25
2015/10/21	1.496	1.496	1.487	1.488	438300	653058.00
2015/10/22	1.486	1.486	1.473	1.484	830401	1229809.13
2015/10/23	1.510	1.539	1.510	1.531	3549500	5418199.50
2015/10/26	1.568	1.568	1.549	1.549	992100	1540468.75
2015/10/27	1.552	1.563	1.542	1.542	653601	1009655.13
2015/10/28	1.542	1.556	1.541	1.553	1295300	2010697.75
2015/10/29	1.565	1.565	1.559	1.560	638100	996550.38
2015/10/30	1.560	1.569	1.560	1.569	476500	745025.38
2015/11/02	1.564	1.565	1.552	1.552	484900	754195.13
2015/11/03	1.569	1.576	1.568	1.575	1020300	1603128.13
2015/11/04	1.579	1.580	1.574	1.580	805900	1270695.25
2015/11/05	1.580	1.580	1.572	1.579	290100	457026.91
2015/11/06	1.579	1.579	1.571	1.574	525060	826563.63
2015/11/09	1.575	1.583	1.574	1.583	1711600	2701479.50
2015/11/10	1.558	1.567	1.558	1.563	1190400	1860784.88
2015/11/11	1.558	1.561	1.556	1.558	456409	711047.13
2015/11/12	1.554	1.563	1.553	1.559	383400	597457.19
2015/11/13	1.541	1.549	1.541	1.543	520900	803851.88
2015/11/16	1.525	1.525	1.505	1.516	1720300	2603561.75
2015/11/17	1.536	1.552	1.536	1.552	1462200	2259648.00
2015/11/18	1.550	1.550	1.542	1.548	348600	538647.00
2015/11/19	1.564	1.583	1.564	1.583	1271011	2006112.88
2015/11/20	1.583	1.585	1.574	1.581	478300	754972.31
2015/11/23	1.582	1.590	1.582	1.587	581700	922833.63
2015/11/24	1.587	1.589	1.581	1.586	187200	296683.19
2015/11/25	1.581	1.584	1.577	1.580	527300	833229.00
2015/11/26	1.584	1.585	1.578	1.581	542595	857004.63
2015/11/27	1.578	1.588	1.578	1.584	734900	1162964.75
2015/11/30	1.582	1.588	1.582	1.583	340400	539353.19
2015/12/01	1.590	1.590	1.581	1.582	447000	707828.00
2015/12/02	1.588	1.605	1.588	1.605	759800	1215360.50
2015/12/03	1.601	1.601	1.589	1.593	474400	755799.63
2015/12/04	1.580	1.580	1.567	1.572	925500	1452843.25
2015/12/07	1.600	1.610	1.598	1.604	1151100	1844625.75
2015/12/08	1.598	1.599	1.594	1.598	964000	1538769.13
2015/12/09	1.593	1.600	1.593	1.600	662600	1058412.63
2015/12/10	1.595	1.595	1.572	1.582	615800	972805.88
2015/12/11	1.583	1.591	1.582	1.585	633800	1005983.88
2015/12/14	1.567	1.567	1.550	1.560	1092900	1702560.75
2015/12/15	1.561	1.572	1.561	1.572	509000	798190.88
2015/12/16	1.589	1.592	1.580	1.585	900200	1425781.38
2015/12/17	1.599	1.659	1.599	1.611	1938800	3119147.50
2015/12/18	1.589	1.597	1.578	1.585	970900	1538295.13
2015/12/21	1.570	1.578	1.556	1.574	1934400	3022679.50
2015/12/22	1.588	1.588	1.571	1.574	459800	724532.63
2015/12/23	1.579	1.583	1.577	1.578	523400	826349.63
2015/12/24	1.584	1.589	1.578	1.588	694100	1100331.88
2015/12/25	1.588	1.588	1.500	1.581	2226800	3474911.75
2015/12/28	1.581	1.590	1.572	1.575	551900	871608.88
2015/12/29	1.578	1.585	1.578	1.582	421700	666466.69
2015/12/30	1.600	1.612	1.599	1.607	1223700	1964152.88
2015/12/31	1.605	1.617	1.593	1.617	718200	1152097.25
2016/01/04	1.617	1.617	1.584	1.593	1203000	1923126.63
2016/01/05	1.585	1.585	1.556	1.570	3668550	5747786.50
2016/01/06	1.568	1.593	1.557	1.578	2613400	4090098.50
2016/01/07	1.564	1.564	1.558	1.560	100100	156274.00
2016/01/08	1.530	1.554	1.516	1.536	3551500	5425279.00
2016/01/11	1.529	1.530	1.515	1.522	1538000	2336786.50
2016/01/12	1.522	1.530	1.505	1.512	1408500	2129185.00
2016/01/13	1.513	1.525	1.513	1.525	887800	1350767.75
2016/01/14	1.500	1.500	1.418	1.497	3246700	4778549.50
2016/01/15	1.506	1.510	1.479	1.480	2622100	3903005.75
2016/01/18	1.450	1.467	1.443	1.464	3506300	5097517.00
2016/01/19	1.453	1.495	1.450	1.487	1253600	1848011.38
2016/01/20	1.471	1.471	1.443	1.450	1645800	2395654.00
2016/01/21	1.450	1.459	1.429	1.430	2029800	2935698.00
2016/01/22	1.441	1.459	1.441	1.456	1966600	2855292.00
2016/01/25	1.470	1.489	1.470	1.487	1205900	1789881.13
2016/01/26	1.452	1.460	1.430	1.431	1274000	1848687.25
2016/01/27	1.462	1.468	1.441	1.453	3124200	4553742.50
2016/01/28	1.438	1.445	1.431	1.438	1259200	1811651.50
2016/01/29	1.450	1.459	1.445	1.458	1386749	2015872.25
2016/02/01	1.471	1.487	1.471	1.485	1163608	1725396.50
2016/02/02	1.490	1.490	1.482	1.488	596600	887142.69
2016/02/03	1.456	1.465	1.451	1.458	1831200	2664400.25
2016/02/04	1.457	1.466	1.457	1.466	1186000	1733157.25
2016/02/05	1.461	1.500	1.456	1.481	3156700	4630572.50
2016/02/15	1.438	1.479	1.430	1.459	1413400	2060543.63
2016/02/16	1.461	1.470	1.458	1.464	1913300	2798647.50
2016/02/17	1.471	1.479	1.444	1.453	2252200	3281699.50
2016/02/18	1.467	1.470	1.456	1.457	1929800	2816965.50
2016/02/19	1.453	1.453	1.439	1.446	1298700	1872217.50
2016/02/22	1.446	1.456	1.446	1.451	1178400	1709678.13
2016/02/23	1.460	1.460	1.456	1.458	862100	1256875.38
2016/02/24	1.442	1.446	1.442	1.443	640600	925050.19
2016/02/25	1.451	1.464	1.451	1.453	1298100	1892064.00
2016/02/26	1.464	1.474	1.463	1.472	1348800	1982624.38
2016/02/29	1.480	1.480	1.463	1.463	1024900	1508740.25
2016/03/01	1.463	1.470	1.452	1.459	770300	1122342.25
2016/03/02	1.495	1.516	1.491	1.515	2370700	3569753.50
2016/03/03	1.510	1.520	1.509	1.515	1346700	2037027.75
2016/03/04	1.517	1.518	1.503	1.508	1347600	2028763.63
2016/03/07	1.519	1.519	1.500	1.508	770200	1157082.75
2016/03/08	1.500	1.500	1.487	1.488	755100	1124664.88
2016/03/09	1.479	1.479	1.462	1.469	1162200	1708491.25
2016/03/10	1.473	1.484	1.473	1.482	681200	1009020.38
2016/03/11	1.482	1.483	1.474	1.482	588800	871681.69
2016/03/14	1.508	1.508	1.501	1.505	871800	1311662.88
2016/03/15	1.505	1.506	1.500	1.505	575200	864614.63
2016/03/16	1.502	1.508	1.501	1.501	77823300	117122504.00
2016/03/17	1.509	1.518	1.505	1.515	1313200	1987162.88
2016/03/18	1.516	1.516	1.512	1.514	835500	1265413.88
2016/03/21	1.516	1.516	1.480	1.510	1063300	1603419.75
2016/03/22	1.513	1.516	1.507	1.511	16449300	24895130.00
2016/03/23	1.519	1.527	1.519	1.523	37439300	57071172.00
2016/03/24	1.515	1.515	1.508	1.509	991700	1498874.63
2016/03/25	1.512	1.523	1.510	1.516	542900	821599.50
2016/03/28	1.516	1.522	1.513	1.522	1328200	2014667.38
2016/03/29	1.515	1.523	1.514	1.515	1123600	1706238.63
2016/03/30	1.529	1.538	1.529	1.533	677000	1038334.38
2016/03/31	1.534	1.539	1.534	1.535	514900	790540.13
2016/04/01	1.535	1.535	1.527	1.527	581600	889169.38
2016/04/05	1.531	1.538	1.528	1.536	1945900	2982843.25
2016/04/06	1.533	1.538	1.523	1.536	1870200	2867225.75
2016/04/07	1.552	1.562	1.552	1.553	1211800	1888375.38
2016/04/08	1.552	1.552	1.530	1.536	1112600	1707567.38
2016/04/11	1.536	1.540	1.530	1.533	614201	941558.63
2016/04/12	1.532	1.532	1.520	1.522	3241101	4936999.50
2016/04/13	1.530	1.533	1.530	1.532	703198	1077151.50
2016/04/14	1.546	1.551	1.546	1.549	989500	1532138.75
2016/04/15	1.550	1.555	1.546	1.554	548801	850611.94
2016/04/18	1.553	1.554	1.549	1.550	484800	751508.38
2016/04/19	1.556	1.557	1.554	1.556	456100	709463.63
2016/04/20	1.555	1.555	1.540	1.546	1019100	1574501.88
2016/04/21	1.546	1.551	1.542	1.551	859800	1331347.63
2016/04/22	1.557	1.563	1.542	1.547	822100	1270618.50
2016/04/25	1.533	1.534	1.526	1.534	1295400	1981669.25
2016/04/26	1.534	1.534	1.530	1.533	357700	547945.00
2016/04/27	1.523	1.530	1.520	1.522	1410300	2147402.50
2016/04/28	1.519	1.520	1.515	1.519	1210700	1836937.00
2016/04/29	1.509	1.509	1.495	1.505	1459509	2191536.00
2016/05/03	1.505	1.508	1.500	1.507	1327100	1995016.13
2016/05/04	1.494	1.500	1.492	1.495	1837500	2747290.50
2016/05/05	1.487	1.490	1.486	1.490	925700	1377586.38
2016/05/06	1.490	1.494	1.488	1.494	594500	886909.19
2016/05/09	1.494	1.503	1.494	1.503	951500	1426339.25
2016/05/10	1.503	1.505	1.500	1.503	839600	1261685.13
2016/05/11	1.515	1.524	1.515	1.524	1141200	1734231.38
2016/05/12	1.509	1.511	1.506	1.510	690500	1041322.88
2016/05/13	1.509	1.509	1.498	1.498	760100	1140230.13
2016/05/16	1.498	1.500	1.494	1.499	421300	630461.19
2016/05/17	1.508	1.518	1.508	1.516	726700	1100783.88
2016/05/18	1.497	1.499	1.495	1.498	675300	1011196.88
2016/05/19	1.504	1.504	1.500	1.501	332900	500303.00
2016/05/20	1.498	1.502	1.498	1.502	367500	550912.63
2016/05/23	1.510	1.517	1.510	1.513	393400	595360.13
2016/05/24	1.513	1.514	1.510	1.513	246000	371983.00
2016/05/25	1.532	1.540	1.532	1.540	1548700	2382035.75
2016/05/26	1.545	1.550	1.545	1.546	1156000	1788902.75
2016/05/27	1.549	1.557	1.549	1.553	3432900	5327091.00
2016/05/30	1.555	1.570	1.555	1.568	2651699	4148017.00
2016/05/31	1.568	1.579	1.568	1.576	715800	1127598.38
2016/06/01	1.577	1.582	1.576	1.577	721700	1138848.13
2016/06/02	1.571	1.576	1.570	1.571	923800	1453308.38
2016/06/03	1.575	1.576	1.569	1.571	720500	1132052.75
2016/06/06	1.565	1.565	1.560	1.560	1067900	1667918.13
2016/06/07	1.570	1.571	1.562	1.566	763000	1194288.63
2016/06/08	1.565	1.565	1.560	1.560	791400	1236007.25
2016/06/13	1.555	1.555	1.536	1.540	1817800	2800094.25
2016/06/14	1.538	1.541	1.533	1.539	550300	845327.38
2016/06/15	1.539	1.550	1.536	1.550	600800	927417.81
2016/06/16	1.548	1.548	1.541	1.548	275200	425036.91
2016/06/17	1.548	1.554	1.546	1.550	584800	905572.19
2016/06/20	1.550	1.555	1.537	1.554	376800	583429.50
2016/06/21	1.556	1.561	1.538	1.546	1517600	2344054.25
2016/06/22	1.548	1.548	1.541	1.541	261300	403484.41
2016/06/23	1.546	1.551	1.541	1.544	338500	522996.41
2016/06/24	1.554	1.559	1.500	1.530	2837297	4342549.00
2016/06/27	1.509	1.530	1.492	1.525	2132000	3204881.50
2016/06/28	1.511	1.523	1.495	1.522	1859375	2815900.75
2016/06/29	1.530	1.534	1.521	1.525	3217000	4904580.00
2016/06/30	1.534	1.538	1.532	1.537	2042100	3134983.50
2016/07/01	1.545	1.554	1.545	1.550	3483000	5400813.00
2016/07/04	1.552	1.560	1.548	1.557	2310050	3588058.75
2016/07/05	1.556	1.556	1.551	1.555	315450	489974.09
2016/07/06	1.550	1.552	1.545	1.551	1422800	2201685.25
2016/07/07	1.559	1.569	1.557	1.568	3066550	4796713.00
2016/07/08	1.570	1.575	1.566	1.567	1265550	1985753.50
2016/07/11	1.584	1.597	1.584	1.597	2236000	3560183.00
2016/07/12	1.599	1.607	1.599	1.603	2655794	4259354.00
2016/07/13	1.609	1.615	1.609	1.610	668400	1077617.88
2016/07/14	1.608	1.612	1.606	1.608	1711966	2752031.50
2016/07/15	1.612	1.623	1.612	1.621	907800	1470878.13
2016/07/18	1.620	1.620	1.613	1.619	1002694	1620674.63
2016/07/19	1.623	1.633	1.623	1.633	1964260	3200063.25
2016/07/20	1.632	1.632	1.625	1.631	792200	1290234.50
2016/07/21	1.643	1.649	1.641	1.644	1391800	2290062.50
2016/07/22	1.646	1.646	1.637	1.637	415600	681487.38
2016/07/25	1.642	1.655	1.641	1.643	528200	868565.88
2016/07/26	1.642	1.648	1.637	1.647	485600	798694.31
2016/07/27	1.648	1.651	1.645	1.649	765772	1261580.25
2016/07/28	1.651	1.656	1.651	1.656	538900	892027.31
2016/07/29	1.659	1.665	1.659	1.665	1055600	1754065.88
2016/08/01	1.742	1.742	1.665	1.670	850200	1423337.00
2016/08/02	1.671	1.684	1.671	1.678	700900	1174008.50
2016/08/03	1.663	1.664	1.654	1.654	1510100	2502615.25
2016/08/04	1.660	1.662	1.653	1.656	536166	888488.50
2016/08/05	1.660	1.669	1.660	1.668	981072	1633363.75
2016/08/08	1.678	1.729	1.678	1.688	648100	1092093.75
2016/08/09	1.685	1.695	1.681	1.695	600200	1013615.69
2016/08/10	1.704	1.707	1.692	1.700	1506200	2553399.75
2016/08/11	1.700	1.700	1.688	1.693	818400	1384433.25
2016/08/12	1.697	1.706	1.694	1.702	1521600	2585621.00
2016/08/15	1.701	1.702	1.690	1.698	742100	1261366.00
2016/08/16	1.708	1.713	1.699	1.702	486700	828085.00
2016/08/17	1.698	1.698	1.685	1.688	707300	1193459.00
2016/08/18	1.690	1.693	1.686	1.692	505200	853080.00
2016/08/19	1.692	1.692	1.688	1.691	413275	698288.00
2016/08/22	1.689	1.694	1.687	1.691	325200	549912.00
2016/08/23	1.694	1.703	1.694	1.703	287200	488219.00
2016/08/24	1.705	1.708	1.703	1.707	529400	902793.00
2016/08/25	1.698	1.698	1.686	1.695	831600	1406660.00
2016/08/26	1.695	1.699	1.695	1.699	463900	786926.00
2016/08/29	1.699	1.699	1.690	1.694	257700	436865.00
2016/08/30	1.698	1.704	1.698	1.703	472500	804359.00
2016/08/31	1.703	1.703	1.691	1.693	658500	1114747.00
2016/09/01	1.693	1.696	1.688	1.695	256600	434507.00
2016/09/02	1.694	1.695	1.691	1.694	161500	273338.00
2016/09/05	1.709	1.709	1.698	1.704	788001	1342274.00
2016/09/06	1.704	1.711	1.701	1.710	766600	1308507.00
2016/09/07	1.719	1.722	1.710	1.722	680600	1169497.00
2016/09/08	1.722	1.728	1.710	1.717	1600200	2743079.00
2016/09/09	1.714	1.715	1.703	1.715	394300	673519.00
2016/09/12	1.680	1.685	1.651	1.661	2082566	3458650.00
2016/09/13	1.686	1.695	1.682	1.685	949032	1600848.00
2016/09/14	1.667	1.674	1.663	1.672	744760	1243597.00
2016/09/19	1.686	1.712	1.686	1.712	851800	1449340.00
2016/09/20	1.709	1.709	1.697	1.701	504500	857383.00
2016/09/21	1.718	1.718	1.697	1.701	445500	756884.00
2016/09/22	1.712	1.730	1.712	1.728	848600	1463392.00
2016/09/23	1.735	1.775	1.735	1.773	970800	1706771.00
2016/09/26	1.736	1.760	1.720	1.745	1516900	2629664.00
2016/09/27	1.727	1.738	1.716	1.722	1827600	3155273.00
2016/09/28	1.740	1.743	1.720	1.724	1884900	3252543.00
2016/09/29	1.726	1.728	1.723	1.724	1266500	2184219.00
2016/09/30	1.720	1.720	1.706	1.707	1592700	2720684.00
2016/10/10	1.714	1.723	1.714	1.721	965601	1659314.00
2016/10/11	1.730	1.745	1.729	1.743	2320801	4031479.00
2016/10/12	1.720	1.749	1.718	1.740	1187800	2061178.00
2016/10/13	1.740	1.743	1.720	1.735	1823800	3152447.00
2016/10/14	1.732	1.736	1.722	1.734	460700	796939.00
2016/10/17	1.734	1.734	1.713	1.717	2879100	4939080.00
2016/10/18	1.717	1.724	1.712	1.717	954700	1637263.00
2016/10/19	1.718	1.726	1.718	1.725	509600	878257.00
2016/10/20	1.725	1.733	1.723	1.733	1085100	1875678.00
2016/10/21	1.731	1.731	1.725	1.728	869300	1502693.00
2016/10/24	1.729	1.739	1.729	1.739	990201	1719340.00
2016/10/25	1.754	1.763	1.753	1.762	1154600	2031555.00
2016/10/26	1.759	1.759	1.747	1.751	1137900	1991352.00
2016/10/27	1.749	1.749	1.735	1.738	959300	1667562.00
2016/10/28	1.738	1.738	1.730	1.737	384300	666882.00
2016/10/31	1.733	1.735	1.728	1.734	945500	1636608.00
2016/11/01	1.735	1.738	1.730	1.738	562100	974534.00
2016/11/02	1.725	1.725	1.712	1.719	1532600	2631266.00
2016/11/03	1.710	1.710	1.698	1.702	2005900	3416937.00
2016/11/04	1.683	1.706	1.679	1.706	2304400	3893920.00
2016/11/07	1.709	1.728	1.709	1.727	1024100	1762384.00
2016/11/08	1.738	1.750	1.721	1.723	2258000	3905161.00
2016/11/09	1.727	1.731	1.630	1.674	5490599	9280700.00
2016/11/10	1.719	1.739	1.712	1.732	5888399	10170075.00
2016/11/11	1.723	1.723	1.706	1.709	2205600	3773172.00
2016/11/14	1.713	1.720	1.713	1.719	1300867	2233445.00
2016/11/15	1.718	1.718	1.695	1.703	1637001	2794046.00
2016/11/16	1.718	1.733	1.718	1.733	1848301	3195756.00
2016/11/17	1.734	1.742	1.733	1.739	9222400	16043887.00
2016/11/18	1.749	1.760	1.747	1.759	23553866	41278336.00
2016/11/21	1.753	1.760	1.751	1.752	25641100	44996464.00
2016/11/22	1.769	1.780	1.769	1.778	5303100	9429084.00
2016/11/23	1.780	1.782	1.776	1.779	10576100	18824052.00
2016/11/24	1.780	1.782	1.771	1.782	3878200	6884068.00
2016/11/25	1.782	1.849	1.773	1.800	3072300	5585855.00
2016/11/28	1.800	1.824	1.792	1.814	1096500	1990696.00
2016/11/29	1.808	1.808	1.780	1.797	2634900	4722353.00
2016/11/30	1.797	1.797	1.783	1.790	1901700	3401284.00
2016/12/01	1.783	1.783	1.758	1.768	2995300	5286249.00
2016/12/02	1.745	1.755	1.744	1.755	1448401	2533291.00
2016/12/05	1.755	1.756	1.730	1.753	2137800	3720789.00
2016/12/06	1.785	1.785	1.761	1.769	2435000	4313081.00
2016/12/07	1.775	1.784	1.759	1.767	6141301	10870664.00
2016/12/08	1.784	1.810	1.774	1.801	4565269	8162124.00
2016/12/09	1.804	1.804	1.780	1.784	4517500	8107260.00
2016/12/12	1.790	1.815	1.790	1.794	7871300	14159921.00
2016/12/13	1.793	1.796	1.782	1.794	9975000	17844336.00
2016/12/14	1.822	1.822	1.807	1.808	3721200	6737251.00
2016/12/15	1.800	1.815	1.793	1.810	3563961	6415400.00
2016/12/16	1.818	1.828	1.817	1.818	2539200	4625939.00
2016/12/19	1.817	1.818	1.810	1.813	5677600	10303911.00
2016/12/20	1.814	1.822	1.813	1.816	2875301	5224444.00
2016/12/21	1.821	1.846	1.821	1.846	14773401	27027680.00
2016/12/22	1.834	1.846	1.828	1.838	102718200	189159584.00
2016/12/23	1.825	1.844	1.825	1.836	13060400	24004702.00
2016/12/26	1.839	1.887	1.838	1.865	5211800	9735886.00
2016/12/27	1.872	1.880	1.825	1.834	3926800	7254098.00
2016/12/28	1.851	1.851	1.834	1.843	9517800	17490164.00
2016/12/29	1.830	1.832	1.823	1.825	8453400	15447422.00
2016/12/30	1.821	1.825	1.813	1.817	5549166	10100661.00
2017/01/03	1.806	1.806	1.784	1.801	4852198	8713022.00
2017/01/04	1.813	1.814	1.808	1.812	2705700	4901184.00
2017/01/05	1.820	1.831	1.811	1.811	1892400	3438999.00
2017/01/06	1.811	1.814	1.809	1.812	1323500	2396898.00
2017/01/09	1.822	1.825	1.817	1.823	2614800	4759966.00
2017/01/10	1.828	1.832	1.822	1.832	1983700	3627216.00
2017/01/11	1.838	1.844	1.838	1.842	1660000	3057784.00
2017/01/12	1.849	1.850	1.840	1.840	1249700	2305919.00
2017/01/13	1.835	1.839	1.832	1.837	1526000	2799051.00
2017/01/16	1.839	1.847	1.839	1.845	2229100	4109495.00
2017/01/17	1.845	1.845	1.834	1.836	1723800	3169381.00
2017/01/18	1.827	1.833	1.823	1.832	2288900	4182459.00
2017/01/19	1.827	1.841	1.826	1.833	1305600	2393210.00
2017/01/20	1.830	1.835	1.828	1.833	769700	1409408.00
2017/01/23	1.830	1.836	1.827	1.830	1387600	2539000.00
2017/01/24	1.829	1.836	1.827	1.836	580800	1063802.00
2017/01/25	1.839	1.852	1.839	1.851	1694800	3132277.00
2017/01/26	1.865	1.881	1.865	1.881	3329500	6241888.00
2017/02/03	1.864	1.870	1.856	1.868	1885201	3515013.00
2017/02/06	1.871	1.880	1.864	1.874	1998600	3738904.00
2017/02/07	1.872	1.876	1.869	1.874	1253500	2346471.00
2017/02/08	1.883	1.889	1.879	1.889	1842900	3473989.00
2017/02/09	1.889	1.897	1.883	1.894	1949300	3692507.00
2017/02/10	1.897	1.913	1.897	1.913	3077700	5863140.00
2017/02/13	1.918	1.918	1.910	1.916	2870900	5494623.00
2017/02/14	1.932	1.933	1.913	1.915	1875000	3606183.00
2017/02/15	1.925	1.930	1.917	1.929	3241200	6241262.00
2017/02/16	1.937	1.943	1.937	1.938	2726400	5287710.00
2017/02/17	1.937	1.938	1.924	1.931	2020400	3899333.00
2017/02/20	1.935	1.940	1.932	1.937	3583600	6938783.00
2017/02/21	1.940	1.943	1.937	1.939	2126100	4122890.00
2017/02/22	1.947	1.965	1.947	1.965	3150100	6161421.00
2017/02/23	1.966	1.969	1.955	1.963	2202600	4319007.00
2017/02/24	1.952	1.966	1.951	1.957	2744200	5367793.00
2017/02/27	1.958	1.958	1.945	1.947	2161300	4213727.00
2017/02/28	1.952	1.957	1.949	1.955	2584100	5046491.00
2017/03/01	1.947	1.948	1.941	1.947	2382800	4633385.00
2017/03/02	1.977	2.054	1.965	1.989	11853801	23451360.00
2017/03/03	1.975	1.981	1.966	1.978	7962600	15705342.00
2017/03/06	1.977	2.022	1.972	2.020	8258000	16500352.00
2017/03/07	2.000	2.016	1.971	1.993	6838400	13665871.00
2017/03/08	1.984	1.986	1.971	1.978	3677100	7267591.00
2017/03/09	1.980	1.988	1.965	1.979	4773300	9424124.00
2017/03/10	1.979	1.996	1.975	1.995	3939700	7822566.00
2017/03/13	2.004	2.015	2.000	2.010	3761100	7548086.00
2017/03/14	2.014	2.027	2.013	2.025	2483518	5016013.00
2017/03/15	2.015	2.019	2.002	2.019	1678709	3376971.00
2017/03/16	2.030	2.049	2.030	2.040	3452500	7047141.00
2017/03/17	2.040	2.040	2.026	2.034	3378000	6862948.00
2017/03/20	2.034	2.035	2.024	2.028	2519900	5109712.00
2017/03/21	2.030	2.040	2.026	2.040	1466700	2983199.00
2017/03/22	1.999	1.999	1.975	1.977	7153600	14215531.00
2017/03/23	1.987	1.995	1.978	1.982	2331700	4630402.00
2017/03/24	1.982	1.982	1.945	1.955	5260302	10292726.00
2017/03/27	1.953	1.953	1.934	1.936	4549700	8835952.00
2017/03/28	1.940	1.960	1.940	1.959	2557200	4997039.00
2017/03/29	1.977	1.990	1.977	1.990	2340400	4645448.00
2017/03/30	2.006	2.007	1.982	1.992	4120100	8192957.00
2017/03/31	2.000	2.008	1.991	2.007	3001200	6009840.00
2017/04/05	2.000	2.000	1.987	1.990	3872300	7711554.00
2017/04/06	1.972	1.986	1.963	1.969	3179000	6259509.00
2017/04/07	1.974	1.974	1.963	1.963	3037637	5978726.00
2017/04/10	1.964	1.975	1.963	1.972	1661300	3271461.00
2017/04/11	1.975	1.976	1.966	1.969	1579300	3110727.00
2017/04/12	1.970	1.970	1.960	1.968	965334	1895545.00
2017/04/13	1.963	1.963	1.952	1.954	1354800	2647448.00
2017/04/14	1.949	1.949	1.933	1.935	2999100	5811119.00
2017/04/17	1.932	1.937	1.907	1.936	1837700	3539329.00
2017/04/18	1.951	1.968	1.951	1.964	3358500	6577888.00
2017/04/19	1.960	1.963	1.950	1.952	1526000	2981430.00
2017/04/20	1.955	1.956	1.945	1.949	2368200	4616994.00
2017/04/21	1.970	1.973	1.966	1.968	4221500	8311300.00
2017/04/24	1.970	1.987	1.969	1.984	3980392	7882278.00
2017/04/25	1.998	2.001	1.993	2.000	4669100	9324239.00
2017/04/26	2.012	2.024	2.011	2.020	8809854	17776304.00
2017/04/27	2.020	2.020	2.001	2.006	4352125	8732222.00
2017/04/28	2.018	2.024	2.014	2.019	2397100	4838356.00
2017/05/02	2.035	2.043	2.035	2.042	3962425	8084564.00
2017/05/03	2.043	2.049	2.037	2.039	3755000	7662927.00
2017/05/04	2.033	2.035	2.027	2.033	2868800	5825511.00
2017/05/05	2.033	2.038	2.024	2.027	2109000	4284700.00
2017/05/08	2.040	2.067	2.036	2.063	5664700	11653309.00
2017/05/09	2.063	2.076	2.063	2.072	6184200	12800485.00
2017/05/10	2.079	2.080	2.066	2.071	4307400	8919641.00
2017/05/11	2.069	2.078	2.067	2.070	2562500	5304643.00
2017/05/12	2.061	2.062	2.050	2.051	5542902	11383422.00
2017/05/15	2.054	2.062	2.054	2.060	2682763	5522520.00
2017/05/16	2.072	2.076	2.070	2.073	3752800	7781628.00
2017/05/17	2.073	2.073	2.060	2.064	3235198	6679546.00
2017/05/18	2.001	2.025	1.999	2.020	11991000	24157194.00
2017/05/19	2.039	2.040	2.029	2.033	3260900	6627712.00
2017/05/22	2.042	2.050	2.039	2.050	5192800	10605792.00
2017/05/23	2.062	2.071	2.062	2.070	3455400	7143132.00
2017/05/24	2.071	2.072	2.062	2.069	3198796	6614057.00
2017/05/25	2.074	2.082	2.073	2.082	2365900	4917731.00
2017/05/26	2.089	2.109	2.089	2.108	4941100	10395310.00
2017/05/31	2.108	2.109	2.099	2.107	2498900	5264156.00
2017/06/01	2.100	2.100	2.078	2.087	4967800	10363612.00
2017/06/02	2.105	2.128	2.104	2.117	4404718	9317803.00
2017/06/05	2.140	2.148	2.134	2.135	3372894	7214421.00
2017/06/06	2.121	2.125	2.114	2.123	3420300	7248940.00
2017/06/07	2.117	2.117	2.105	2.112	5909589	12463159.00
2017/06/08	2.122	2.122	2.114	2.119	2311370	4896613.00
2017/06/09	2.128	2.128	2.116	2.123	4095070	8694587.00
2017/06/12	2.076	2.100	2.067	2.097	7305570	15244882.00
2017/06/13	2.080	2.087	2.067	2.079	6354112	13171458.00
2017/06/14	2.093	2.094	2.074	2.078	4056609	8450365.00
2017/06/15	2.068	2.068	2.040	2.044	7350202	15055874.00
2017/06/16	2.032	2.055	2.030	2.052	2918318	5971484.00
2017/06/19	2.049	2.051	2.036	2.051	2626499	5365244.00
2017/06/20	2.079	2.080	2.069	2.079	4528917	9391656.00
2017/06/21	2.054	2.058	2.048	2.054	4066600	8344385.00
2017/06/22	2.058	2.076	2.058	2.072	4746200	9824769.00
2017/06/23	2.072	2.073	2.068	2.072	2185900	4526977.00
2017/06/26	2.078	2.085	2.078	2.084	3464160	7211502.00
2017/06/27	2.078	2.079	2.069	2.073	3846700	7969793.00
2017/06/28	2.035	2.039	2.030	2.034	10735167	21819240.00
2017/06/29	2.059	2.062	2.034	2.049	7648900	15687424.00
2017/06/30	2.016	2.018	2.007	2.013	8717717	17528744.00
2017/07/03	2.012	2.017	2.006	2.017	8351909	16785634.00
2017/07/04	2.001	2.001	1.991	1.993	5615600	11195594.00
2017/07/05	1.993	2.000	1.992	2.000	2745200	5479952.00
2017/07/06	2.010	2.016	2.007	2.013	3070157	6174163.00
2017/07/07	1.992	2.004	1.992	1.998	3350012	6693086.00
2017/07/10	2.013	2.024	2.011	2.021	3614600	7301621.00
2017/07/11	2.026	2.035	2.023	2.026	3307800	6707158.00
2017/07/12	2.030	2.034	2.027	2.032	3422094	6949428.00
2017/07/13	2.059	2.061	2.056	2.060	4200115	8649481.00
2017/07/14	2.062	2.065	2.056	2.056	3205700	6603270.00
2017/07/17	2.069	2.077	2.067	2.070	4894660	10142961.00
2017/07/18	2.063	2.074	2.062	2.073	4618200	9565728.00
2017/07/19	2.082	2.092	2.082	2.089	4124900	8615938.00
2017/07/20	2.100	2.103	2.094	2.098	3181800	6677507.00
2017/07/21	2.095	2.098	2.092	2.095	2876200	6022848.00
2017/07/24	2.094	2.094	2.086	2.094	2321800	4855123.00
2017/07/25	2.096	2.100	2.096	2.098	1935299	4061278.00
2017/07/26	2.096	2.100	2.095	2.098	2639000	5533569.00
2017/07/27	2.105	2.116	2.102	2.116	2558361	5391159.00
2017/07/28	2.091	2.091	2.077	2.079	4233412	8823859.00
2017/07/31	2.081	2.082	2.074	2.077	4018900	8347762.00
2017/08/01	2.072	2.081	2.060	2.081	4803400	9949874.00
2017/08/02	2.088	2.098	2.085	2.098	2976200	6225965.00
2017/08/03	2.094	2.094	2.081	2.083	2073200	4320852.00
2017/08/04	2.079	2.079	2.072	2.075	2299499	4768532.00
2017/08/07	2.077	2.088	2.077	2.087	2171799	4524659.00
2017/08/08	2.096	2.100	2.087	2.092	2951069	6174767.00
2017/08/09	2.077	2.084	2.074	2.075	1615143	3354541.00
2017/08/10	2.072	2.073	2.064	2.066	2508300	5183716.00
2017/08/11	2.030	2.034	2.020	2.031	3647100	7393535.00
2017/08/14	2.040	2.053	2.040	2.044	2573700	5268334.00
2017/08/15	2.069	2.076	2.068	2.075	2800970	5804968.00
2017/08/16	2.070	2.074	2.062	2.063	3197200	6605617.00
2017/08/17	2.069	2.069	2.060	2.062	2580800	5322506.00
2017/08/18	2.022	2.044	2.022	2.044	2093900	4258799.00
2017/08/21	2.041	2.046	2.033	2.040	849300	1731559.00
2017/08/22	2.038	2.054	2.033	2.053	1596298	3257714.00
2017/08/23	2.069	2.072	2.061	2.062	1349600	2786787.00
2017/08/24	2.060	2.060	2.044	2.045	1116100	2287065.00
2017/08/25	2.046	2.055	2.038	2.050	1645400	3364745.00
2017/08/28	2.049	2.049	2.035	2.039	2620070	5339911.00
2017/08/29	2.037	2.040	2.022	2.030	1715200	3483788.00
2017/08/30	2.039	2.042	2.035	2.038	1603300	3266025.00
2017/08/31	2.057	2.059	2.052	2.056	2564700	5272482.00
2017/09/01	2.068	2.070	2.065	2.069	2456870	5080564.00
2017/09/04	2.059	2.067	2.055	2.056	1857600	3823331.00
2017/09/05	2.056	2.058	2.054	2.055	639900	1315080.00
2017/09/06	2.042	2.042	2.036	2.041	1328155	2706950.00
2017/09/07	2.041	2.044	2.035	2.036	1261100	2569661.00
2017/09/08	2.038	2.048	2.038	2.039	1093700	2232150.00
2017/09/11	2.035	2.037	2.025	2.036	1523500	3094761.00
2017/09/12	2.048	2.060	2.043	2.048	2787000	5710236.00
2017/09/13	2.052	2.052	2.045	2.048	1834300	3755918.00
2017/09/14	2.050	2.059	2.047	2.059	2710600	5564925.00
2017/09/15	2.050	2.052	2.044	2.050	1589400	3254253.00
2017/09/18	2.051	2.058	2.051	2.058	1820900	3742952.00
2017/09/19	2.053	2.058	2.052	2.058	1036100	2128888.00
2017/09/20	2.059	2.061	2.058	2.060	1082000	2227833.00
2017/09/21	2.059	2.060	2.055	2.058	922400	1897447.00
2017/09/22	2.058	2.058	2.049	2.051	1247800	2562077.00
2017/09/25	2.055	2.055	2.048	2.048	888000	1819653.00
2017/09/26	2.038	2.038	2.028	2.033	3188132	6475806.00
2017/09/27	2.038	2.044	2.036	2.044	1869200	3814856.00
2017/09/28	2.057	2.063	2.056	2.062	1954900	4028789.00
2017/09/29	2.064	2.071	2.062	2.070	2626100	5430104.00
2017/10/09	2.104	2.109	2.080	2.093	4270649	8986872.00
2017/10/10	2.096	2.101	2.092	2.092	1539300	3229580.00
2017/10/11	2.094	2.104	2.094	2.101	1056990	2220489.00
2017/10/12	2.103	2.105	2.099	2.104	1849000	3886465.00
2017/10/13	2.103	2.103	2.098	2.102	1737094	3651330.00
2017/10/16	2.106	2.112	2.102	2.112	1332700	2811398.00
2017/10/17	2.120	2.122	2.113	2.122	885425	1876315.00
2017/10/18	2.123	2.128	2.118	2.119	1833425	3891029.00
2017/10/19	2.126	2.126	2.120	2.123	1175600	2496559.00
2017/10/20	2.115	2.124	2.106	2.123	3765900	7976234.00
2017/10/23	2.125	2.129	2.123	2.128	1044094	2219966.00
2017/10/24	2.123	2.123	2.112	2.119	1076500	2279511.00
2017/10/25	2.118	2.124	2.115	2.123	1200900	2547170.00
2017/10/26	2.123	2.123	2.111	2.113	1411400	2982312.00
2017/10/27	2.113	2.128	2.113	2.125	4055299	8604873.00
2017/10/30	2.162	2.170	2.162	2.168	2261325	4900017.00
2017/10/31	2.168	2.176	2.168	2.172	1274999	2769531.00
2017/11/01	2.178	2.198	2.177	2.183	1885194	4111424.00
2017/11/02	2.185	2.185	2.172	2.176	929194	2022065.00
2017/11/03	2.176	2.182	2.170	2.179	1670900	3634863.00
2017/11/06	2.186	2.193	2.179	2.186	1603400	3502734.00
2017/11/07	2.193	2.196	2.190	2.191	1796100	3939374.00
2017/11/08	2.189	2.196	2.182	2.195	2685000	5882240.00
2017/11/09	2.207	2.207	2.192	2.202	1156800	2545526.00
2017/11/10	2.193	2.197	2.193	2.196	1373600	3014984.00
2017/11/13	2.194	2.197	2.186	2.197	5584996	12229639.00
2017/11/14	2.196	2.200	2.196	2.200	1165296	2562113.00
2017/11/15	2.197	2.197	2.184	2.185	1815400	3972908.00
2017/11/16	2.180	2.180	2.171	2.177	1949469	4242302.00
2017/11/17	2.197	2.206	2.197	2.203	2055690	4529969.00
2017/11/20	2.200	2.200	2.191	2.194	1076890	2363948.00
2017/11/21	2.197	2.200	2.194	2.198	1445490	3176571.00
2017/11/22	2.211	2.222	2.211	2.215	2205200	4892716.00
2017/11/23	2.218	2.218	2.207	2.208	1838157	4062476.00
2017/11/24	2.211	2.214	2.203	2.208	1742299	3842837.00
2017/11/27	2.210	2.219	2.210	2.219	2234300	4950302.00
2017/11/28	2.218	2.224	2.217	2.224	1416499	3146399.00
2017/11/29	2.229	2.247	2.229	2.246	4353399	9736253.00
2017/11/30	2.218	2.218	2.206	2.214	2718382	6014940.00
2017/12/01	2.232	2.243	2.228	2.241	1846200	4131523.00
2017/12/04	2.241	2.289	2.235	2.262	4849300	10950434.00
2017/12/05	2.229	2.229	2.195	2.200	4801500	10608990.00
2017/12/06	2.194	2.208	2.169	2.175	4789600	10425308.00
2017/12/07	2.189	2.194	2.179	2.190	1763850	3863973.00
2017/12/08	2.200	2.210	2.200	2.210	3072725	6775583.00
2017/12/11	2.211	2.220	2.210	2.220	2135300	4726131.00
2017/12/12	2.229	2.235	2.227	2.235	2342625	5229578.00
2017/12/13	2.231	2.238	2.228	2.237	1421700	3175739.00
2017/12/14	2.240	2.245	2.235	2.243	1877000	4207338.00
2017/12/15	2.231	2.242	2.227	2.232	1001000	2233305.00
2017/12/18	2.257	2.266	2.253	2.266	2012600	4548779.00
2017/12/19	2.289	2.295	2.270	2.280	2362600	5387485.00
2017/12/20	2.270	2.277	2.265	2.276	1838300	4168332.00
2017/12/21	2.273	2.275	2.260	2.262	2503200	5669498.00
2017/12/22	2.262	2.270	2.260	2.269	909600	2058704.00
2017/12/25	2.265	2.268	2.252	2.262	1716200	3879792.00
2017/12/26	2.261	2.264	2.253	2.261	1847800	4173059.00
2017/12/27	2.256	2.256	2.229	2.234	2890600	6473126.00
2017/12/28	2.234	2.239	2.221	2.227	2888000	6430790.00
2017/12/29	2.228	2.231	2.222	2.229	1851400	4123673.00
2018/01/02	2.219	2.219	2.206	2.218	3203700	7093731.00
2018/01/03	2.243	2.251	2.240	2.248	3503600	7863530.00
2018/01/04	2.260	2.264	2.248	2.256	3151800	7107021.00
2018/01/05	2.256	2.257	2.248	2.250	3180300	7162616.00
2018/01/08	2.263	2.269	2.259	2.268	4248600	9610597.00
2018/01/09	2.270	2.275	2.266	2.274	3511500	7977034.00
2018/01/10	2.273	2.287	2.271	2.285	4115800	9378827.00
2018/01/11	2.279	2.289	2.275	2.283	4368900	9967423.00
2018/01/12	2.295	2.317	2.291	2.312	4155300	9563087.00
2018/01/15	2.311	2.319	2.305	2.309	2701600	6242462.00
2018/01/16	2.311	2.311	2.300	2.306	2416000	5565465.00
2018/01/17	2.296	2.296	2.284	2.293	3104000	7105117.00
2018/01/18	2.309	2.316	2.308	2.313	2965309	6859781.00
2018/01/19	2.309	2.314	2.305	2.310	2599424	5999014.00
2018/01/22	2.318	2.318	2.300	2.300	2819300	6495969.00
2018/01/23	2.317	2.328	2.316	2.326	3873700	8991010.00
2018/01/24	2.330	2.344	2.330	2.344	4715800	11023323.00
2018/01/25	2.328	2.328	2.320	2.324	2015600	4681552.00
2018/01/26	2.324	2.324	2.314	2.320	3226300	7482064.00
2018/01/29	2.341	2.345	2.340	2.344	2889500	6766962.00
2018/01/30	2.333	2.333	2.318	2.320	3082100	7164461.00
2018/01/31	2.303	2.309	2.293	2.309	2697000	6212475.00
2018/02/01	2.311	2.320	2.304	2.305	2603300	6018640.00
2018/02/02	2.293	2.300	2.290	2.294	4184000	9595170.00
2018/02/05	2.245	2.245	2.201	2.227	7125458	15846142.00
2018/02/06	2.090	2.126	2.090	2.095	12070000	25377300.00
2018/02/07	2.160	2.190	2.158	2.164	8865000	19272738.00
2018/02/08	2.160	2.174	2.142	2.169	2314000	5002576.00
2018/02/09	2.079	2.095	2.058	2.092	11113967	23154356.00
2018/02/12	2.114	2.132	2.103	2.131	4636000	9810794.00
2018/02/13	2.161	2.172	2.155	2.164	2418500	5230367.00
2018/02/14	2.177	2.193	2.174	2.193	1690900	3693896.00
2018/02/22	2.231	2.236	2.223	2.232	3421900	7630247.00
2018/02/23	2.243	2.257	2.236	2.249	4502002	10120874.00
2018/02/26	2.282	2.298	2.282	2.292	2679900	6143799.00
2018/02/27	2.323	2.325	2.317	2.320	2335000	5417973.00
2018/02/28	2.283	2.289	2.279	2.286	3863900	8818159.00
2018/03/01	2.281	2.288	2.266	2.288	2791057	6361562.00
2018/03/02	2.263	2.263	2.248	2.253	3158990	7112372.00
2018/03/05	2.271	2.273	2.263	2.268	1634400	3707801.00
2018/03/06	2.298	2.299	2.292	2.298	1233000	2830498.00
2018/03/07	2.295	2.295	2.281	2.284	1708700	3908335.00
2018/03/08	2.297	2.304	2.297	2.302	1323200	3043616.00
2018/03/09	2.311	2.321	2.311	2.319	1534100	3556566.00
2018/03/12	2.370	2.380	2.361	2.368	3352300	7931256.00
2018/03/13	2.369	2.373	2.363	2.368	2549300	6033214.00
2018/03/14	2.340	2.342	2.333	2.338	1024400	2392670.00
2018/03/15	2.332	2.346	2.322	2.337	1960600	4582972.00
2018/03/16	2.338	2.341	2.334	2.338	1319300	3083192.00
2018/03/19	2.338	2.340	2.333	2.333	987200	2306253.00
2018/03/20	2.296	2.296	2.282	2.293	2486600	5692903.00
2018/03/21	2.293	2.307	2.293	2.294	842700	1933996.00
2018/03/22	2.294	2.294	2.287	2.288	874300	2002522.00
2018/03/23	2.218	2.218	2.198	2.204	4786400	10561585.00
2018/03/26	2.162	2.200	2.162	2.187	3586157	7799212.00
2018/03/27	2.238	2.277	2.231	2.270	3073757	6918950.00
2018/03/28	2.191	2.200	2.175	2.185	3950000	8650640.00
2018/03/29	2.176	2.187	2.160	2.186	2875500	6237978.00
2018/03/30	2.195	2.207	2.186	2.194	1862800	4087402.00
2018/04/02	2.189	2.189	2.172	2.177	1659800	3619382.00
2018/04/03	2.133	2.133	2.119	2.126	3888100	8257613.00
2018/04/04	2.133	2.137	2.130	2.130	1906600	4066468.00
2018/04/09	2.132	2.145	2.131	2.143	3359600	7187951.00
2018/04/10	2.156	2.187	2.153	2.186	4203700	9113555.00
2018/04/11	2.199	2.210	2.183	2.185	2438800	5346321.00
2018/04/12	2.182	2.183	2.175	2.181	2130101	4641067.00
2018/04/13	2.195	2.203	2.194	2.203	1918400	4216635.00
2018/04/16	2.195	2.195	2.185	2.189	2050600	4487786.00
2018/04/17	2.197	2.209	2.197	2.208	1961900	4324809.00
2018/04/18	2.262	2.262	2.242	2.247	3451400	7761097.00
2018/04/19	2.249	2.253	2.249	2.249	2062800	4644107.00
2018/04/20	2.237	2.245	2.230	2.236	1336600	2987056.00
2018/04/23	2.209	2.228	2.198	2.202	2808700	6193016.00
2018/04/24	2.194	2.215	2.185	2.215	3500001	7709492.00
2018/04/25	2.167	2.173	2.166	2.171	3146695	6824957.00
2018/04/26	2.174	2.178	2.167	2.171	2443795	5306277.00
2018/04/27	2.201	2.235	2.201	2.233	5127987	11375584.00
2018/05/02	2.235	2.235	2.217	2.231	1553600	3462095.00
2018/05/03	2.219	2.225	2.211	2.221	2112396	4688944.00
2018/05/04	2.219	2.228	2.216	2.228	1355300	3014106.00
2018/05/07	2.270	2.273	2.262	2.270	3830300	8687698.00
2018/05/08	2.277	2.285	2.273	2.274	3272000	7453549.00
2018/05/09	2.274	2.279	2.271	2.272	1462400	3323916.00
2018/05/10	2.305	2.306	2.298	2.304	1817000	4182904.00
2018/05/11	2.325	2.330	2.316	2.317	2215000	5139640.00
2018/05/14	2.317	2.320	2.309	2.315	2262600	5233606.00
2018/05/15	2.315	2.315	2.302	2.311	5459400	12595976.00
2018/05/16	2.292	2.308	2.285	2.289	1665100	3812375.00
2018/05/17	2.303	2.312	2.303	2.309	2146318	4953652.00
2018/05/18	2.304	2.310	2.304	2.308	978600	2258587.00
2018/05/21	2.310	2.327	2.308	2.324	3084234	7159345.00
2018/05/22	2.323	2.323	2.308	2.316	1760265	4078153.00
2018/05/23	2.312	2.312	2.297	2.298	1543000	3549912.00
2018/05/24	2.336	2.336	2.312	2.323	1895900	4395971.00
2018/05/25	2.323	2.328	2.322	2.327	1708200	3971382.00
2018/05/28	2.327	2.340	2.325	2.337	1110900	2592082.00
2018/05/29	2.337	2.342	2.327	2.335	1569100	3668454.00
2018/05/30	2.320	2.324	2.312	2.319	2120900	4917897.00
2018/05/31	2.335	2.350	2.335	2.350	1635300	3837236.00
2018/06/01	2.345	2.348	2.333	2.341	1936400	4526530.00
2018/06/04	2.375	2.384	2.375	2.384	3169000	7545583.00
2018/06/05	2.394	2.415	2.391	2.414	5394300	12991675.00
2018/06/06	2.415	2.429	2.415	2.420	2749600	6651052.00
2018/06/07	2.433	2.441	2.433	2.439	4007200	9769358.00
2018/06/08	2.422	2.423	2.404	2.405	3190600	7690247.00
2018/06/11	2.405	2.440	2.405	2.431	2759600	6702166.00
2018/06/12	2.437	2.438	2.421	2.438	2465500	5990719.00
2018/06/13	2.449	2.466	2.449	2.451	2246455	5527051.00
2018/06/14	2.443	2.443	2.430	2.436	3141400	7646994.00
2018/06/15	2.452	2.476	2.452	2.472	3310001	8157968.00
2018/06/19	2.472	2.472	2.435	2.442	4849600	11895225.00
2018/06/20	2.440	2.470	2.440	2.458	4377200	10711242.00
2018/06/21	2.475	2.513	2.475	2.505	6901300	17255276.00
2018/06/22	2.464	2.493	2.464	2.488	7777700	19237448.00
2018/06/25	2.470	2.486	2.462	2.471	5913300	14623987.00
2018/06/26	2.420	2.442	2.410	2.431	8892900	21537862.00
2018/06/27	2.449	2.449	2.412	2.413	8298800	20160924.00
2018/06/28	2.388	2.397	2.385	2.396	5401696	12920898.00
2018/06/29	2.427	2.449	2.422	2.449	5790000	14120565.00
2018/07/02	2.448	2.448	2.434	2.437	3792700	9264634.00
2018/07/03	2.465	2.506	2.465	2.503	8027600	20008208.00
2018/07/04	2.471	2.480	2.451	2.459	6076500	14976771.00
2018/07/05	2.451	2.463	2.445	2.460	2814400	6915359.00
2018/07/06	2.492	2.500	2.480	2.497	4974200	12392082.00
2018/07/09	2.539	2.574	2.527	2.574	8322800	21263686.00
2018/07/10	2.592	2.620	2.570	2.604	6332400	16432242.00
2018/07/11	2.570	2.585	2.539	2.554	14630000	37442232.00
2018/07/12	2.559	2.578	2.550	2.578	11452370	29396726.00
2018/07/13	2.600	2.616	2.591	2.603	11747300	30585528.00
2018/07/16	2.600	2.600	2.580	2.584	5417800	14034811.00
2018/07/17	2.577	2.578	2.555	2.559	12086796	30959308.00
2018/07/18	2.594	2.597	2.584	2.595	8573700	22215168.00
2018/07/19	2.596	2.608	2.590	2.607	5951400	15474539.00
2018/07/20	2.598	2.614	2.596	2.610	7115301	18548598.00
2018/07/23	2.596	2.604	2.594	2.602	5700400	14809373.00
2018/07/24	2.622	2.642	2.622	2.641	8307200	21886736.00
2018/07/25	2.633	2.651	2.626	2.650	9736500	25719656.00
2018/07/26	2.666	2.666	2.651	2.656	11918200	31696990.00
2018/07/27	2.651	2.691	2.646	2.658	14806700	39520964.00
2018/07/30	2.613	2.648	2.609	2.646	8783000	23086090.00
2018/07/31	2.610	2.615	2.572	2.584	18834370	48752976.00
2018/08/01	2.603	2.618	2.593	2.617	11610900	30228948.00
2018/08/02	2.618	2.636	2.615	2.623	11547200	30336054.00
2018/08/03	2.657	2.708	2.653	2.702	16939200	45335876.00
2018/08/06	2.691	2.773	2.683	2.768	29437700	80220536.00
2018/08/07	2.764	2.819	2.741	2.754	36186000	100692352.00
2018/08/08	2.758	2.758	2.692	2.710	30065903	81581112.00
2018/08/09	2.700	2.700	2.659	2.673	43557400	116557304.00
2018/08/10	2.663	2.680	2.653	2.667	24703300	65815320.00
2018/08/13	2.649	2.673	2.635	2.660	25911325	68950216.00
2018/08/14	2.668	2.682	2.663	2.679	14667125	39207308.00
2018/08/15	2.698	2.720	2.694	2.710	26322725	71270328.00
2018/08/16	2.666	2.685	2.661	2.662	21291065	56904728.00
2018/08/17	2.673	2.675	2.667	2.668	16366700	43692568.00
2018/08/20	2.672	2.672	2.643	2.655	20140425	53452960.00
2018/08/21	2.649	2.649	2.632	2.638	24257000	63989148.00
2018/08/22	2.640	2.643	2.632	2.636	16328400	43061996.00
2018/08/23	2.646	2.668	2.646	2.665	18570900	49426016.00
2018/08/24	2.663	2.670	2.661	2.666	12468700	33242880.00
2018/08/27	2.678	2.686	2.672	2.678	21066900	56384252.00
2018/08/28	2.700	2.713	2.695	2.705	21672800	58638848.00
2018/08/29	2.707	2.711	2.701	2.708	12551500	33977296.00
2018/08/30	2.731	2.755	2.731	2.748	25435000	69819464.00
2018/08/31	2.740	2.746	2.733	2.740	20279900	55544892.00
2018/09/03	2.743	2.752	2.739	2.742	13357000	36673744.00
2018/09/04	2.747	2.754	2.743	2.754	12248830	33659576.00
2018/09/05	2.743	2.743	2.724	2.728	16840100	45999888.00
2018/09/06	2.690	2.693	2.683	2.684	19077100	51287048.00
2018/09/07	2.662	2.665	2.658	2.662	18618300	49547832.00
2018/09/10	2.660	2.681	2.660	2.680	13622660	36406336.00
2018/09/11	2.686	2.696	2.684	2.693	19139865	51548072.00
2018/09/12	2.728	2.728	2.706	2.722	15769700	42845764.00
2018/09/13	2.710	2.710	2.690	2.695	14238200	38378664.00
2018/09/14	2.712	2.723	2.710	2.722	14277200	38782800.00
2018/09/17	2.714	2.715	2.709	2.709	9694300	26283880.00
2018/09/18	2.663	2.673	2.658	2.673	21769100	57972776.00
2018/09/19	2.695	2.699	2.686	2.696	21801100	58758380.00
2018/09/20	2.691	2.697	2.689	2.691	14755300	39739480.00
2018/09/21	2.722	2.723	2.713	2.720	21535900	58496168.00
2018/09/25	2.702	2.710	2.701	2.709	12552000	33947896.00
2018/09/26	2.713	2.742	2.707	2.726	28132070	76593720.00
2018/09/27	2.714	2.723	2.714	2.721	13428500	36514468.00
2018/09/28	2.745	2.759	2.745	2.754	23149800	63730948.00
2018/10/08	2.662	2.688	2.662	2.677	12880100	34516484.00
2018/10/09	2.676	2.682	2.667	2.675	10018102	26788292.00
2018/10/10	2.679	2.685	2.676	2.685	9936000	26626122.00
2018/10/11	2.550	2.550	2.503	2.510	52798412	132898464.00
2018/10/12	2.510	2.566	2.506	2.564	27164400	68851528.00
2018/10/15	2.575	2.587	2.554	2.555	20247900	51989740.00
2018/10/16	2.559	2.567	2.558	2.559	8055300	20638982.00
2018/10/17	2.636	2.648	2.630	2.647	12997750	34271192.00
2018/10/18	2.630	2.634	2.617	2.619	11855100	31080496.00
2018/10/19	2.579	2.599	2.550	2.599	19500050	50512280.00
2018/10/22	2.576	2.589	2.564	2.587	23185900	59768192.00
2018/10/23	2.576	2.580	2.542	2.544	27912100	71355952.00
2018/10/24	2.562	2.578	2.556	2.560	24447500	62699892.00
2018/10/25	2.459	2.480	2.453	2.477	24710244	61009596.00
2018/10/26	2.496	2.497	2.476	2.490	27033144	67272608.00
2018/10/29	2.490	2.502	2.483	2.483	13392970	33334310.00
2018/10/30	2.448	2.461	2.438	2.449	28282744	69221176.00
2018/10/31	2.468	2.486	2.468	2.486	17076300	42269420.00
2018/11/01	2.528	2.535	2.513	2.514	15049700	38034532.00
2018/11/02	2.532	2.559	2.527	2.547	22632500	57448272.00
2018/11/05	2.509	2.509	2.496	2.505	10821200	27067968.00
2018/11/06	2.504	2.509	2.494	2.499	21835100	54607008.00
2018/11/07	2.525	2.542	2.525	2.528	17276000	43744404.00
2018/11/08	2.594	2.604	2.585	2.588	12624200	32721680.00
2018/11/09	2.580	2.583	2.573	2.575	10388956	26783696.00
2018/11/12	2.548	2.568	2.544	2.568	9142300	23382028.00
2018/11/13	2.481	2.493	2.475	2.491	20338056	50517868.00
2018/11/14	2.485	2.489	2.479	2.483	10243500	25435886.00
2018/11/15	2.458	2.469	2.455	2.464	25925970	63746328.00
2018/11/16	2.489	2.489	2.472	2.474	56638000	140490944.00
2018/11/19	2.472	2.485	2.472	2.484	20512918	50878592.00
2018/11/20	2.404	2.410	2.393	2.396	27702090	66429428.00
2018/11/21	2.360	2.380	2.360	2.379	21341100	50540136.00
2018/11/22	2.380	2.385	2.368	2.377	8659810	20573838.00
2018/11/23	2.370	2.370	2.360	2.361	12472500	29495240.00
2018/11/26	2.363	2.382	2.360	2.382	27977600	66462524.00
2018/11/27	2.405	2.411	2.399	2.410	8941548	21503298.00
2018/11/28	2.422	2.440	2.422	2.435	24665100	60014108.00
2018/11/29	2.499	2.499	2.483	2.483	27736650	69074704.00
2018/11/30	2.481	2.496	2.477	2.493	20530798	51167920.00
2018/12/03	2.556	2.560	2.541	2.558	24258700	61950576.00
2018/12/04	2.544	2.544	2.504	2.513	17660812	44542140.00
2018/12/05	2.421	2.445	2.421	2.444	11173000	27251824.00
2018/12/06	2.418	2.420	2.399	2.404	33537648	80659136.00
2018/12/07	2.450	2.451	2.440	2.440	9213700	22509508.00
2018/12/10	2.368	2.379	2.363	2.368	19829000	46957652.00
2018/12/11	2.389	2.429	2.389	2.399	93153500	223986752.00
2018/12/12	2.420	2.442	2.412	2.429	95870200	232721616.00
2018/12/13	2.440	2.456	2.434	2.443	67856400	165812720.00
2018/12/14	2.427	2.427	2.408	2.411	22318200	53934480.00
2018/12/17	2.385	2.388	2.370	2.387	26359700	62871148.00
2018/12/18	2.339	2.343	2.329	2.337	14777400	34517048.00
2018/12/19	2.345	2.346	2.334	2.336	15352800	35912100.00
2018/12/20	2.300	2.300	2.266	2.272	22756400	51878396.00
2018/12/21	2.261	2.268	2.250	2.267	26536800	59931648.00
2018/12/24	2.202	2.208	2.186	2.194	46744370	102475200.00
2018/12/25	2.132	2.133	2.118	2.123	23588490	50084488.00
2018/12/26	2.124	2.127	2.116	2.120	33378280	70773624.00
2018/12/27	2.234	2.257	2.229	2.236	71595040	160522112.00
2018/12/28	2.253	2.259	2.243	2.243	13135400	29559364.00
2019/01/02	2.268	2.274	2.232	2.233	16245400	36570532.00
2019/01/03	2.229	2.238	2.222	2.225	28802600	64309184.00
2019/01/04	2.183	2.226	2.182	2.224	39962400	88170192.00
2019/01/07	2.305	2.308	2.289	2.296	65274300	150081456.00
2019/01/08	2.313	2.336	2.312	2.328	66779200	155387280.00
2019/01/09	2.345	2.358	2.338	2.341	28996900	68151872.00
2019/01/10	2.341	2.342	2.322	2.322	50788700	118273880.00
2019/01/11	2.339	2.342	2.326	2.328	6276500	14633962.00
2019/01/14	2.319	2.319	2.300	2.302	54308300	125148880.00
2019/01/15	2.307	2.322	2.301	2.322	38472300	89049136.00
2019/01/16	2.348	2.360	2.347	2.351	31278600	73654368.00
2019/01/17	2.344	2.346	2.334	2.334	48168700	112828008.00
2019/01/18	2.370	2.381	2.370	2.378	8625700	20499640.00
2019/01/21	2.384	2.397	2.384	2.392	48350197	115679168.00
2019/01/22	2.392	2.392	2.377	2.379	33316600	79471448.00
2019/01/23	2.364	2.366	2.350	2.353	41108500	96955816.00
2019/01/24	2.357	2.360	2.352	2.355	15534700	36596608.00
2019/01/25	2.361	2.375	2.359	2.371	53103802	125667960.00
2019/01/28	2.394	2.394	2.366	2.370	18482000	43888448.00
2019/01/29	2.349	2.351	2.340	2.345	7738000	18148180.00
2019/01/30	2.339	2.342	2.334	2.339	11985100	28028976.00
2019/01/31	2.387	2.395	2.386	2.395	15559800	37195364.00
2019/02/01	2.406	2.427	2.401	2.427	42398704	102144336.00
2019/02/11	2.422	2.439	2.422	2.439	8765300	21331390.00
2019/02/12	2.446	2.460	2.445	2.459	26065098	63987316.00
2019/02/13	2.478	2.489	2.478	2.488	11159300	27724036.00
2019/02/14	2.481	2.481	2.471	2.480	18214700	45071624.00
2019/02/15	2.470	2.474	2.458	2.458	10118805	24945080.00
2019/02/18	2.480	2.491	2.480	2.491	27508200	68408264.00
2019/02/19	2.492	2.498	2.491	2.493	26322000	65670120.00
2019/02/20	2.488	2.488	2.471	2.475	51256692	127000176.00
2019/02/21	2.465	2.479	2.465	2.476	9965500	24654052.00
2019/02/22	2.343	2.469	2.343	2.463	77514500	190775296.00
2019/02/25	2.475	2.483	2.469	2.476	74947300	185349120.00
2019/02/26	2.470	2.471	2.460	2.462	78989868	194713040.00
数据来源:通达信
