512510 ETF500 日线 前复权
      日期	    开盘	    最高	    最低	    收盘	    成交量	    成交额
2015/06/12	2.156	2.270	2.156	2.246	139229511	312522144.00
2015/06/15	2.236	2.261	2.196	2.225	49944455	113389640.00
2015/06/16	2.204	2.204	2.076	2.130	15306689	33424268.00
2015/06/17	2.078	2.183	2.064	2.166	37536925	81814280.00
2015/06/18	2.151	2.193	2.085	2.112	8221847	18043940.00
2015/06/19	2.091	2.091	1.950	1.952	11772577	24091854.00
2015/06/23	1.952	2.011	1.834	1.965	4963816	9666035.00
2015/06/24	1.961	2.011	1.947	2.006	7049799	14222892.00
2015/06/25	2.010	2.025	1.908	1.953	4377688	8854287.00
2015/06/26	1.951	1.951	1.755	1.776	5350982	9894879.00
2015/06/29	1.791	1.896	1.596	1.608	7120302	12205428.00
2015/06/30	1.526	1.746	1.526	1.746	7098753	11631590.00
2015/07/01	1.746	1.776	1.601	1.648	6554064	11512246.00
2015/07/02	1.630	1.656	1.514	1.527	5638721	8982770.00
2015/07/03	1.486	1.556	1.405	1.427	8149323	12156723.00
2015/07/06	1.572	1.572	1.386	1.505	38964440	59341728.00
2015/07/07	1.505	1.506	1.352	1.352	19807473	28251758.00
2015/07/08	1.214	1.214	1.214	1.214	1601500	1982657.00
2015/07/09	1.090	1.338	1.090	1.338	25435151	31507304.00
2015/07/10	1.376	1.474	1.347	1.474	24770402	36309868.00
2015/07/13	1.476	1.624	1.356	1.624	30599933	48605128.00
2015/07/14	1.566	1.610	1.519	1.532	29481920	46584548.00
2015/07/15	1.466	1.506	1.376	1.376	16946074	24623656.00
2015/07/16	1.311	1.495	1.256	1.424	13276830	18823194.00
2015/07/17	1.430	1.517	1.428	1.501	12671133	19013694.00
2015/07/20	1.506	1.559	1.481	1.547	14956213	23239304.00
2015/07/21	1.496	1.604	1.496	1.595	13672700	21686222.00
2015/07/22	1.598	1.625	1.567	1.620	11523659	18685830.00
2015/07/23	1.601	1.683	1.596	1.676	10704921	17981042.00
2015/07/24	1.676	1.695	1.642	1.662	6999087	11879314.00
2015/07/27	1.636	1.653	1.493	1.495	9481493	15373981.00
2015/07/28	1.414	1.556	1.412	1.499	5441606	8095420.50
2015/07/29	1.493	1.576	1.457	1.566	4788342	7330374.50
2015/07/30	1.551	1.597	1.518	1.526	4423076	7046480.00
2015/07/31	1.516	1.536	1.489	1.507	2825362	4342041.50
2015/08/03	1.484	1.496	1.436	1.475	3259037	4834640.50
2015/08/04	1.481	1.551	1.467	1.548	4332355	6659423.00
2015/08/05	1.541	1.567	1.496	1.530	3748514	5875503.50
2015/08/06	1.496	1.541	1.476	1.517	1280422	1981529.50
2015/08/07	1.538	1.563	1.531	1.560	6443917	10168761.00
2015/08/10	1.565	1.651	1.565	1.641	4207469	6893835.00
2015/08/11	1.642	1.696	1.630	1.652	3175061	5320564.50
2015/08/12	1.642	1.660	1.627	1.633	2015719	3357917.75
2015/08/13	1.623	1.666	1.607	1.664	4079856	6782593.50
2015/08/14	1.666	1.702	1.666	1.681	3640558	6229864.00
2015/08/17	1.665	1.724	1.656	1.723	4463397	7682316.00
2015/08/18	1.726	1.737	1.588	1.596	3821680	6430035.50
2015/08/19	1.576	1.646	1.495	1.635	3469423	5494737.00
2015/08/20	1.626	1.637	1.577	1.586	1561503	2549799.00
2015/08/21	1.585	1.586	1.506	1.515	2548233	3954854.25
2015/08/24	1.483	1.483	1.361	1.361	3996017	5614484.00
2015/08/25	1.223	1.304	1.223	1.223	3624267	4634563.00
2015/08/26	1.244	1.303	1.193	1.214	6869585	8732226.00
2015/08/27	1.237	1.265	1.194	1.251	7022280	8799118.00
2015/08/28	1.266	1.335	1.256	1.335	4974039	6534098.00
2015/08/31	1.335	1.338	1.259	1.280	2157706	2840032.00
2015/09/01	1.280	1.280	1.189	1.195	6821668	8425272.00
2015/09/02	1.184	1.223	1.129	1.183	2600925	3146260.00
2015/09/07	1.179	1.240	1.176	1.191	2410970	2980287.00
2015/09/08	1.196	1.239	1.165	1.236	1886180	2317307.25
2015/09/09	1.246	1.282	1.236	1.273	2979748	3835960.75
2015/09/10	1.266	1.273	1.246	1.253	2353574	3018196.25
2015/09/11	1.256	1.268	1.242	1.256	1283020	1640818.63
2015/09/14	1.262	1.275	1.166	1.170	1849584	2292218.00
2015/09/15	1.166	1.170	1.105	1.106	3489315	4031975.50
2015/09/16	1.116	1.215	1.108	1.202	2338789	2749909.75
2015/09/17	1.192	1.203	1.156	1.158	2313901	2788580.50
2015/09/18	1.166	1.176	1.153	1.167	1176694	1397938.63
2015/09/21	1.161	1.201	1.151	1.198	2318115	2807173.75
2015/09/22	1.201	1.226	1.197	1.215	2312549	2856197.50
2015/09/23	1.205	1.215	1.182	1.197	832483	1014785.75
2015/09/24	1.197	1.223	1.197	1.210	457653	563697.13
2015/09/25	1.206	1.216	1.166	1.173	655491	792952.19
2015/09/28	1.166	1.196	1.166	1.195	356471	431385.88
2015/09/29	1.184	1.190	1.172	1.175	457516	550167.81
2015/09/30	1.182	1.188	1.166	1.178	120094	144416.28
2015/10/08	1.207	1.236	1.207	1.227	1500960	1871354.38
2015/10/09	1.230	1.240	1.220	1.236	1425935	1793427.75
2015/10/12	1.240	1.313	1.240	1.307	3923682	5149468.50
2015/10/13	1.306	1.312	1.276	1.305	1570056	2080094.50
2015/10/14	1.292	1.314	1.278	1.291	1617676	2138896.25
2015/10/15	1.287	1.331	1.282	1.327	2413231	3239395.75
2015/10/16	1.346	1.363	1.326	1.361	3003181	4114019.25
2015/10/19	1.361	1.366	1.338	1.353	1896253	2609064.50
2015/10/20	1.353	1.368	1.336	1.368	1315527	1816789.38
2015/10/21	1.368	1.373	1.297	1.304	2116646	2882174.75
2015/10/22	1.296	1.344	1.296	1.344	1018984	1368114.25
2015/10/23	1.344	1.378	1.342	1.368	2998835	4175567.00
2015/10/26	1.376	1.396	1.369	1.383	735259	1032774.69
2015/10/27	1.383	1.401	1.336	1.393	924810	1284096.63
2015/10/28	1.393	1.400	1.353	1.368	807394	1132968.50
2015/10/29	1.368	1.386	1.356	1.373	482493	674628.25
2015/10/30	1.361	1.386	1.348	1.363	566955	792146.63
2015/11/02	1.349	1.375	1.327	1.346	850037	1167376.38
2015/11/03	1.346	1.350	1.334	1.336	1136460	1554267.50
2015/11/04	1.337	1.416	1.337	1.412	1737263	2466316.25
2015/11/05	1.408	1.427	1.404	1.414	1621943	2337652.00
2015/11/06	1.408	1.444	1.408	1.438	1927053	2811603.25
2015/11/09	1.416	1.472	1.396	1.463	3895458	5764557.00
2015/11/10	1.450	1.474	1.450	1.461	1831733	2726071.00
2015/11/11	1.468	1.486	1.457	1.484	2817613	4217400.50
2015/11/12	1.486	1.495	1.465	1.486	1196722	1803059.50
2015/11/13	1.463	1.485	1.446	1.465	1290094	1923887.63
2015/11/16	1.456	1.497	1.441	1.497	1552141	2326756.75
2015/11/17	1.516	1.516	1.481	1.482	1200015	1828827.25
2015/11/18	1.482	1.497	1.456	1.456	1933411	2911603.00
2015/11/19	1.486	1.494	1.463	1.491	2635402	3946384.00
2015/11/20	1.491	1.521	1.491	1.508	1727540	2642744.75
2015/11/23	1.511	1.526	1.500	1.500	4146240	6353477.00
2015/11/24	1.496	1.524	1.484	1.524	4853337	7438526.50
2015/11/25	1.516	1.551	1.511	1.536	3488071	5420193.50
2015/11/26	1.537	1.546	1.531	1.541	1014566	1585558.75
2015/11/27	1.526	1.538	1.436	1.467	2454335	3714536.50
2015/11/30	1.456	1.472	1.378	1.455	2698542	3902203.00
2015/12/01	1.455	1.472	1.436	1.456	735902	1087346.38
2015/12/02	1.447	1.456	1.406	1.445	455608	665891.50
2015/12/03	1.449	1.479	1.449	1.478	701040	1045664.19
2015/12/04	1.476	1.486	1.466	1.474	432440	647525.44
2015/12/07	1.470	1.483	1.463	1.482	535381	803462.06
2015/12/08	1.466	1.476	1.446	1.447	351223	520783.03
2015/12/09	1.444	1.453	1.432	1.434	1079910	1579020.88
2015/12/10	1.433	1.451	1.433	1.443	1553439	2276795.00
2015/12/11	1.428	1.436	1.418	1.421	796884	1153468.38
2015/12/14	1.424	1.451	1.416	1.446	2100221	3051114.50
2015/12/15	1.456	1.470	1.456	1.466	1385451	2064740.75
2015/12/16	1.468	1.476	1.466	1.471	567983	849323.63
2015/12/17	1.474	1.511	1.474	1.510	4273140	6515032.00
2015/12/18	1.506	1.516	1.495	1.509	3356835	5143584.00
2015/12/21	1.505	1.528	1.505	1.519	2994315	4620672.50
2015/12/22	1.528	1.534	1.512	1.534	2756107	4271831.50
2015/12/23	1.530	1.542	1.518	1.518	1926955	3004966.00
2015/12/24	1.521	1.521	1.491	1.509	804668	1228744.50
2015/12/25	1.511	1.529	1.511	1.523	2073658	3211920.50
2015/12/28	1.523	1.534	1.492	1.492	2282649	3503645.00
2015/12/29	1.486	1.504	1.476	1.504	1090297	1642894.63
2015/12/30	1.506	1.516	1.499	1.516	310718	475853.72
2015/12/31	1.514	1.517	1.493	1.497	314731	479171.72
2016/01/04	1.487	1.492	1.366	1.366	1196291	1733646.50
2016/01/05	1.368	1.376	1.325	1.338	1472929	2022986.63
2016/01/06	1.341	1.382	1.341	1.381	710623	985310.63
2016/01/07	1.366	1.383	1.262	1.264	155300	208534.70
2016/01/08	1.268	1.332	1.251	1.288	1644094	2147233.50
2016/01/11	1.288	1.288	1.238	1.240	836786	1067933.25
2016/01/12	1.240	1.256	1.182	1.205	1706343	2097060.63
2016/01/13	1.206	1.216	1.163	1.163	3484362	4244538.50
2016/01/14	1.160	1.199	1.126	1.199	4222797	5074553.50
2016/01/15	1.196	1.199	1.138	1.148	5403600	6500558.50
2016/01/18	1.156	1.181	1.136	1.166	5836263	6917471.50
2016/01/19	1.166	1.211	1.158	1.206	4158460	5011129.50
2016/01/20	1.199	1.216	1.189	1.201	1470897	1802956.63
2016/01/21	1.199	1.207	1.155	1.155	868115	1046670.13
2016/01/22	1.158	1.176	1.139	1.167	768137	910819.56
2016/01/25	1.169	1.189	1.169	1.181	406197	489836.31
2016/01/26	1.177	1.177	1.136	1.153	1202587	1408631.25
2016/01/27	1.145	1.145	1.048	1.088	4815504	5252474.50
2016/01/28	1.079	1.079	1.048	1.048	1396443	1522516.63
2016/01/29	1.050	1.081	1.028	1.069	1169800	1262514.63
2016/02/01	1.075	1.095	1.042	1.057	1083358	1178457.38
2016/02/02	1.059	1.093	1.059	1.090	1783397	1977113.13
2016/02/03	1.087	1.102	1.076	1.096	639300	711339.19
2016/02/04	1.104	1.124	1.104	1.121	716852	816406.69
2016/02/05	1.123	1.126	1.108	1.109	428500	488814.19
2016/02/15	1.105	1.113	1.067	1.111	327683	366199.56
2016/02/16	1.114	1.158	1.114	1.153	942187	1100857.75
2016/02/17	1.150	1.166	1.146	1.164	424340	501233.06
2016/02/18	1.166	1.181	1.162	1.162	395208	472197.13
2016/02/19	1.167	1.172	1.155	1.168	360895	429314.94
2016/02/22	1.170	1.192	1.170	1.192	738658	892748.13
2016/02/23	1.190	1.192	1.168	1.183	439469	528899.00
2016/02/24	1.184	1.193	1.168	1.190	603315	730444.50
2016/02/25	1.187	1.187	1.089	1.098	1428042	1645063.25
2016/02/26	1.100	1.113	1.076	1.105	1629833	1820599.63
2016/02/29	1.102	1.102	1.032	1.046	2019658	2156812.50
2016/03/01	1.056	1.074	1.038	1.067	1860226	2006422.25
2016/03/02	1.067	1.124	1.062	1.118	2100058	2338504.75
2016/03/03	1.118	1.144	1.118	1.122	1062072	1226182.75
2016/03/04	1.119	1.166	1.084	1.096	2134000	2438409.25
2016/03/07	1.097	1.129	1.097	1.119	889494	1019623.25
2016/03/08	1.105	1.123	1.081	1.123	864716	975857.75
2016/03/09	1.113	1.116	1.089	1.098	1033400	1159516.25
2016/03/10	1.099	1.106	1.078	1.081	1855329	2064958.75
2016/03/11	1.081	1.084	1.064	1.077	1040715	1141840.63
2016/03/14	1.079	1.121	1.079	1.112	2099416	2366142.25
2016/03/15	1.109	1.109	1.096	1.102	385294	433552.38
2016/03/16	1.100	1.110	1.080	1.086	690200	769159.13
2016/03/17	1.091	1.121	1.089	1.120	2793500	3173490.25
2016/03/18	1.121	1.165	1.121	1.160	2588189	3014891.00
2016/03/21	1.161	1.187	1.161	1.186	2352877	2832806.75
2016/03/22	1.194	1.194	1.168	1.185	1087811	1315378.00
2016/03/23	1.184	1.191	1.176	1.189	455512	550235.06
2016/03/24	1.173	1.192	1.168	1.175	766688	923798.25
2016/03/25	1.179	1.187	1.169	1.180	630189	757121.88
2016/03/28	1.182	1.204	1.176	1.178	904500	1101558.75
2016/03/29	1.186	1.195	1.149	1.155	1131191	1337735.25
2016/03/30	1.157	1.198	1.157	1.197	1533738	1850623.38
2016/03/31	1.195	1.210	1.195	1.200	1158500	1421886.50
2016/04/01	1.200	1.200	1.181	1.194	662432	803085.63
2016/04/05	1.194	1.228	1.191	1.225	1744935	2144059.75
2016/04/06	1.225	1.237	1.214	1.234	3448216	4320571.00
2016/04/07	1.237	1.238	1.216	1.221	1678958	2107928.75
2016/04/08	1.206	1.211	1.191	1.208	859985	1053015.75
2016/04/11	1.209	1.242	1.209	1.237	3626303	4562853.50
2016/04/12	1.236	1.236	1.212	1.223	1019746	1269215.25
2016/04/13	1.219	1.259	1.219	1.245	3198327	4070933.00
2016/04/14	1.256	1.256	1.240	1.253	1704271	2169361.50
2016/04/15	1.262	1.275	1.241	1.248	1354200	1720934.88
2016/04/18	1.245	1.245	1.221	1.227	1090588	1364177.88
2016/04/19	1.227	1.237	1.223	1.230	760500	953845.94
2016/04/20	1.232	1.240	1.155	1.177	2914174	3508570.50
2016/04/21	1.175	1.188	1.162	1.163	1583254	1898818.50
2016/04/22	1.161	1.172	1.154	1.169	830044	984285.75
2016/04/25	1.166	1.168	1.151	1.162	359300	424948.00
2016/04/26	1.163	1.181	1.162	1.181	1632044	1951758.25
2016/04/27	1.182	1.188	1.172	1.172	1131406	1365908.88
2016/04/28	1.175	1.177	1.150	1.166	544400	644834.63
2016/04/29	1.163	1.172	1.162	1.166	237455	282907.38
2016/05/03	1.165	1.201	1.165	1.199	2983554	3621916.50
2016/05/04	1.196	1.226	1.194	1.206	2599884	3203203.00
2016/05/05	1.207	1.213	1.198	1.208	180200	221535.41
2016/05/06	1.213	1.213	1.165	1.166	1067389	1287677.88
2016/05/09	1.168	1.168	1.117	1.122	2655997	3079115.00
2016/05/10	1.123	1.126	1.114	1.120	1883970	2152198.25
2016/05/11	1.121	1.131	1.111	1.117	1068343	1226486.50
2016/05/12	1.106	1.116	1.085	1.116	707000	796910.31
2016/05/13	1.112	1.128	1.108	1.116	539160	614908.00
2016/05/16	1.113	1.131	1.102	1.131	542109	621491.69
2016/05/17	1.132	1.140	1.125	1.127	1587898	1834893.25
2016/05/18	1.127	1.127	1.088	1.102	2346600	2641011.25
2016/05/19	1.096	1.116	1.096	1.108	1460909	1658594.50
2016/05/20	1.096	1.116	1.092	1.116	1029229	1164121.63
2016/05/23	1.124	1.135	1.123	1.135	1526285	1757773.50
2016/05/24	1.132	1.132	1.108	1.122	931852	1061672.63
2016/05/25	1.134	1.134	1.112	1.113	381872	438678.97
2016/05/26	1.111	1.120	1.093	1.117	1313074	1480136.13
2016/05/27	1.114	1.126	1.112	1.117	641897	734142.44
2016/05/30	1.111	1.124	1.106	1.117	421994	480573.09
2016/05/31	1.118	1.158	1.118	1.158	2860791	3341704.00
2016/06/01	1.161	1.174	1.160	1.164	5016623	5979956.50
2016/06/02	1.166	1.173	1.163	1.170	1777268	2115949.25
2016/06/03	1.171	1.182	1.167	1.176	1756264	2110596.50
2016/06/06	1.178	1.189	1.176	1.182	1719560	2077606.00
2016/06/07	1.181	1.182	1.176	1.182	282016	339628.06
2016/06/08	1.181	1.186	1.169	1.181	303104	363504.81
2016/06/13	1.176	1.176	1.126	1.127	1291297	1513715.13
2016/06/14	1.128	1.151	1.121	1.131	755500	869591.69
2016/06/15	1.126	1.169	1.126	1.163	1373515	1614320.63
2016/06/16	1.163	1.169	1.155	1.161	279916	332562.13
2016/06/17	1.164	1.175	1.156	1.166	1058700	1260005.75
2016/06/20	1.170	1.172	1.155	1.171	1247383	1486637.00
2016/06/21	1.174	1.185	1.156	1.160	7779979	9316243.00
2016/06/22	1.158	1.176	1.158	1.174	1254321	1500062.50
2016/06/23	1.171	1.180	1.166	1.173	1654260	1979627.63
2016/06/24	1.170	1.179	1.126	1.161	1577232	1874134.38
2016/06/27	1.158	1.185	1.158	1.185	1512901	1814291.13
2016/06/28	1.185	1.198	1.178	1.198	3232900	3938487.00
2016/06/29	1.195	1.207	1.195	1.206	2739387	3360130.75
2016/06/30	1.208	1.209	1.197	1.201	437745	535569.44
2016/07/01	1.199	1.210	1.191	1.198	481282	590648.94
2016/07/04	1.190	1.227	1.190	1.223	974990	1209639.50
2016/07/05	1.225	1.236	1.223	1.230	3019151	3786844.75
2016/07/06	1.229	1.237	1.224	1.236	948078	1188397.00
2016/07/07	1.236	1.246	1.227	1.239	644641	813463.25
2016/07/08	1.233	1.244	1.233	1.241	652700	823997.50
2016/07/11	1.241	1.259	1.241	1.242	865338	1103571.38
2016/07/12	1.241	1.256	1.229	1.256	2615315	3326145.00
2016/07/13	1.256	1.270	1.256	1.266	1571813	2026483.13
2016/07/14	1.268	1.270	1.260	1.263	798729	1028447.31
2016/07/15	1.263	1.272	1.262	1.270	2660978	3441128.50
2016/07/18	1.268	1.269	1.259	1.262	1911509	2465346.00
2016/07/19	1.259	1.274	1.242	1.266	2045687	2630806.75
2016/07/20	1.268	1.269	1.261	1.265	772858	995686.13
2016/07/21	1.264	1.275	1.262	1.264	376297	486824.44
2016/07/22	1.264	1.266	1.256	1.257	801425	1028809.50
2016/07/25	1.257	1.266	1.255	1.261	683654	876418.50
2016/07/26	1.265	1.276	1.264	1.276	540622	700101.75
2016/07/27	1.276	1.281	1.219	1.224	1032266	1302517.75
2016/07/28	1.226	1.235	1.211	1.228	1567500	1951216.88
2016/07/29	1.228	1.232	1.214	1.221	277294	345291.31
2016/08/01	1.210	1.212	1.188	1.197	3633286	4441316.50
2016/08/02	1.199	1.212	1.199	1.211	2280865	2809850.75
2016/08/03	1.211	1.218	1.211	1.215	195800	242622.50
2016/08/04	1.216	1.226	1.213	1.226	2201636	2742941.25
2016/08/05	1.228	1.229	1.218	1.218	1078222	1346398.50
2016/08/08	1.220	1.235	1.213	1.234	618040	773964.31
2016/08/09	1.234	1.246	1.234	1.246	1270775	1606949.75
2016/08/10	1.246	1.255	1.242	1.242	1615000	2055690.25
2016/08/11	1.246	1.246	1.227	1.228	417455	525006.69
2016/08/12	1.227	1.240	1.223	1.237	715916	898739.69
2016/08/15	1.238	1.273	1.238	1.267	2185872	2805679.00
2016/08/16	1.274	1.278	1.270	1.274	2233866	2896337.00
2016/08/17	1.274	1.281	1.268	1.275	2066204	2686766.00
2016/08/18	1.276	1.285	1.275	1.276	1814746	2369373.00
2016/08/19	1.277	1.282	1.272	1.281	556699	724247.00
2016/08/22	1.281	1.282	1.266	1.266	196152	254501.00
2016/08/23	1.261	1.271	1.256	1.264	851197	1095983.00
2016/08/24	1.266	1.273	1.264	1.269	336069	434856.00
2016/08/25	1.266	1.266	1.242	1.259	2111141	2693378.00
2016/08/26	1.260	1.274	1.260	1.265	847974	1095154.00
2016/08/29	1.265	1.271	1.263	1.269	290531	374666.00
2016/08/30	1.271	1.272	1.266	1.266	618198	799359.00
2016/08/31	1.266	1.271	1.261	1.266	605484	780362.00
2016/09/01	1.268	1.272	1.257	1.260	448200	577325.00
2016/09/02	1.257	1.266	1.251	1.257	1836177	2357378.00
2016/09/05	1.260	1.270	1.258	1.263	2354827	3028363.00
2016/09/06	1.258	1.281	1.250	1.280	1200939	1556739.00
2016/09/07	1.280	1.291	1.278	1.282	646223	847949.00
2016/09/08	1.279	1.288	1.279	1.283	1115504	1462364.00
2016/09/09	1.284	1.292	1.275	1.275	3034259	3973447.00
2016/09/12	1.272	1.272	1.238	1.244	1782717	2278672.00
2016/09/13	1.246	1.253	1.242	1.250	923315	1174030.00
2016/09/14	1.238	1.246	1.236	1.242	551883	698362.00
2016/09/19	1.244	1.254	1.244	1.254	305728	389995.00
2016/09/20	1.251	1.254	1.249	1.253	164685	210123.00
2016/09/21	1.254	1.258	1.251	1.255	557102	713286.00
2016/09/22	1.257	1.276	1.257	1.263	638440	825709.00
2016/09/23	1.260	1.265	1.259	1.261	448400	576081.00
2016/09/26	1.261	1.261	1.234	1.236	1586945	2017864.00
2016/09/27	1.237	1.241	1.226	1.240	1267152	1594732.00
2016/09/28	1.237	1.244	1.237	1.243	199572	252406.00
2016/09/29	1.243	1.249	1.242	1.242	205400	260394.00
2016/09/30	1.239	1.251	1.236	1.250	798072	1014065.00
2016/10/10	1.256	1.276	1.255	1.276	626568	806419.00
2016/10/11	1.275	1.284	1.272	1.284	1421077	1851299.00
2016/10/12	1.278	1.283	1.275	1.282	1185197	1544786.00
2016/10/13	1.284	1.285	1.278	1.284	906284	1182585.00
2016/10/14	1.283	1.284	1.268	1.281	840100	1093273.00
2016/10/17	1.283	1.284	1.266	1.270	852372	1106585.00
2016/10/18	1.268	1.289	1.268	1.286	2048044	2673556.00
2016/10/19	1.288	1.294	1.279	1.287	544057	713572.00
2016/10/20	1.289	1.289	1.283	1.288	227043	297196.00
2016/10/21	1.284	1.287	1.271	1.281	645686	840176.00
2016/10/24	1.286	1.299	1.281	1.294	1187512	1564382.00
2016/10/25	1.294	1.304	1.294	1.298	3059163	4044498.00
2016/10/26	1.296	1.298	1.289	1.291	995342	1311143.00
2016/10/27	1.291	1.294	1.287	1.291	575700	758124.00
2016/10/28	1.292	1.295	1.282	1.282	314972	412919.00
2016/10/31	1.283	1.283	1.272	1.279	393415	511126.00
2016/11/01	1.281	1.291	1.279	1.289	2066218	2702082.00
2016/11/02	1.289	1.291	1.278	1.279	508812	666114.00
2016/11/03	1.280	1.294	1.278	1.285	375080	491752.00
2016/11/04	1.286	1.289	1.278	1.281	631732	825144.00
2016/11/07	1.283	1.286	1.276	1.281	338100	441283.00
2016/11/08	1.281	1.293	1.281	1.292	1345823	1767062.00
2016/11/09	1.289	1.292	1.264	1.283	910166	1187240.00
2016/11/10	1.285	1.298	1.285	1.297	692551	914068.00
2016/11/11	1.299	1.310	1.296	1.310	817389	1086451.00
2016/11/14	1.313	1.318	1.306	1.314	1029572	1376228.00
2016/11/15	1.316	1.320	1.314	1.320	294023	394263.00
2016/11/16	1.321	1.324	1.318	1.322	1673604	2249819.00
2016/11/17	1.320	1.321	1.313	1.320	613303	822475.00
2016/11/18	1.321	1.322	1.314	1.316	858201	1151128.00
2016/11/21	1.319	1.320	1.313	1.317	492901	660337.00
2016/11/22	1.314	1.326	1.314	1.326	1085746	1462322.00
2016/11/23	1.331	1.331	1.319	1.320	984103	1328424.00
2016/11/24	1.320	1.326	1.315	1.322	1440130	1937501.00
2016/11/25	1.318	1.324	1.303	1.324	638896	856942.00
2016/11/28	1.321	1.333	1.321	1.330	1289573	1746103.00
2016/11/29	1.327	1.331	1.319	1.319	269019	363194.00
2016/11/30	1.321	1.321	1.310	1.310	440700	589808.00
2016/12/01	1.328	1.328	1.316	1.319	305600	409946.00
2016/12/02	1.316	1.320	1.299	1.300	1616287	2145389.00
2016/12/05	1.297	1.301	1.293	1.295	426815	563406.00
2016/12/06	1.295	1.301	1.295	1.296	409700	541568.00
2016/12/07	1.295	1.307	1.291	1.307	348333	461477.00
2016/12/08	1.310	1.310	1.302	1.305	117694	156393.00
2016/12/09	1.303	1.305	1.297	1.297	333749	441694.00
2016/12/12	1.299	1.309	1.242	1.247	2434477	3132983.00
2016/12/13	1.244	1.276	1.234	1.248	735444	930460.00
2016/12/14	1.245	1.255	1.239	1.245	1387091	1769501.00
2016/12/15	1.226	1.258	1.226	1.246	439913	559262.00
2016/12/16	1.251	1.261	1.251	1.258	435418	557825.00
2016/12/19	1.257	1.262	1.256	1.256	433218	555443.00
2016/12/20	1.257	1.259	1.253	1.255	269800	344989.00
2016/12/21	1.254	1.267	1.254	1.265	715900	921792.00
2016/12/22	1.262	1.267	1.259	1.265	292730	376580.00
2016/12/23	1.265	1.267	1.252	1.256	180300	230950.00
2016/12/26	1.255	1.256	1.236	1.256	666000	843829.00
2016/12/27	1.256	1.260	1.254	1.255	172397	220860.00
2016/12/28	1.257	1.257	1.249	1.251	191200	243732.00
2016/12/29	1.251	1.254	1.246	1.246	244897	311317.00
2016/12/30	1.250	1.254	1.248	1.250	355572	453715.00
2017/01/03	1.252	1.263	1.252	1.262	592353	759923.00
2017/01/04	1.265	1.277	1.262	1.277	659845	855552.00
2017/01/05	1.277	1.280	1.274	1.277	322084	419234.00
2017/01/06	1.280	1.280	1.270	1.274	112800	146624.00
2017/01/09	1.271	1.281	1.270	1.280	311679	405397.00
2017/01/10	1.270	1.285	1.270	1.276	208291	271567.00
2017/01/11	1.279	1.279	1.266	1.267	109512	141698.00
2017/01/12	1.268	1.269	1.255	1.255	528800	678880.00
2017/01/13	1.255	1.257	1.236	1.240	499000	632739.00
2017/01/16	1.240	1.240	1.176	1.206	1181972	1453844.00
2017/01/17	1.206	1.215	1.192	1.214	725516	889607.00
2017/01/18	1.218	1.220	1.211	1.215	353358	438861.00
2017/01/19	1.214	1.214	1.207	1.208	351998	435245.00
2017/01/20	1.209	1.226	1.209	1.226	182610	227438.00
2017/01/23	1.235	1.250	1.229	1.232	627400	775321.00
2017/01/24	1.233	1.238	1.232	1.237	2134600	2638351.00
2017/01/25	1.232	1.241	1.232	1.239	133300	165109.00
2017/01/26	1.241	1.248	1.241	1.246	320797	399175.00
2017/02/03	1.246	1.249	1.242	1.247	432884	539433.00
2017/02/06	1.244	1.258	1.242	1.258	369137	461330.00
2017/02/07	1.255	1.259	1.250	1.251	670943	843794.00
2017/02/08	1.250	1.262	1.247	1.261	917076	1150564.00
2017/02/09	1.263	1.270	1.258	1.268	463929	587605.00
2017/02/10	1.260	1.273	1.260	1.272	383831	487763.00
2017/02/13	1.272	1.277	1.272	1.277	725215	924873.00
2017/02/14	1.277	1.280	1.274	1.279	508513	648521.00
2017/02/15	1.279	1.279	1.265	1.265	574388	730597.00
2017/02/16	1.268	1.275	1.264	1.275	214062	272434.00
2017/02/17	1.275	1.279	1.265	1.266	171800	218351.00
2017/02/20	1.260	1.280	1.260	1.279	1505149	1919513.00
2017/02/21	1.280	1.293	1.280	1.291	4822958	6214875.00
2017/02/22	1.293	1.300	1.290	1.300	828355	1072037.00
2017/02/23	1.300	1.301	1.290	1.299	831578	1078060.00
2017/02/24	1.296	1.301	1.280	1.301	1108390	1439762.00
2017/02/27	1.298	1.302	1.290	1.292	146100	189125.00
2017/02/28	1.291	1.297	1.290	1.296	582249	753024.00
2017/03/01	1.293	1.306	1.293	1.302	5736949	7474724.00
2017/03/02	1.299	1.305	1.293	1.294	6636872	8621068.00
2017/03/03	1.296	1.299	1.287	1.297	379946	491248.00
2017/03/06	1.300	1.310	1.299	1.309	377997	493976.00
2017/03/07	1.309	1.311	1.288	1.310	13031272	17041472.00
2017/03/08	1.309	1.313	1.304	1.305	428946	560974.00
2017/03/09	1.300	1.302	1.293	1.296	423804	549010.00
2017/03/10	1.296	1.301	1.295	1.297	3224819	4183175.00
2017/03/13	1.297	1.309	1.289	1.308	5621807	7330946.00
2017/03/14	1.311	1.312	1.305	1.308	182930	239482.00
2017/03/15	1.304	1.309	1.304	1.305	362699	473503.00
2017/03/16	1.305	1.318	1.305	1.317	3476738	4570960.00
2017/03/17	1.317	1.321	1.305	1.307	1223097	1611348.00
2017/03/20	1.309	1.311	1.301	1.310	3142790	4107829.00
2017/03/21	1.307	1.313	1.307	1.313	1261384	1653625.00
2017/03/22	1.307	1.313	1.303	1.310	578195	757491.00
2017/03/23	1.312	1.319	1.300	1.313	948026	1245496.00
2017/03/24	1.312	1.323	1.312	1.321	1248015	1645475.00
2017/03/27	1.323	1.323	1.315	1.315	183900	242284.00
2017/03/28	1.314	1.316	1.311	1.312	420398	552080.00
2017/03/29	1.310	1.318	1.306	1.311	2154913	2831963.00
2017/03/30	1.307	1.307	1.285	1.285	3051600	3944395.00
2017/03/31	1.287	1.296	1.287	1.295	1652694	2135194.00
2017/04/05	1.330	1.330	1.300	1.325	2778830	3667259.00
2017/04/06	1.322	1.329	1.320	1.326	1624440	2151663.00
2017/04/07	1.326	1.333	1.324	1.331	1425963	1893731.00
2017/04/10	1.328	1.333	1.326	1.329	285141	379342.00
2017/04/11	1.326	1.340	1.321	1.339	1328865	1767349.00
2017/04/12	1.335	1.339	1.331	1.331	2157900	2882932.00
2017/04/13	1.332	1.341	1.332	1.339	552042	738973.00
2017/04/14	1.338	1.340	1.320	1.322	896975	1189452.00
2017/04/17	1.322	1.322	1.302	1.308	2402269	3151909.00
2017/04/18	1.309	1.315	1.300	1.301	962202	1258938.00
2017/04/19	1.301	1.301	1.274	1.286	1500335	1924448.00
2017/04/20	1.288	1.293	1.279	1.288	644619	830734.00
2017/04/21	1.290	1.292	1.278	1.280	577897	743617.00
2017/04/24	1.279	1.279	1.246	1.247	1615666	2024822.00
2017/04/25	1.249	1.261	1.247	1.251	506497	634913.00
2017/04/26	1.250	1.259	1.250	1.255	643752	807610.00
2017/04/27	1.252	1.260	1.231	1.256	1063283	1327911.00
2017/04/28	1.267	1.267	1.255	1.261	337958	425757.00
2017/05/02	1.261	1.264	1.258	1.262	812668	1025810.00
2017/05/03	1.263	1.264	1.256	1.260	309886	390624.00
2017/05/04	1.256	1.268	1.252	1.254	574594	724168.00
2017/05/05	1.251	1.254	1.238	1.239	901677	1125514.00
2017/05/08	1.237	1.237	1.216	1.216	2332800	2866721.00
2017/05/09	1.210	1.224	1.205	1.222	2019900	2453790.00
2017/05/10	1.224	1.229	1.199	1.199	1806672	2199957.00
2017/05/11	1.196	1.196	1.167	1.194	1406964	1667659.00
2017/05/12	1.194	1.199	1.186	1.192	1084000	1293574.00
2017/05/15	1.198	1.204	1.198	1.199	1057863	1271749.00
2017/05/16	1.198	1.224	1.190	1.224	974597	1177566.00
2017/05/17	1.224	1.233	1.223	1.227	1008600	1240004.00
2017/05/18	1.224	1.227	1.216	1.216	448889	548152.00
2017/05/19	1.220	1.221	1.212	1.219	635719	773400.00
2017/05/22	1.216	1.221	1.199	1.201	1325997	1610233.00
2017/05/23	1.198	1.201	1.174	1.175	1385215	1648428.00
2017/05/24	1.170	1.182	1.157	1.182	1651957	1933515.00
2017/05/25	1.181	1.196	1.168	1.193	1580772	1876640.00
2017/05/26	1.198	1.200	1.191	1.191	783500	935937.00
2017/05/31	1.208	1.208	1.186	1.186	957200	1143878.00
2017/06/01	1.183	1.186	1.164	1.165	1202400	1410677.00
2017/06/02	1.162	1.179	1.154	1.177	1539800	1794419.00
2017/06/05	1.176	1.189	1.176	1.187	1173000	1390293.00
2017/06/06	1.184	1.192	1.180	1.191	1072604	1274857.00
2017/06/07	1.191	1.214	1.191	1.214	1727986	2084873.00
2017/06/08	1.213	1.220	1.213	1.217	1946889	2369875.00
2017/06/09	1.217	1.218	1.209	1.217	622263	754397.00
2017/06/12	1.218	1.218	1.203	1.206	643800	778990.00
2017/06/13	1.205	1.221	1.203	1.219	1379939	1679814.00
2017/06/14	1.212	1.223	1.212	1.219	584558	713018.00
2017/06/15	1.220	1.230	1.219	1.228	1237532	1518023.00
2017/06/16	1.228	1.231	1.226	1.227	880344	1081663.00
2017/06/19	1.228	1.236	1.227	1.236	723458	891439.00
2017/06/20	1.235	1.243	1.235	1.239	709200	879122.00
2017/06/21	1.241	1.242	1.233	1.240	1118100	1383033.00
2017/06/22	1.237	1.244	1.224	1.225	901516	1115695.00
2017/06/23	1.223	1.227	1.211	1.227	1207287	1475438.00
2017/06/26	1.230	1.248	1.228	1.248	1236442	1535144.00
2017/06/27	1.250	1.251	1.244	1.247	751497	938501.00
2017/06/28	1.247	1.249	1.241	1.243	471500	586385.00
2017/06/29	1.248	1.253	1.246	1.249	477900	596930.00
2017/06/30	1.245	1.254	1.245	1.253	232486	290691.00
2017/07/03	1.255	1.262	1.253	1.261	622403	782814.00
2017/07/04	1.258	1.261	1.253	1.257	630972	793184.00
2017/07/05	1.253	1.267	1.252	1.266	618391	779175.00
2017/07/06	1.266	1.270	1.256	1.268	655100	829208.00
2017/07/07	1.268	1.274	1.262	1.273	809388	1027770.00
2017/07/10	1.241	1.275	1.240	1.268	449800	570581.00
2017/07/11	1.267	1.268	1.252	1.254	1692759	2136683.00
2017/07/12	1.256	1.257	1.237	1.253	868672	1082612.00
2017/07/13	1.253	1.261	1.252	1.256	526273	661047.00
2017/07/14	1.258	1.258	1.248	1.252	576752	722396.00
2017/07/17	1.248	1.248	1.199	1.202	2966974	3624165.00
2017/07/18	1.217	1.220	1.195	1.214	1003610	1208022.00
2017/07/19	1.213	1.239	1.212	1.239	1006109	1236378.00
2017/07/20	1.239	1.252	1.239	1.246	1355273	1691647.00
2017/07/21	1.246	1.256	1.246	1.254	1256700	1572967.00
2017/07/24	1.255	1.263	1.252	1.261	780288	982068.00
2017/07/25	1.260	1.262	1.252	1.259	766466	962016.00
2017/07/26	1.261	1.261	1.251	1.256	943965	1184635.00
2017/07/27	1.254	1.268	1.250	1.266	2647900	3351485.00
2017/07/28	1.266	1.274	1.263	1.272	707972	898489.00
2017/07/31	1.273	1.290	1.271	1.290	1965997	2525913.00
2017/08/01	1.290	1.290	1.281	1.285	1996153	2566778.00
2017/08/02	1.282	1.291	1.278	1.278	726897	935515.00
2017/08/03	1.278	1.286	1.277	1.281	295716	378919.00
2017/08/04	1.282	1.289	1.274	1.274	3403191	4372818.00
2017/08/07	1.276	1.293	1.274	1.293	2744544	3521375.00
2017/08/08	1.292	1.297	1.287	1.289	1910297	2469887.00
2017/08/09	1.289	1.298	1.288	1.298	2937646	3803324.00
2017/08/10	1.298	1.299	1.280	1.288	1027727	1322473.00
2017/08/11	1.285	1.286	1.260	1.261	1757797	2240288.00
2017/08/14	1.263	1.290	1.263	1.288	678513	868087.00
2017/08/15	1.288	1.294	1.287	1.292	576586	744347.00
2017/08/16	1.290	1.294	1.284	1.292	1069700	1378890.00
2017/08/17	1.294	1.304	1.294	1.304	1054508	1371161.00
2017/08/18	1.302	1.303	1.296	1.299	891515	1157930.00
2017/08/21	1.300	1.312	1.300	1.312	982545	1284051.00
2017/08/22	1.314	1.314	1.303	1.307	340140	444386.00
2017/08/23	1.304	1.306	1.293	1.296	875000	1136272.00
2017/08/24	1.294	1.296	1.284	1.285	428513	552689.00
2017/08/25	1.287	1.303	1.287	1.300	659716	855307.00
2017/08/28	1.301	1.321	1.301	1.315	4730384	6200131.00
2017/08/29	1.317	1.322	1.309	1.314	828872	1090507.00
2017/08/30	1.318	1.325	1.315	1.321	640443	845335.00
2017/08/31	1.322	1.327	1.318	1.326	1438277	1902861.00
2017/09/01	1.328	1.340	1.326	1.340	2378868	3174517.00
2017/09/04	1.340	1.348	1.337	1.343	1519488	2037757.00
2017/09/05	1.345	1.348	1.338	1.348	4847820	6527240.00
2017/09/06	1.342	1.356	1.342	1.355	1117483	1508572.00
2017/09/07	1.355	1.355	1.342	1.346	1342263	1813142.00
2017/09/08	1.342	1.355	1.342	1.345	2546908	3436856.00
2017/09/11	1.351	1.365	1.349	1.363	708112	958733.00
2017/09/12	1.365	1.379	1.360	1.360	884610	1211871.00
2017/09/13	1.362	1.444	1.359	1.369	1407400	1922753.00
2017/09/14	1.370	1.374	1.364	1.367	809247	1107299.00
2017/09/15	1.364	1.365	1.355	1.360	757980	1032191.00
2017/09/18	1.360	1.368	1.358	1.368	595472	812521.00
2017/09/19	1.370	1.370	1.359	1.362	3257700	4454427.00
2017/09/20	1.365	1.373	1.359	1.373	985442	1349438.00
2017/09/21	1.374	1.374	1.357	1.360	394500	538165.00
2017/09/22	1.358	1.358	1.346	1.350	386889	522599.00
2017/09/25	1.347	1.350	1.335	1.336	899432	1204814.00
2017/09/26	1.338	1.341	1.333	1.340	2662137	3561513.00
2017/09/27	1.340	1.355	1.340	1.353	492000	664608.00
2017/09/28	1.355	1.357	1.351	1.352	333874	451986.00
2017/09/29	1.360	1.360	1.353	1.358	377800	512927.00
2017/10/09	1.360	1.440	1.360	1.374	1033297	1419593.00
2017/10/10	1.371	1.377	1.370	1.377	381594	523299.00
2017/10/11	1.379	1.380	1.370	1.371	421843	579852.00
2017/10/12	1.373	1.374	1.361	1.368	616101	843549.00
2017/10/13	1.369	1.380	1.365	1.380	2241608	3088788.00
2017/10/16	1.377	1.379	1.361	1.362	541413	741961.00
2017/10/17	1.360	1.369	1.357	1.360	532738	725364.00
2017/10/18	1.362	1.364	1.351	1.353	1242712	1688438.00
2017/10/19	1.350	1.353	1.336	1.339	1225897	1646844.00
2017/10/20	1.339	1.353	1.339	1.353	1592391	2144708.00
2017/10/23	1.353	1.359	1.351	1.359	678500	920082.00
2017/10/24	1.359	1.360	1.352	1.360	1280083	1736152.00
2017/10/25	1.361	1.369	1.358	1.368	1330797	1816559.00
2017/10/26	1.370	1.375	1.367	1.372	1341445	1841015.00
2017/10/27	1.372	1.374	1.362	1.363	455600	624083.00
2017/10/30	1.365	1.367	1.330	1.342	1240102	1667062.00
2017/10/31	1.339	1.352	1.339	1.352	752022	1011595.00
2017/11/01	1.354	1.357	1.349	1.350	724597	981037.00
2017/11/02	1.347	1.347	1.336	1.336	547816	734420.00
2017/11/03	1.336	1.338	1.319	1.325	1291116	1709848.00
2017/11/06	1.325	1.342	1.324	1.342	458595	612422.00
2017/11/07	1.343	1.350	1.340	1.350	1649158	2219135.00
2017/11/08	1.348	1.361	1.348	1.354	1770484	2400574.00
2017/11/09	1.353	1.363	1.351	1.363	891306	1212513.00
2017/11/10	1.363	1.372	1.361	1.371	1120338	1533493.00
2017/11/13	1.371	1.376	1.367	1.376	1744062	2395262.00
2017/11/14	1.375	1.380	1.362	1.367	600053	820533.00
2017/11/15	1.365	1.365	1.345	1.349	1106791	1495767.00
2017/11/16	1.349	1.357	1.345	1.355	817416	1107600.00
2017/11/17	1.356	1.356	1.313	1.314	1673672	2223141.00
2017/11/20	1.313	1.329	1.292	1.329	2440846	3208716.00
2017/11/21	1.329	1.338	1.323	1.334	1752632	2332915.00
2017/11/22	1.334	1.341	1.323	1.330	871500	1161646.00
2017/11/23	1.330	1.330	1.298	1.300	1894700	2486056.00
2017/11/24	1.300	1.307	1.294	1.299	1500797	1948181.00
2017/11/27	1.295	1.300	1.281	1.284	875800	1128923.00
2017/11/28	1.286	1.304	1.285	1.304	570517	738338.00
2017/11/29	1.302	1.310	1.296	1.310	613772	799869.00
2017/11/30	1.307	1.308	1.295	1.296	408197	531846.00
2017/12/01	1.298	1.310	1.296	1.307	294883	384899.00
2017/12/04	1.309	1.311	1.300	1.301	520274	678831.00
2017/12/05	1.298	1.299	1.263	1.267	1434557	1833409.00
2017/12/06	1.269	1.280	1.255	1.280	2978158	3788483.00
2017/12/07	1.280	1.281	1.273	1.274	1003600	1282366.00
2017/12/08	1.260	1.285	1.260	1.281	532600	681696.00
2017/12/11	1.281	1.300	1.281	1.300	672168	870026.00
2017/12/12	1.299	1.301	1.289	1.290	352200	455834.00
2017/12/13	1.291	1.297	1.286	1.297	407155	526364.00
2017/12/14	1.299	1.300	1.292	1.299	313794	406692.00
2017/12/15	1.300	1.300	1.286	1.289	447743	578178.00
2017/12/18	1.298	1.298	1.280	1.281	560738	719746.00
2017/12/19	1.286	1.292	1.286	1.292	411194	530018.00
2017/12/20	1.290	1.291	1.280	1.282	636300	817200.00
2017/12/21	1.284	1.295	1.272	1.291	1609192	2072993.00
2017/12/22	1.290	1.297	1.290	1.290	584400	755836.00
2017/12/25	1.285	1.295	1.278	1.279	535900	688775.00
2017/12/26	1.279	1.286	1.273	1.286	713980	913941.00
2017/12/27	1.286	1.290	1.276	1.279	564352	723335.00
2017/12/28	1.278	1.287	1.276	1.281	1019320	1309247.00
2017/12/29	1.283	1.296	1.283	1.296	734245	947274.00
2018/01/02	1.298	1.312	1.298	1.312	754600	984448.00
2018/01/03	1.313	1.325	1.312	1.322	2422900	3194601.00
2018/01/04	1.322	1.328	1.321	1.328	1442590	1911139.00
2018/01/05	1.327	1.332	1.325	1.330	449812	597752.00
2018/01/08	1.328	1.334	1.325	1.334	402300	535516.00
2018/01/09	1.333	1.335	1.330	1.334	572706	763576.00
2018/01/10	1.335	1.335	1.318	1.327	1801818	2384257.00
2018/01/11	1.324	1.332	1.319	1.332	1231192	1631859.00
2018/01/12	1.329	1.333	1.323	1.326	659500	874618.00
2018/01/15	1.328	1.328	1.292	1.295	2055989	2678148.00
2018/01/16	1.296	1.305	1.295	1.305	951043	1238501.00
2018/01/17	1.305	1.305	1.286	1.299	1531097	1982152.00
2018/01/18	1.299	1.304	1.297	1.301	1838623	2392820.00
2018/01/19	1.301	1.308	1.297	1.300	1553498	2022971.00
2018/01/22	1.300	1.315	1.294	1.314	2608673	3411129.00
2018/01/23	1.313	1.318	1.311	1.314	915680	1202688.00
2018/01/24	1.317	1.324	1.310	1.323	1287047	1697427.00
2018/01/25	1.323	1.331	1.321	1.322	4096622	5439561.00
2018/01/26	1.324	1.326	1.320	1.321	695241	919862.00
2018/01/29	1.325	1.326	1.304	1.307	1700794	2227509.00
2018/01/30	1.304	1.311	1.304	1.308	304040	397801.00
2018/01/31	1.308	1.308	1.278	1.283	2963100	3811881.00
2018/02/01	1.288	1.290	1.240	1.242	2669500	3357342.00
2018/02/02	1.248	1.248	1.213	1.246	3336472	4136127.00
2018/02/05	1.240	1.248	1.230	1.245	2085918	2594589.00
2018/02/06	1.230	1.230	1.183	1.185	2856600	3451625.00
2018/02/07	1.187	1.212	1.170	1.188	1594331	1900759.00
2018/02/08	1.188	1.204	1.185	1.201	3362247	4027048.00
2018/02/09	1.200	1.200	1.142	1.157	6507216	7558751.00
2018/02/12	1.161	1.190	1.161	1.185	3494380	4117805.00
2018/02/13	1.187	1.212	1.187	1.193	1943600	2328688.00
2018/02/14	1.193	1.199	1.189	1.198	2078500	2481631.00
2018/02/22	1.200	1.220	1.200	1.220	2461165	2985749.00
2018/02/23	1.220	1.229	1.214	1.223	1277600	1557855.00
2018/02/26	1.223	1.252	1.223	1.251	2573249	3191674.00
2018/02/27	1.251	1.255	1.245	1.247	2437400	3044699.00
2018/02/28	1.245	1.254	1.233	1.250	1131643	1409806.00
2018/03/01	1.247	1.263	1.239	1.262	969747	1218550.00
2018/03/02	1.259	1.264	1.255	1.256	978000	1231761.00
2018/03/05	1.256	1.262	1.252	1.259	619800	778350.00
2018/03/06	1.261	1.274	1.260	1.274	807844	1023990.00
2018/03/07	1.274	1.277	1.262	1.263	331900	420863.00
2018/03/08	1.260	1.272	1.260	1.272	773000	979710.00
2018/03/09	1.273	1.290	1.272	1.288	1429300	1833736.00
2018/03/12	1.290	1.307	1.290	1.307	1327078	1726875.00
2018/03/13	1.308	1.308	1.297	1.299	699100	910173.00
2018/03/14	1.299	1.299	1.283	1.284	1024500	1322932.00
2018/03/15	1.284	1.286	1.270	1.280	935369	1197733.00
2018/03/16	1.282	1.288	1.274	1.275	667300	852881.00
2018/03/19	1.275	1.283	1.269	1.278	469691	600304.00
2018/03/20	1.269	1.289	1.267	1.282	4884500	6245150.00
2018/03/21	1.282	1.293	1.273	1.273	567897	730141.00
2018/03/22	1.273	1.278	1.262	1.267	1371300	1739206.00
2018/03/23	1.265	1.265	1.190	1.203	6138800	7457120.00
2018/03/26	1.203	1.225	1.179	1.225	1831363	2209233.00
2018/03/27	1.227	1.255	1.227	1.252	1292094	1611701.00
2018/03/28	1.254	1.254	1.236	1.239	1861415	2312871.00
2018/03/29	1.239	1.255	1.239	1.254	688359	857514.00
2018/03/30	1.256	1.269	1.256	1.269	2104300	2660294.00
2018/04/02	1.270	1.281	1.269	1.271	1432731	1825405.00
2018/04/03	1.268	1.268	1.248	1.258	1657597	2077103.00
2018/04/04	1.260	1.266	1.248	1.249	1047300	1319660.00
2018/04/09	1.249	1.257	1.239	1.251	344000	429689.00
2018/04/10	1.254	1.258	1.245	1.258	619848	775757.00
2018/04/11	1.260	1.269	1.260	1.263	959016	1213639.00
2018/04/12	1.265	1.265	1.256	1.256	261200	329005.00
2018/04/13	1.252	1.266	1.250	1.250	651790	820566.00
2018/04/16	1.250	1.256	1.240	1.250	451683	563744.00
2018/04/17	1.250	1.253	1.224	1.225	865483	1069589.00
2018/04/18	1.227	1.243	1.212	1.242	1675500	2059248.00
2018/04/19	1.242	1.255	1.240	1.248	1622786	2026045.00
2018/04/20	1.248	1.248	1.221	1.222	1003300	1236164.00
2018/04/23	1.221	1.228	1.198	1.210	975901	1180705.00
2018/04/24	1.212	1.238	1.212	1.238	1604900	1974671.00
2018/04/25	1.235	1.240	1.234	1.237	296569	367077.00
2018/04/26	1.239	1.239	1.217	1.218	792500	969595.00
2018/04/27	1.220	1.226	1.210	1.217	913800	1113964.00
2018/05/02	1.220	1.228	1.211	1.219	777600	946644.00
2018/05/03	1.219	1.229	1.205	1.229	1287816	1568847.00
2018/05/04	1.226	1.235	1.224	1.229	631232	777071.00
2018/05/07	1.229	1.255	1.229	1.252	1220900	1520348.00
2018/05/08	1.255	1.257	1.250	1.255	865300	1084769.00
2018/05/09	1.255	1.258	1.250	1.253	445800	559425.00
2018/05/10	1.250	1.259	1.250	1.258	228500	286857.00
2018/05/11	1.256	1.257	1.247	1.248	458474	574102.00
2018/05/14	1.250	1.251	1.238	1.243	757816	944360.00
2018/05/15	1.243	1.254	1.240	1.254	1161168	1446865.00
2018/05/16	1.251	1.258	1.249	1.252	854800	1071843.00
2018/05/17	1.252	1.252	1.242	1.244	507100	631895.00
2018/05/18	1.240	1.251	1.238	1.249	882194	1098085.00
2018/05/21	1.251	1.267	1.250	1.265	1811758	2287585.00
2018/05/22	1.265	1.270	1.262	1.269	1300701	1645458.00
2018/05/23	1.266	1.268	1.254	1.255	1517900	1910522.00
2018/05/24	1.252	1.259	1.249	1.251	852401	1067613.00
2018/05/25	1.253	1.253	1.234	1.236	1069900	1327739.00
2018/05/28	1.236	1.239	1.225	1.232	723000	890942.00
2018/05/29	1.232	1.236	1.218	1.219	987300	1209586.00
2018/05/30	1.219	1.219	1.187	1.187	2801372	3354583.00
2018/05/31	1.191	1.203	1.186	1.201	2435132	2915533.00
2018/06/01	1.198	1.203	1.182	1.189	2868400	3413092.00
2018/06/04	1.190	1.195	1.183	1.189	1691400	2010260.00
2018/06/05	1.193	1.208	1.190	1.208	809981	969897.00
2018/06/06	1.210	1.213	1.201	1.206	703300	847871.00
2018/06/07	1.210	1.211	1.200	1.200	600500	723690.00
2018/06/08	1.199	1.199	1.181	1.186	1656400	1968453.00
2018/06/11	1.187	1.188	1.174	1.179	1334516	1576051.00
2018/06/12	1.174	1.191	1.171	1.190	985286	1165964.00
2018/06/13	1.187	1.188	1.173	1.174	710500	838878.00
2018/06/14	1.172	1.181	1.166	1.171	762400	893047.00
2018/06/15	1.173	1.173	1.142	1.148	3357400	3866621.00
2018/06/19	1.151	1.151	1.063	1.078	6183816	6781266.00
2018/06/20	1.087	1.100	1.069	1.091	2868574	3102436.00
2018/06/21	1.097	1.101	1.068	1.069	2986915	3239274.00
2018/06/22	1.069	1.085	1.055	1.083	1859100	1998493.00
2018/06/25	1.085	1.095	1.075	1.077	1604572	1741702.00
2018/06/26	1.071	1.088	1.064	1.083	1667300	1793812.00
2018/06/27	1.084	1.092	1.070	1.074	1830272	1975647.00
2018/06/28	1.074	1.085	1.063	1.065	1699700	1820531.00
2018/06/29	1.065	1.099	1.065	1.098	2466500	2683217.00
2018/07/02	1.099	1.101	1.072	1.081	2265600	2463317.00
2018/07/03	1.083	1.095	1.063	1.091	1795130	1935192.00
2018/07/04	1.091	1.091	1.074	1.079	1998200	2161807.00
2018/07/05	1.081	1.081	1.049	1.049	4983700	5291377.00
2018/07/06	1.051	1.067	1.030	1.053	3142500	3298277.00
2018/07/09	1.055	1.075	1.055	1.075	2866594	3057406.00
2018/07/10	1.077	1.083	1.073	1.081	2277300	2452800.00
2018/07/11	1.080	1.080	1.049	1.061	6262094	6609907.00
2018/07/12	1.060	1.093	1.060	1.089	6003027	6479861.00
2018/07/13	1.092	1.098	1.088	1.096	2112297	2306354.00
2018/07/16	1.096	1.100	1.089	1.095	896891	980020.00
2018/07/17	1.087	1.094	1.082	1.093	1665461	1810682.00
2018/07/18	1.092	1.101	1.086	1.086	868286	950083.00
2018/07/19	1.072	1.092	1.072	1.077	1969900	2124373.00
2018/07/20	1.075	1.094	1.069	1.091	1920900	2082411.00
2018/07/23	1.085	1.099	1.083	1.099	1639846	1791006.00
2018/07/24	1.100	1.121	1.097	1.118	4339183	4830765.00
2018/07/25	1.121	1.125	1.116	1.118	1559200	1744261.00
2018/07/26	1.118	1.122	1.109	1.111	1619000	1802777.00
2018/07/27	1.110	1.113	1.102	1.107	1050983	1164728.00
2018/07/30	1.105	1.108	1.088	1.091	2127400	2330225.00
2018/07/31	1.093	1.097	1.088	1.093	799700	873841.00
2018/08/01	1.095	1.103	1.076	1.077	1914200	2075572.00
2018/08/02	1.075	1.075	1.031	1.054	6836316	7158935.00
2018/08/03	1.058	1.058	1.041	1.041	2629000	2750970.00
2018/08/06	1.042	1.049	1.012	1.018	5384516	5524767.00
2018/08/07	1.020	1.047	1.012	1.046	3422900	3526782.00
2018/08/08	1.046	1.046	1.027	1.029	2253683	2338873.00
2018/08/09	1.029	1.062	1.026	1.056	4422400	4651911.00
2018/08/10	1.058	1.062	1.051	1.060	1918894	2029692.00
2018/08/13	1.059	1.068	1.047	1.065	1173818	1241685.00
2018/08/14	1.067	1.067	1.057	1.061	942991	1002044.00
2018/08/15	1.060	1.062	1.039	1.041	1550272	1620331.00
2018/08/16	1.041	1.043	1.020	1.033	1566600	1616385.00
2018/08/17	1.035	1.042	1.014	1.016	4316400	4411923.00
2018/08/20	1.015	1.025	1.001	1.021	10215500	10298768.00
2018/08/21	1.021	1.035	1.018	1.032	3160300	3254815.00
2018/08/22	1.032	1.032	1.010	1.020	1443100	1478984.00
2018/08/23	1.022	1.032	1.019	1.026	1740400	1786045.00
2018/08/24	1.026	1.031	1.020	1.026	1738346	1783335.00
2018/08/27	1.029	1.049	1.029	1.047	5123000	5337224.00
2018/08/28	1.048	1.052	1.045	1.050	1972800	2067840.00
2018/08/29	1.051	1.051	1.041	1.044	1152500	1202240.00
2018/08/30	1.044	1.045	1.027	1.028	2530100	2609377.00
2018/08/31	1.026	1.026	1.015	1.016	5606200	5730438.00
2018/09/03	1.019	1.022	1.004	1.021	3746559	3782189.00
2018/09/04	1.024	1.035	1.019	1.033	2658515	2730616.00
2018/09/05	1.032	1.032	1.016	1.017	2208900	2259984.00
2018/09/06	1.019	1.023	1.009	1.013	1574900	1596253.00
2018/09/07	1.013	1.029	1.006	1.012	3313000	3362889.00
2018/09/10	1.010	1.014	0.993	0.995	6267300	6265990.00
2018/09/11	0.996	1.002	0.988	0.995	2974400	2954192.00
2018/09/12	0.995	1.001	0.990	0.992	1638300	1629037.00
2018/09/13	0.993	1.005	0.985	0.998	4010372	3985970.00
2018/09/14	0.998	0.999	0.988	0.988	2216255	2199748.00
2018/09/17	0.987	0.989	0.970	0.974	3104000	3027628.00
2018/09/18	0.972	0.991	0.970	0.991	2639100	2588398.00
2018/09/19	0.992	1.009	0.985	1.001	3848594	3850354.00
2018/09/20	1.001	1.007	0.999	1.000	1994200	1997925.00
2018/09/21	1.000	1.019	0.999	1.017	4069080	4109897.00
2018/09/25	1.014	1.017	1.008	1.013	1587500	1606646.00
2018/09/26	1.015	1.024	1.011	1.018	2053900	2090714.00
2018/09/27	1.022	1.022	1.005	1.006	3500900	3542430.00
2018/09/28	1.008	1.016	1.003	1.016	1548661	1564829.00
2018/10/08	1.012	1.012	0.982	0.983	4539700	4498479.00
2018/10/09	0.983	0.991	0.975	0.980	2703600	2652480.00
2018/10/10	0.980	0.985	0.971	0.979	2057316	2012175.00
2018/10/11	0.971	0.971	0.903	0.910	11791700	10996271.00
2018/10/12	0.910	0.910	0.876	0.904	7113400	6359128.00
2018/10/15	0.903	0.914	0.887	0.887	4071615	3662684.00
2018/10/16	0.889	0.893	0.864	0.869	4099000	3604874.00
2018/10/17	0.878	0.885	0.858	0.876	3877694	3377273.00
2018/10/18	0.876	0.876	0.856	0.859	3985600	3430243.00
2018/10/19	0.856	0.876	0.839	0.873	7678649	6621214.00
2018/10/22	0.888	0.928	0.885	0.921	14809857	13474867.00
2018/10/23	0.921	0.924	0.895	0.901	6472830	5888889.00
2018/10/24	0.893	0.910	0.891	0.899	4316997	3885758.00
2018/10/25	0.880	0.898	0.869	0.898	6113300	5386445.00
2018/10/26	0.899	0.910	0.893	0.898	2277200	2052029.00
2018/10/29	0.899	0.899	0.877	0.882	7100400	6299075.00
2018/10/30	0.883	0.898	0.869	0.890	5272358	4668015.00
2018/10/31	0.890	0.911	0.890	0.905	5817900	5235556.00
2018/11/01	0.909	0.925	0.909	0.910	11045300	10120236.00
2018/11/02	0.930	0.941	0.924	0.940	9772358	9100998.00
2018/11/05	0.942	0.948	0.920	0.941	12714200	11936413.00
2018/11/06	0.931	0.943	0.930	0.941	4136300	3872324.00
2018/11/07	0.941	0.951	0.935	0.935	8216900	7767031.00
2018/11/08	0.941	0.943	0.928	0.930	2386565	2229757.00
2018/11/09	0.928	0.932	0.922	0.928	2381900	2208921.00
2018/11/12	0.929	0.952	0.923	0.951	7330000	6903798.00
2018/11/13	0.940	0.974	0.935	0.968	5054135	4863041.00
2018/11/14	0.968	0.975	0.959	0.962	4040200	3902468.00
2018/11/15	0.962	0.981	0.959	0.981	6523600	6349637.00
2018/11/16	0.981	0.996	0.977	0.988	4807013	4747542.00
2018/11/19	0.986	0.993	0.978	0.992	5442300	5361775.00
2018/11/20	0.983	0.986	0.962	0.964	4956583	4824026.00
2018/11/21	0.957	0.968	0.951	0.967	4325300	4155067.00
2018/11/22	0.969	0.973	0.962	0.967	23309800	22560200.00
2018/11/23	0.967	0.967	0.927	0.930	15474400	14606965.00
2018/11/26	0.931	0.938	0.924	0.928	4112972	3818085.00
2018/11/27	0.950	0.950	0.927	0.932	1500900	1400194.00
2018/11/28	0.930	0.945	0.920	0.944	2717700	2546044.00
2018/11/29	0.945	0.950	0.923	0.924	2656366	2495728.00
2018/11/30	0.923	0.932	0.912	0.929	5899300	5430729.00
2018/12/03	0.962	0.967	0.948	0.960	7054600	6756303.00
2018/12/04	0.959	0.965	0.954	0.964	3164500	3037096.00
2018/12/05	0.950	0.963	0.945	0.958	5366500	5116600.00
2018/12/06	0.955	0.955	0.900	0.938	3533900	3331661.00
2018/12/07	0.937	0.941	0.935	0.938	1991316	1868615.00
2018/12/10	0.936	0.936	0.924	0.928	2602300	2418165.00
2018/12/11	0.929	0.935	0.928	0.935	2897000	2700076.00
2018/12/12	0.936	0.939	0.932	0.932	1285416	1201640.00
2018/12/13	0.935	0.949	0.931	0.942	3093500	2915822.00
2018/12/14	0.940	0.942	0.922	0.923	3504400	3268255.00
2018/12/17	0.927	0.927	0.910	0.920	2700930	2474532.00
2018/12/18	0.918	0.922	0.906	0.915	3301400	3010145.00
2018/12/19	0.915	0.915	0.901	0.902	3906400	3538798.00
2018/12/20	0.902	0.907	0.897	0.904	1921300	1732524.00
2018/12/21	0.899	0.905	0.893	0.898	2751000	2468114.00
2018/12/24	0.898	0.908	0.895	0.908	1027589	927853.00
2018/12/25	0.906	0.906	0.877	0.896	6837200	6057444.00
2018/12/26	0.896	0.901	0.891	0.894	2094700	1876153.00
2018/12/27	0.909	0.909	0.883	0.884	3539100	3161012.00
2018/12/28	0.885	0.892	0.880	0.886	1831400	1620390.00
2019/01/02	0.887	0.890	0.875	0.876	2277800	2005010.00
2019/01/03	0.877	0.887	0.872	0.874	3259700	2856552.00
2019/01/04	0.872	0.895	0.865	0.894	4547500	4030565.00
2019/01/07	0.898	0.912	0.896	0.910	6710800	6062068.00
2019/01/08	0.911	0.911	0.905	0.909	3565712	3237950.00
2019/01/09	0.909	0.924	0.908	0.909	5381600	4940418.00
2019/01/10	0.910	0.917	0.906	0.909	3341200	3049319.00
2019/01/11	0.910	0.916	0.906	0.914	3197200	2918481.00
2019/01/14	0.915	0.917	0.908	0.910	878700	801334.00
2019/01/15	0.908	0.924	0.908	0.921	2450700	2249956.00
2019/01/16	0.921	0.926	0.919	0.921	2259861	2086294.00
2019/01/17	0.922	0.923	0.911	0.914	1781700	1632811.00
2019/01/18	0.914	0.924	0.912	0.923	3567715	3282604.00
2019/01/21	0.924	0.934	0.922	0.927	3167183	2939129.00
2019/01/22	0.927	0.928	0.912	0.915	2389600	2190812.00
2019/01/23	0.916	0.918	0.912	0.916	1771305	1620711.00
2019/01/24	0.915	0.927	0.910	0.921	2299315	2118637.00
2019/01/25	0.921	0.926	0.916	0.918	1830700	1686722.00
2019/01/28	0.919	0.927	0.914	0.914	1373477	1262416.00
2019/01/29	0.914	0.914	0.889	0.903	4425600	3984363.00
2019/01/30	0.903	0.907	0.891	0.896	1847797	1663147.00
2019/01/31	0.891	0.902	0.882	0.888	5891800	5252833.00
2019/02/01	0.888	0.914	0.888	0.912	3899497	3525307.00
2019/02/11	0.912	0.936	0.912	0.935	10679800	9914820.00
2019/02/12	0.936	0.946	0.933	0.943	12513400	11775301.00
2019/02/13	0.946	0.962	0.941	0.961	9512900	9066967.00
2019/02/14	0.961	0.968	0.952	0.961	6590100	6326243.00
2019/02/15	0.961	0.966	0.953	0.956	10264600	9825576.00
2019/02/18	0.958	0.991	0.958	0.991	10794804	10590625.00
2019/02/19	0.992	1.000	0.980	0.990	9642900	9549244.00
2019/02/20	0.990	0.993	0.981	0.990	4099100	4050133.00
2019/02/21	0.990	1.010	0.985	0.990	11329000	11277866.00
2019/02/22	0.990	1.015	0.980	1.015	9095030	9096799.00
2019/02/25	1.020	1.073	1.020	1.073	16616605	17480728.00
2019/02/26	1.098	1.098	1.061	1.074	20443804	22090788.00
数据来源:通达信
