513500 标普500 日线 前复权
      日期	    开盘	    最高	    最低	    收盘	    成交量	    成交额
2014/01/15	0.994	0.996	0.976	0.986	132855399	130998296.00
2014/01/16	0.988	0.994	0.988	0.991	39733030	39379676.00
2014/01/17	0.993	0.993	0.985	0.987	16978101	16786118.00
2014/01/20	0.983	0.988	0.982	0.982	13937400	13745061.00
2014/01/21	0.982	0.996	0.970	0.984	21852987	21520868.00
2014/01/22	0.984	0.988	0.973	0.979	25899100	25372840.00
2014/01/23	0.985	0.990	0.977	0.988	11534698	11384440.00
2014/01/24	0.983	0.994	0.980	0.990	13414699	13247096.00
2014/01/27	0.979	0.979	0.969	0.970	2805200	2722490.75
2014/01/28	0.970	0.970	0.959	0.964	4344400	4183701.50
2014/01/29	0.970	0.979	0.970	0.977	4118200	4011233.50
2014/01/30	0.965	0.967	0.961	0.967	2271200	2189829.75
2014/02/07	0.963	0.973	0.962	0.973	2987599	2895016.75
2014/02/10	0.973	0.980	0.970	0.970	7914718	7710451.50
2014/02/11	0.966	0.980	0.966	0.975	21425598	20870112.00
2014/02/12	0.978	0.989	0.975	0.987	10393213	10224769.00
2014/02/13	0.980	0.991	0.980	0.987	5996300	5930564.00
2014/02/14	0.995	1.000	0.994	0.997	9391799	9351591.00
2014/02/17	1.000	1.003	0.999	1.001	9313000	9321102.00
2014/02/18	1.000	1.002	0.999	1.000	6832299	6833306.00
2014/02/19	1.000	1.004	1.000	1.004	11984400	12005533.00
2014/02/20	1.000	1.002	0.995	1.000	3244900	3240349.75
2014/02/21	1.001	1.006	1.001	1.003	7474895	7510051.00
2014/02/24	1.004	1.005	1.002	1.005	3732500	3745747.00
2014/02/25	1.009	1.013	1.009	1.013	12484900	12615654.00
2014/02/26	1.009	1.016	1.009	1.016	7221999	7318937.00
2014/02/27	1.016	1.016	1.011	1.015	2703699	2738662.50
2014/02/28	1.019	1.026	1.016	1.024	4334399	4422678.50
2014/03/03	1.025	1.030	1.020	1.026	3097598	3176650.75
2014/03/04	1.022	1.023	1.016	1.022	4751400	4842955.50
2014/03/05	1.039	1.039	1.027	1.031	4328771	4457560.00
2014/03/06	1.030	1.034	1.028	1.033	3554999	3662873.75
2014/03/07	1.040	1.040	1.030	1.034	3648970	3770352.75
2014/03/10	1.034	1.035	1.030	1.031	3567800	3682824.50
2014/03/11	1.030	1.039	1.030	1.039	4435940	4586106.00
2014/03/12	1.032	1.035	1.028	1.029	4317300	4449449.50
2014/03/13	1.031	1.035	1.027	1.034	6332300	6522613.00
2014/03/14	1.024	1.024	1.018	1.018	3763197	3843551.50
2014/03/17	1.018	1.023	1.018	1.022	2710200	2764225.00
2014/03/18	1.029	1.034	1.027	1.033	2547799	2626432.00
2014/03/19	1.034	1.039	1.000	1.037	1926700	1993998.75
2014/03/20	1.035	1.035	1.020	1.030	3201700	3297040.00
2014/03/21	1.036	1.037	1.033	1.033	3579500	3707209.50
2014/03/24	1.031	1.034	1.031	1.033	1595650	1646602.50
2014/03/25	1.032	1.032	1.026	1.031	1788800	1842745.75
2014/03/26	1.036	1.037	1.033	1.036	2184100	2262283.75
2014/03/27	1.033	1.033	1.027	1.029	1492800	1534916.25
2014/03/28	1.027	1.028	1.025	1.028	1925697	1975754.88
2014/03/31	1.032	1.033	1.029	1.033	1704600	1758928.75
2014/04/01	1.038	1.040	1.038	1.040	2895741	3009940.00
2014/04/02	1.040	1.049	1.040	1.048	3329530	3483301.25
2014/04/03	1.047	1.051	1.047	1.050	2614300	2744779.00
2014/04/04	1.049	1.050	1.047	1.049	1677900	1760048.13
2014/04/08	1.022	1.030	1.022	1.029	2603297	2670596.50
2014/04/09	1.035	1.035	1.027	1.030	1888099	1943846.38
2014/04/10	1.040	1.040	1.035	1.038	2794200	2899154.50
2014/04/11	1.008	1.016	1.008	1.014	3514700	3564735.75
2014/04/14	1.009	1.009	1.005	1.008	934790	940656.44
2014/04/15	1.010	1.018	1.010	1.018	2827190	2876404.75
2014/04/16	1.025	1.026	1.023	1.026	584900	599261.69
2014/04/17	1.037	1.037	1.032	1.033	2588090	2678901.00
2014/04/18	1.037	1.037	1.032	1.034	1846800	1910419.38
2014/04/21	1.034	1.037	1.034	1.034	1277200	1322896.50
2014/04/22	1.039	1.039	1.036	1.038	2374800	2464742.25
2014/04/23	1.040	1.045	1.040	1.042	3148700	3282516.00
2014/04/24	1.042	1.044	1.041	1.044	2989300	3116874.00
2014/04/25	1.044	1.046	1.042	1.043	2038800	2129227.25
2014/04/28	1.037	1.037	1.032	1.032	975299	1007918.56
2014/04/29	1.036	1.040	1.036	1.038	1331000	1383311.25
2014/04/30	1.043	1.043	0.992	1.040	2626700	2664532.75
2014/05/05	1.042	1.044	1.041	1.041	624900	651362.50
2014/05/06	1.045	1.048	1.044	1.048	3466660	3631724.25
2014/05/07	1.035	1.038	1.035	1.038	1295200	1343637.38
2014/05/08	1.042	1.042	1.040	1.042	355200	369815.09
2014/05/09	1.042	1.042	1.039	1.041	638500	664126.69
2014/05/12	1.040	1.044	1.040	1.043	595400	620704.19
2014/05/13	1.045	1.053	1.045	1.051	2515300	2644596.50
2014/05/14	1.053	1.057	1.052	1.055	4132100	4358586.00
2014/05/15	1.053	1.053	1.050	1.052	3441600	3618614.75
2014/05/16	1.043	1.044	1.042	1.043	5036400	5250572.50
2014/05/19	1.042	1.046	1.042	1.045	1472700	1539731.00
2014/05/20	1.043	1.048	1.043	1.047	2398400	2507781.00
2014/05/21	1.040	1.041	1.039	1.041	975850	1014977.50
2014/05/22	1.049	1.052	1.048	1.052	3125700	3284094.00
2014/05/23	1.052	1.053	1.050	1.050	961100	1009464.19
2014/05/26	1.056	1.056	1.054	1.056	1977400	2086165.25
2014/05/27	1.056	1.056	1.054	1.056	2723100	2873607.00
2014/05/28	1.061	1.062	1.060	1.061	1236800	1311833.75
2014/05/29	1.060	1.062	1.059	1.062	1653628	1753713.88
2014/05/30	1.066	1.068	1.066	1.067	3284200	3503491.50
2014/06/03	1.078	1.078	1.068	1.071	762399	815446.25
2014/06/04	1.069	1.074	1.068	1.073	2905400	3113117.75
2014/06/05	1.098	1.098	1.071	1.075	2427701	2607712.00
2014/06/06	1.083	1.084	1.080	1.084	1643578	1778924.63
2014/06/09	1.087	1.087	1.083	1.086	1085600	1177521.63
2014/06/10	1.087	1.087	1.083	1.084	678448	735829.06
2014/06/11	1.084	1.084	1.081	1.082	427700	462856.91
2014/06/12	1.078	1.080	1.077	1.079	358900	387126.41
2014/06/13	1.068	1.073	1.068	1.071	534500	572540.81
2014/06/16	1.072	1.075	1.072	1.073	399600	428820.41
2014/06/17	1.073	1.075	1.073	1.075	220600	237064.41
2014/06/18	1.076	1.078	1.076	1.076	573000	616632.38
2014/06/19	1.085	1.090	1.083	1.090	2042800	2221303.50
2014/06/20	1.086	1.091	1.086	1.091	701200	763966.69
2014/06/23	1.100	1.186	1.089	1.092	568800	624059.19
2014/06/24	1.090	1.092	1.089	1.092	766000	835429.88
2014/06/25	1.088	1.088	1.082	1.084	613100	664360.00
2014/06/26	1.087	1.090	1.087	1.090	437900	476713.31
2014/06/27	1.090	1.091	1.086	1.091	697900	759648.00
2014/06/30	1.092	1.094	1.090	1.093	1727390	1886125.38
2014/07/01	1.091	1.094	1.091	1.093	949100	1036925.81
2014/07/02	1.096	1.099	1.096	1.099	610800	670317.69
2014/07/03	1.094	1.099	1.094	1.097	503500	552645.13
2014/07/04	1.102	1.105	1.101	1.105	1464553	1615104.88
2014/07/07	1.105	1.105	1.102	1.105	1377615	1520304.50
2014/07/08	1.102	1.102	1.095	1.101	1176800	1293188.38
2014/07/09	1.095	1.095	1.091	1.095	1626232	1776686.13
2014/07/10	1.095	1.099	1.095	1.099	1214955	1334028.00
2014/07/11	1.095	1.095	1.091	1.093	672055	733749.63
2014/07/14	1.094	1.094	1.090	1.093	1112340	1214793.50
2014/07/15	1.092	1.099	1.092	1.098	594200	652455.19
2014/07/16	1.091	1.095	1.091	1.095	568500	622021.19
2014/07/17	1.098	1.100	1.098	1.098	605400	665426.88
2014/07/18	1.087	1.089	1.084	1.088	1102300	1198652.25
2014/07/21	1.092	1.100	1.092	1.100	1564862	1718650.00
2014/07/22	1.095	1.098	1.095	1.098	465000	510119.19
2014/07/23	1.100	1.101	1.097	1.100	902356	991658.81
2014/07/24	1.104	1.104	1.099	1.100	542199	596740.69
2014/07/25	1.100	1.103	1.098	1.100	875800	964137.31
2014/07/28	1.098	1.099	1.095	1.099	1701100	1868114.25
2014/07/29	1.095	1.099	1.095	1.099	715900	785166.38
2014/07/30	1.094	1.095	1.092	1.095	645700	706011.81
2014/07/31	1.090	1.094	1.090	1.094	564900	617142.38
2014/08/01	1.070	1.076	1.068	1.076	3880201	4156652.25
2014/08/04	1.071	1.073	1.070	1.073	802395	859276.25
2014/08/05	1.077	1.077	1.072	1.074	2803295	3008449.00
2014/08/06	1.068	1.069	1.066	1.067	919899	981381.31
2014/08/07	1.068	1.069	1.067	1.068	301800	322235.81
2014/08/08	1.068	1.068	1.061	1.062	1282700	1362137.63
2014/08/11	1.069	1.074	1.069	1.074	1342500	1439165.13
2014/08/12	1.074	1.077	1.073	1.073	573100	615576.69
2014/08/13	1.074	1.074	1.070	1.072	621100	665518.81
2014/08/14	1.068	1.080	1.068	1.080	606300	653637.50
2014/08/15	1.084	1.086	1.083	1.086	547700	594264.19
2014/08/18	1.085	1.087	1.082	1.086	1261800	1368465.25
2014/08/19	1.086	1.095	1.086	1.095	541700	591714.19
2014/08/20	1.098	1.100	1.098	1.100	1022300	1123401.75
2014/08/21	1.100	1.102	1.100	1.101	491600	541214.69
2014/08/22	1.102	1.106	1.102	1.106	479050	529548.75
2014/08/25	1.106	1.106	1.103	1.104	364250	402134.31
2014/08/26	1.108	1.110	1.108	1.109	734900	814820.38
2014/08/27	1.110	1.111	1.109	1.109	767800	851978.00
2014/08/28	1.110	1.111	1.108	1.108	866456	960775.13
2014/08/29	1.108	1.109	1.105	1.107	774400	857153.38
2014/09/01	1.111	1.114	1.110	1.111	363700	404239.91
2014/09/02	1.111	1.116	1.111	1.116	793950	884480.00
2014/09/03	1.113	1.115	1.111	1.112	1323300	1471180.25
2014/09/04	1.110	1.112	1.109	1.109	1329068	1475325.75
2014/09/05	1.110	1.110	1.107	1.108	674750	747502.25
2014/09/09	1.107	1.113	1.107	1.107	460400	510214.09
2014/09/10	1.100	1.104	1.100	1.102	546600	602568.19
2014/09/11	1.102	1.106	1.102	1.102	591756	652893.31
2014/09/12	1.102	1.108	1.102	1.107	716300	792451.63
2014/09/15	1.102	1.103	1.100	1.102	593200	653232.00
2014/09/16	1.101	1.101	1.096	1.096	458100	502686.59
2014/09/17	1.097	1.107	1.097	1.106	428700	474000.59
2014/09/18	1.109	1.109	1.106	1.107	407000	450812.81
2014/09/19	1.114	1.118	1.113	1.118	925000	1032067.50
2014/09/22	1.118	1.118	1.112	1.113	192000	213884.50
2014/09/23	1.107	1.107	1.102	1.105	369600	407831.19
2014/09/24	1.101	1.101	1.095	1.099	840700	922038.50
2014/09/25	1.105	1.106	1.103	1.105	653400	721270.00
2014/09/26	1.096	1.096	1.088	1.088	598600	653274.00
2014/09/29	1.095	1.100	1.095	1.098	863300	947299.19
2014/09/30	1.098	1.098	1.093	1.098	1189700	1304162.25
2014/10/08	1.088	1.088	1.073	1.076	1399700	1505912.63
2014/10/09	1.088	1.097	1.088	1.096	1639000	1794811.63
2014/10/10	1.079	1.079	1.069	1.074	1562201	1676041.75
2014/10/13	1.062	1.062	1.056	1.060	1830800	1936638.13
2014/10/14	1.050	1.052	1.041	1.051	4472900	4686666.00
2014/10/15	1.050	1.050	1.044	1.049	934300	978366.00
2014/10/16	1.048	1.048	1.033	1.039	2803799	2906091.50
2014/10/17	1.050	1.050	1.037	1.040	1858300	1932016.25
2014/10/20	1.051	1.051	1.048	1.050	1461000	1533199.25
2014/10/21	1.059	1.059	1.055	1.057	2024200	2138817.25
2014/10/22	1.076	1.079	1.072	1.078	2775100	2985666.50
2014/10/23	1.070	1.073	1.069	1.072	1293000	1385466.75
2014/10/24	1.082	1.085	1.077	1.078	464500	500934.69
2014/10/27	1.085	1.092	1.080	1.088	928310	1010760.94
2014/10/28	1.087	1.090	1.086	1.088	508450	553297.88
2014/10/29	1.091	1.096	1.091	1.093	1654100	1809406.50
2014/10/30	1.093	1.096	1.092	1.092	779600	852433.63
2014/10/31	1.095	1.110	1.095	1.107	2269100	2502461.50
2014/11/03	1.107	1.118	1.107	1.116	982600	1096255.50
2014/11/04	1.114	1.116	1.112	1.113	483000	537727.00
2014/11/05	1.110	1.114	1.110	1.113	486400	541199.00
2014/11/06	1.116	1.120	1.116	1.117	778000	869386.00
2014/11/07	1.120	1.125	1.120	1.125	781010	877487.44
2014/11/10	1.124	1.126	1.122	1.122	1341300	1507202.13
2014/11/11	1.122	1.130	1.122	1.129	780300	880314.88
2014/11/12	1.129	1.129	1.124	1.126	155000	174453.50
2014/11/13	1.124	1.127	1.123	1.123	644900	725218.50
2014/11/14	1.123	1.125	1.122	1.123	1414900	1589792.50
2014/11/17	1.123	1.127	1.119	1.119	927900	1040372.81
2014/11/18	1.121	1.125	1.121	1.123	575300	646000.50
2014/11/19	1.124	1.133	1.124	1.132	1086900	1229642.00
2014/11/20	1.128	1.129	1.127	1.127	416700	469924.59
2014/11/21	1.129	1.131	1.129	1.130	620700	701319.38
2014/11/24	1.136	1.137	1.127	1.127	2193400	2482902.25
2014/11/25	1.127	1.140	1.127	1.136	845400	960335.38
2014/11/26	1.137	1.138	1.135	1.137	335300	381201.91
2014/11/27	1.140	1.141	1.139	1.139	394700	449743.19
2014/11/28	1.140	1.142	1.139	1.139	728299	830065.88
2014/12/01	1.137	1.138	1.131	1.132	891900	1011833.88
2014/12/02	1.128	1.130	1.126	1.127	970211	1094795.75
2014/12/03	1.130	1.137	1.130	1.134	1460700	1655896.75
2014/12/04	1.135	1.142	1.135	1.139	719400	819065.88
2014/12/05	1.136	1.139	1.132	1.136	1488213	1689355.13
2014/12/08	1.141	1.143	1.139	1.141	540900	617246.50
2014/12/09	1.132	1.133	1.130	1.130	893100	1010334.38
2014/12/10	1.135	1.135	1.130	1.133	623200	705762.00
2014/12/11	1.100	1.115	1.100	1.115	1045800	1158806.13
2014/12/12	1.120	1.120	1.106	1.107	3266200	3629455.50
2014/12/15	1.092	1.100	1.092	1.100	1340100	1470838.75
2014/12/16	1.093	1.094	1.090	1.094	1824500	1993721.13
2014/12/17	1.088	1.090	1.082	1.083	1899800	2057971.88
2014/12/18	1.099	1.109	1.099	1.109	1055900	1168861.75
2014/12/19	1.136	1.138	1.133	1.137	1288500	1463606.88
2014/12/22	1.140	1.141	1.138	1.140	1289300	1468921.38
2014/12/23	1.152	1.152	1.143	1.146	564500	646451.81
2014/12/24	1.153	1.153	1.147	1.150	1037000	1192523.63
2014/12/25	1.151	1.151	1.145	1.146	145200	166814.20
2014/12/26	1.152	1.152	1.143	1.146	770301	882141.75
2014/12/29	1.146	1.153	1.146	1.152	1694900	1950923.75
2014/12/30	1.150	1.152	1.148	1.149	519800	597459.19
2014/12/31	1.140	1.148	1.140	1.148	669700	767446.38
2015/01/05	1.140	1.140	1.133	1.134	1831200	2076991.38
2015/01/06	1.118	1.118	1.110	1.114	1679129	1865936.50
2015/01/07	1.113	1.113	1.103	1.108	3503500	3878815.25
2015/01/08	1.123	1.128	1.119	1.128	3780400	4250642.50
2015/01/09	1.140	1.145	1.140	1.143	2837899	3243373.75
2015/01/12	1.143	1.143	1.129	1.134	1845000	2092078.25
2015/01/13	1.129	1.129	1.119	1.122	1401000	1572214.25
2015/01/14	1.123	1.123	1.116	1.117	1612500	1801544.25
2015/01/15	1.115	1.116	1.111	1.116	2012329	2240306.25
2015/01/16	1.108	1.114	1.101	1.112	4354800	4819628.50
2015/01/19	1.119	1.125	1.115	1.116	6266230	7005560.00
2015/01/20	1.119	1.120	1.116	1.119	2737600	3059979.75
2015/01/21	1.120	1.124	1.116	1.123	4836701	5413111.00
2015/01/22	1.124	1.136	1.123	1.133	9470600	10706071.00
2015/01/23	1.159	1.185	1.148	1.152	16719200	19311854.00
2015/01/26	1.151	1.151	1.135	1.137	6403800	7287594.00
2015/01/27	1.139	1.143	1.139	1.141	21353300	24364392.00
2015/01/28	1.127	1.130	1.124	1.129	17927300	20180866.00
2015/01/29	1.117	1.117	1.112	1.115	2906000	3236473.00
2015/01/30	1.123	1.127	1.120	1.123	3357900	3770621.00
2015/02/02	1.109	1.114	1.104	1.112	10226800	11353297.00
2015/02/03	1.126	1.128	1.121	1.124	11805400	13262092.00
2015/02/04	1.132	1.138	1.132	1.134	3673600	4173660.00
2015/02/05	1.130	1.133	1.126	1.127	3974500	4484970.50
2015/02/06	1.130	1.142	1.130	1.136	3029900	3450992.25
2015/02/09	1.136	1.136	1.130	1.136	10312500	11704049.00
2015/02/10	1.130	1.133	1.128	1.129	1246800	1407979.50
2015/02/11	1.135	1.144	1.135	1.143	1944001	2220887.00
2015/02/12	1.142	1.144	1.141	1.142	24149400	27599532.00
2015/02/13	1.152	1.160	1.151	1.157	20310300	23486930.00
2015/02/16	1.159	1.160	1.157	1.160	25543300	29589394.00
2015/02/17	1.157	1.162	1.157	1.162	122635800	142150064.00
2015/02/25	1.169	1.175	1.168	1.171	66788600	78303152.00
2015/02/26	1.172	1.172	1.168	1.170	92781600	108580848.00
2015/02/27	1.170	1.171	1.169	1.170	176098401	206097888.00
2015/03/02	1.170	1.170	1.164	1.170	132362802	154607776.00
2015/03/03	1.175	1.179	1.173	1.177	74275600	87445480.00
2015/03/04	1.177	1.177	1.171	1.175	244982000	287685536.00
2015/03/05	1.169	1.174	1.169	1.174	359989011	422010496.00
2015/03/06	1.175	1.179	1.175	1.177	71620000	84315672.00
2015/03/09	1.166	1.170	1.160	1.166	33396400	38884220.00
2015/03/10	1.168	1.169	1.162	1.166	170296200	198625504.00
2015/03/11	1.153	1.153	1.143	1.145	127133600	145820432.00
2015/03/12	1.145	1.150	1.145	1.150	117254100	134614064.00
2015/03/13	1.172	1.172	1.154	1.155	172827700	200237312.00
2015/03/16	1.155	1.156	1.150	1.151	274766500	317077728.00
2015/03/17	1.162	1.166	1.160	1.162	104372900	121291344.00
2015/03/18	1.159	1.160	1.157	1.157	63082200	73132432.00
2015/03/19	1.167	1.174	1.167	1.172	156415500	183144784.00
2015/03/20	1.169	1.169	1.163	1.165	26475100	30866530.00
2015/03/23	1.173	1.176	1.172	1.174	670549900	787656832.00
2015/03/24	1.178	1.178	1.166	1.167	745648729	874307968.00
2015/03/25	1.164	1.165	1.158	1.158	1036714600	1204723200.00
2015/03/26	1.148	1.148	1.141	1.142	1193307700	1365433344.00
2015/03/27	1.141	1.146	1.140	1.144	711470200	814404480.00
2015/03/30	1.146	1.147	1.141	1.142	134413200	154012720.00
2015/03/31	1.153	1.157	1.150	1.152	23622400	27243184.00
2015/04/01	1.146	1.147	1.141	1.145	104810900	119957992.00
2015/04/02	1.141	1.146	1.139	1.145	66638600	76204976.00
2015/04/03	1.145	1.146	1.144	1.144	28913900	33105684.00
2015/04/07	1.148	1.152	1.146	1.148	36233100	41602840.00
2015/04/08	1.147	1.150	1.142	1.146	117673300	135015504.00
2015/04/09	1.147	1.147	1.143	1.145	111357200	127530056.00
2015/04/10	1.148	1.152	1.148	1.150	43636700	50161132.00
2015/04/13	1.152	1.155	1.147	1.150	63140800	72702304.00
2015/04/14	1.149	1.150	1.145	1.147	142398100	163470064.00
2015/04/15	1.147	1.150	1.147	1.147	37893100	43522352.00
2015/04/16	1.148	1.156	1.148	1.149	63406600	73186144.00
2015/04/17	1.149	1.157	1.149	1.155	164977100	190574784.00
2015/04/20	1.150	1.151	1.143	1.147	38426398	44129908.00
2015/04/21	1.153	1.160	1.153	1.157	97017108	112242088.00
2015/04/22	1.153	1.154	1.151	1.154	12547690	14466304.00
2015/04/23	1.160	1.161	1.157	1.158	126002160	146093616.00
2015/04/24	1.162	1.168	1.162	1.163	38820390	45179868.00
2015/04/27	1.167	1.169	1.164	1.167	61181509	71448608.00
2015/04/28	1.167	1.167	1.160	1.163	95543200	111359368.00
2015/04/29	1.169	1.169	1.163	1.166	7740100	9029809.00
2015/04/30	1.164	1.164	1.157	1.160	17512400	20311460.00
2015/05/04	1.161	1.161	1.158	1.160	82791500	96001640.00
2015/05/05	1.160	1.168	1.160	1.165	23758600	27656820.00
2015/05/06	1.158	1.160	1.151	1.152	36073500	41615220.00
2015/05/07	1.148	1.150	1.145	1.150	26884590	30889508.00
2015/05/08	1.153	1.163	1.150	1.155	56678700	65349600.00
2015/05/11	1.163	1.168	1.161	1.163	22898300	26615202.00
2015/05/12	1.163	1.163	1.159	1.162	37375900	43394796.00
2015/05/13	1.160	1.161	1.154	1.159	108185024	125402584.00
2015/05/14	1.155	1.160	1.154	1.155	19451200	22513862.00
2015/05/15	1.160	1.167	1.160	1.164	95101424	110769488.00
2015/05/18	1.161	1.165	1.161	1.163	40033700	46546476.00
2015/05/19	1.164	1.169	1.164	1.169	5105200	5961852.00
2015/05/20	1.167	1.170	1.167	1.168	12312600	14381675.00
2015/05/21	1.168	1.169	1.160	1.166	38071500	44392200.00
2015/05/22	1.167	1.171	1.167	1.171	92972800	108757304.00
2015/05/25	1.169	1.179	1.163	1.170	31427000	36799664.00
2015/05/26	1.170	1.171	1.165	1.170	115309168	134913680.00
2015/05/27	1.167	1.167	1.160	1.164	59007800	68581448.00
2015/05/28	1.167	1.173	1.167	1.168	56100600	65656396.00
2015/05/29	1.168	1.173	1.168	1.170	227162600	265760080.00
2015/06/01	1.170	1.170	1.159	1.163	25280800	29360792.00
2015/06/02	1.164	1.166	1.161	1.164	256781200	298917888.00
2015/06/03	1.164	1.164	1.157	1.158	19778500	22979458.00
2015/06/04	1.158	1.170	1.158	1.165	34293800	39861968.00
2015/06/05	1.164	1.164	1.153	1.162	36074700	41875036.00
2015/06/08	1.162	1.165	1.158	1.164	30887900	35908748.00
2015/06/09	1.163	1.163	1.153	1.156	177302800	204632096.00
2015/06/10	1.155	1.160	1.153	1.160	1215200	1406062.00
2015/06/11	1.169	1.173	1.165	1.167	426400	497690.91
2015/06/12	1.167	1.170	1.167	1.169	720300	841806.13
2015/06/15	1.164	1.164	1.157	1.157	787100	911711.19
2015/06/16	1.159	1.159	1.150	1.154	42183200	48721500.00
2015/06/17	1.158	1.163	1.154	1.154	65189900	75458528.00
2015/06/18	1.156	1.162	1.150	1.155	85401000	98583592.00
2015/06/19	1.160	1.168	1.158	1.159	43833400	50998604.00
2015/06/23	1.161	1.175	1.161	1.166	29692600	34627932.00
2015/06/24	1.169	1.174	1.168	1.170	168920100	198233008.00
2015/06/25	1.149	1.165	1.149	1.164	111939500	130084696.00
2015/06/26	1.164	1.164	1.159	1.159	568200	659370.69
2015/06/29	1.159	1.163	1.154	1.159	37457200	43377516.00
2015/06/30	1.141	1.148	1.138	1.141	70765400	81037400.00
2015/07/01	1.142	1.148	1.142	1.144	6142000	7021859.00
2015/07/02	1.146	1.155	1.146	1.150	39804500	45695628.00
2015/07/03	1.150	1.154	1.146	1.150	821100	943239.81
2015/07/06	1.148	1.150	1.130	1.146	36259300	41385132.00
2015/07/07	1.146	1.150	1.136	1.143	581600	662880.13
2015/07/08	1.140	1.149	1.036	1.119	2007500	2261791.75
2015/07/09	1.110	1.170	1.061	1.118	7750500	8765301.00
2015/07/10	1.118	1.160	1.115	1.123	8431100	9600800.00
2015/07/13	1.140	1.143	1.131	1.134	1777900	2017719.13
2015/07/14	1.144	1.165	1.142	1.157	1846299	2128597.50
2015/07/15	1.159	1.172	1.159	1.165	24588099	28672134.00
2015/07/16	1.166	1.168	1.155	1.159	11940600	13840482.00
2015/07/17	1.165	1.171	1.165	1.171	19382700	22658118.00
2015/07/20	1.170	1.180	1.169	1.174	20877695	24542152.00
2015/07/21	1.176	1.182	1.176	1.182	13350896	15715118.00
2015/07/22	1.172	1.179	1.168	1.175	1159700	1361809.25
2015/07/23	1.170	1.180	1.170	1.180	970900	1141588.75
2015/07/24	1.172	1.198	1.172	1.178	6824800	8061144.00
2015/07/27	1.161	1.167	1.151	1.151	1323000	1533907.38
2015/07/28	1.158	1.159	1.149	1.152	25658500	29610442.00
2015/07/29	1.162	1.169	1.162	1.165	26987740	31466918.00
2015/07/30	1.180	1.180	1.172	1.176	28395800	33393464.00
2015/07/31	1.173	1.181	1.173	1.177	9837140	11582021.00
2015/08/03	1.177	1.178	1.173	1.175	26104200	30668998.00
2015/08/04	1.174	1.176	1.170	1.170	6463400	7575815.50
2015/08/05	1.170	1.172	1.168	1.171	547700	640631.38
2015/08/06	1.172	1.176	1.172	1.175	485000	569419.69
2015/08/07	1.170	1.175	1.164	1.166	1222600	1427369.25
2015/08/10	1.171	1.171	1.165	1.168	6578700	7683783.50
2015/08/11	1.180	1.265	1.176	1.200	6384181	7597694.50
2015/08/12	1.199	1.216	1.189	1.200	4856500	5822095.00
2015/08/13	1.193	1.218	1.193	1.211	2172800	2626416.75
2015/08/14	1.212	1.213	1.205	1.211	1144300	1385354.50
2015/08/17	1.217	1.229	1.217	1.225	1508700	1849840.38
2015/08/18	1.229	1.234	1.229	1.231	1722200	2121448.50
2015/08/19	1.230	1.233	1.225	1.226	2111700	2596760.75
2015/08/20	1.223	1.225	1.214	1.216	1158500	1409918.00
2015/08/21	1.200	1.200	1.187	1.191	2341901	2786179.25
2015/08/24	1.149	1.149	1.106	1.124	2584600	2945324.50
2015/08/25	1.073	1.140	1.073	1.110	3046000	3385571.00
2015/08/26	1.119	1.138	1.078	1.113	1297200	1433395.25
2015/08/27	1.160	1.160	1.130	1.142	1880800	2152084.00
2015/08/28	1.149	1.164	1.149	1.162	1749100	2020290.63
2015/08/31	1.160	1.162	1.144	1.157	801400	925660.88
2015/09/01	1.151	1.151	1.132	1.138	964500	1098447.00
2015/09/02	1.123	1.130	1.109	1.129	571000	640564.50
2015/09/07	1.139	1.139	1.122	1.130	578500	652066.63
2015/09/08	1.130	1.138	1.124	1.138	1948000	2201916.00
2015/09/09	1.155	1.155	1.145	1.152	948200	1090002.75
2015/09/10	1.132	1.137	1.132	1.137	818700	929575.31
2015/09/11	1.140	1.144	1.139	1.140	426000	486326.59
2015/09/14	1.145	1.151	1.144	1.147	647800	744056.13
2015/09/15	1.130	1.146	1.130	1.140	204200	232831.09
2015/09/16	1.155	1.155	1.149	1.153	404200	465815.69
2015/09/17	1.160	1.164	1.160	1.164	814095	946077.50
2015/09/18	1.160	1.160	1.156	1.159	158300	183313.91
2015/09/21	1.143	1.143	1.134	1.141	1145795	1305286.13
2015/09/22	1.146	1.148	1.143	1.148	803500	920657.13
2015/09/23	1.136	1.136	1.123	1.134	2033500	2294286.00
2015/09/24	1.133	1.134	1.131	1.133	649600	735263.38
2015/09/25	1.131	1.132	1.127	1.132	573900	648782.38
2015/09/28	1.128	1.130	1.127	1.128	219500	247547.59
2015/09/29	1.105	1.105	1.094	1.097	924800	1017342.31
2015/09/30	1.119	1.119	1.095	1.105	1939000	2132360.50
2015/10/08	1.145	1.160	1.145	1.150	2024400	2331856.50
2015/10/09	1.157	1.166	1.156	1.161	962890	1119304.50
2015/10/12	1.165	1.166	1.164	1.166	371400	432836.91
2015/10/13	1.164	1.167	1.161	1.163	692100	806225.88
2015/10/14	1.150	1.159	1.150	1.158	253000	292959.00
2015/10/15	1.156	1.159	1.153	1.159	1320400	1526892.88
2015/10/16	1.166	1.174	1.166	1.168	892400	1043868.50
2015/10/19	1.180	1.180	1.171	1.173	1002400	1176524.63
2015/10/20	1.178	1.180	1.177	1.178	899700	1060014.38
2015/10/21	1.179	1.180	1.173	1.174	1309400	1539016.63
2015/10/22	1.175	1.175	1.163	1.171	243700	285549.81
2015/10/23	1.179	1.195	1.179	1.191	1763100	2102244.00
2015/10/26	1.211	1.211	1.199	1.199	765500	920543.31
2015/10/27	1.200	1.205	1.198	1.201	687700	825301.31
2015/10/28	1.196	1.202	1.196	1.200	221300	265689.91
2015/10/29	1.220	1.220	1.210	1.211	341800	414368.91
2015/10/30	1.210	1.212	1.209	1.212	259900	314718.59
2015/11/02	1.212	1.212	1.204	1.205	632400	761966.38
2015/11/03	1.213	1.219	1.213	1.219	168600	205297.91
2015/11/04	1.222	1.222	1.218	1.221	15081900	18414988.00
2015/11/05	1.222	1.222	1.217	1.220	791590	964522.00
2015/11/06	1.220	1.220	1.216	1.218	391400	476909.69
2015/11/09	1.218	1.221	1.216	1.221	1863500	2272560.00
2015/11/10	1.213	1.213	1.202	1.209	743600	898340.88
2015/11/11	1.209	1.214	1.209	1.209	177400	214539.09
2015/11/12	1.214	1.214	1.207	1.210	182500	220692.80
2015/11/13	1.200	1.200	1.190	1.193	955700	1141436.25
2015/11/16	1.180	1.180	1.167	1.179	1328890	1562276.13
2015/11/17	1.193	1.202	1.193	1.202	2011000	2411457.25
2015/11/18	1.197	1.201	1.196	1.196	202200	242167.11
2015/11/19	1.201	1.223	1.201	1.219	1883099	2294875.75
2015/11/20	1.221	1.224	1.219	1.223	492100	601180.63
2015/11/23	1.230	1.230	1.224	1.225	575600	705074.38
2015/11/24	1.225	1.225	1.220	1.223	791800	967728.19
2015/11/25	1.222	1.226	1.222	1.222	319600	390766.69
2015/11/26	1.222	1.226	1.221	1.225	446500	546441.81
2015/11/27	1.230	1.231	1.222	1.224	622600	762910.00
2015/11/30	1.224	1.233	1.221	1.230	2109600	2587859.75
2015/12/01	1.218	1.230	1.218	1.228	2100900	2572831.50
2015/12/02	1.235	1.238	1.235	1.237	789200	975063.63
2015/12/03	1.231	1.231	1.220	1.225	1061800	1298780.75
2015/12/04	1.210	1.210	1.202	1.207	3086200	3719371.50
2015/12/07	1.225	1.230	1.225	1.227	283600	348282.69
2015/12/08	1.222	1.224	1.220	1.221	628700	768505.50
2015/12/09	1.215	1.218	1.212	1.218	503800	611938.00
2015/12/10	1.214	1.214	1.209	1.212	1450400	1755459.13
2015/12/11	1.212	1.218	1.212	1.215	188000	228515.50
2015/12/14	1.200	1.200	1.189	1.198	944300	1129286.88
2015/12/15	1.198	1.204	1.198	1.203	1947000	2337735.50
2015/12/16	1.211	1.219	1.211	1.212	660300	802143.81
2015/12/17	1.239	1.240	1.226	1.227	2038900	2508342.75
2015/12/18	1.219	1.219	1.209	1.211	1311300	1589199.88
2015/12/21	1.199	1.201	1.192	1.201	1967500	2358572.50
2015/12/22	1.207	1.208	1.204	1.207	304900	367576.81
2015/12/23	1.215	1.216	1.211	1.211	388100	470174.00
2015/12/24	1.220	1.227	1.220	1.224	904300	1106219.13
2015/12/25	1.224	1.227	1.220	1.227	340700	416813.19
2015/12/28	1.224	1.228	1.220	1.223	557600	681559.31
2015/12/29	1.220	1.226	1.220	1.225	222300	271985.00
2015/12/30	1.236	1.236	1.233	1.233	486200	599944.38
2015/12/31	1.231	1.234	1.224	1.234	433300	533175.19
2016/01/04	1.234	1.234	1.220	1.227	1299600	1589672.63
2016/01/05	1.221	1.221	1.198	1.211	2360300	2853142.50
2016/01/06	1.215	1.216	1.205	1.214	2232300	2702422.25
2016/01/07	1.200	1.202	1.196	1.202	146400	175807.20
2016/01/08	1.191	1.192	1.179	1.192	2564033	3034639.25
2016/01/11	1.174	1.180	1.172	1.173	1313333	1543411.13
2016/01/12	1.180	1.180	1.171	1.179	640900	752504.31
2016/01/13	1.173	1.184	1.173	1.180	324400	383177.59
2016/01/14	1.160	1.166	1.153	1.164	1027800	1192124.00
2016/01/15	1.170	1.172	1.167	1.171	670200	784448.88
2016/01/18	1.165	1.165	1.140	1.163	301417	349124.78
2016/01/19	1.145	1.180	1.145	1.179	334300	389247.81
2016/01/20	1.179	1.179	1.158	1.158	350900	408588.59
2016/01/21	1.158	1.170	1.146	1.146	824900	955137.69
2016/01/22	1.140	1.170	1.140	1.169	358900	416154.50
2016/01/25	1.171	1.175	1.155	1.162	522600	608148.38
2016/01/26	1.155	1.155	1.136	1.136	582500	666566.88
2016/01/27	1.155	1.155	1.142	1.150	295900	339818.50
2016/01/28	1.146	1.149	1.138	1.140	353500	403675.81
2016/01/29	1.147	1.153	1.142	1.153	487800	560138.63
2016/02/01	1.164	1.173	1.164	1.166	333800	389112.41
2016/02/02	1.166	1.173	1.159	1.167	445100	518949.81
2016/02/03	1.147	1.166	1.147	1.165	254100	294825.81
2016/02/04	1.165	1.198	1.165	1.198	611800	718217.38
2016/02/05	1.190	1.193	1.150	1.193	1489500	1751250.88
2016/02/15	1.180	1.188	1.145	1.181	370600	435722.91
2016/02/16	1.182	1.187	1.165	1.187	283600	334508.00
2016/02/17	1.191	1.191	1.178	1.179	155100	183256.70
2016/02/18	1.185	1.195	1.180	1.180	428900	509447.19
2016/02/19	1.180	1.186	1.166	1.177	229200	269785.00
2016/02/22	1.177	1.190	1.174	1.175	204400	240587.80
2016/02/23	1.183	1.187	1.178	1.178	299700	354472.50
2016/02/24	1.174	1.174	1.165	1.170	306394	358034.38
2016/02/25	1.170	1.179	1.165	1.170	371494	435531.56
2016/02/26	1.175	1.240	1.175	1.188	627850	748938.06
2016/02/29	1.188	1.190	1.176	1.187	220812	261321.09
2016/03/01	1.180	1.187	1.171	1.184	451300	531784.31
2016/03/02	1.195	1.210	1.195	1.205	929200	1118964.75
2016/03/03	1.201	1.210	1.200	1.204	329900	397256.09
2016/03/04	1.211	1.211	1.200	1.205	356118	428746.09
2016/03/07	1.210	1.212	1.206	1.211	297827	360119.63
2016/03/08	1.212	1.212	1.192	1.203	494600	594374.19
2016/03/09	1.198	1.199	1.182	1.195	339700	404292.09
2016/03/10	1.192	1.199	1.192	1.196	242500	290335.50
2016/03/11	1.194	1.198	1.186	1.196	273200	325902.91
2016/03/14	1.216	1.216	1.205	1.212	580300	703006.19
2016/03/15	1.213	1.213	1.206	1.207	847600	1023690.88
2016/03/16	1.207	1.207	1.199	1.207	1648500	1983440.75
2016/03/17	1.213	1.218	1.207	1.212	762300	924427.38
2016/03/18	1.220	1.220	1.211	1.214	564100	685364.88
2016/03/21	1.217	1.232	1.217	1.223	769400	941880.13
2016/03/22	1.231	1.231	1.218	1.220	714300	872166.00
2016/03/23	1.223	1.231	1.218	1.221	1100800	1343819.75
2016/03/24	1.218	1.218	1.210	1.212	174600	211874.70
2016/03/25	1.220	1.220	1.213	1.214	203299	246885.98
2016/03/28	1.214	1.214	1.204	1.209	908500	1097047.25
2016/03/29	1.209	1.213	1.203	1.207	274800	332153.91
2016/03/30	1.219	1.220	1.214	1.217	371332	451801.06
2016/03/31	1.222	1.224	1.215	1.217	344500	419467.19
2016/04/01	1.216	1.217	1.212	1.215	211000	256255.91
2016/04/05	1.218	1.220	1.215	1.220	268700	327295.69
2016/04/06	1.207	1.218	1.207	1.218	396700	482039.50
2016/04/07	1.238	1.238	1.222	1.224	244100	299102.09
2016/04/08	1.220	1.220	1.213	1.219	132000	160630.09
2016/04/11	1.221	1.226	1.220	1.224	1065400	1304640.63
2016/04/12	1.225	1.225	1.219	1.221	148250	181012.95
2016/04/13	1.225	1.234	1.225	1.225	337100	414486.31
2016/04/14	1.238	1.238	1.230	1.233	539700	664856.63
2016/04/15	1.233	1.233	1.230	1.233	250400	308579.59
2016/04/18	1.232	1.233	1.228	1.231	564300	694689.38
2016/04/19	1.234	1.239	1.232	1.239	1843100	2276538.75
2016/04/20	1.242	1.248	1.228	1.241	957300	1185738.25
2016/04/21	1.245	1.250	1.235	1.250	762300	947733.13
2016/04/22	1.250	1.250	1.240	1.247	202100	251103.70
2016/04/25	1.245	1.245	1.236	1.241	616850	764512.69
2016/04/26	1.245	1.248	1.240	1.248	421450	524168.50
2016/04/27	1.250	1.253	1.248	1.251	963600	1204120.25
2016/04/28	1.251	1.259	1.248	1.255	688500	862271.50
2016/04/29	1.243	1.254	1.235	1.239	737700	913743.31
2016/05/03	1.238	1.245	1.232	1.245	198300	246356.59
2016/05/04	1.240	1.245	1.231	1.232	534500	661856.88
2016/05/05	1.232	1.234	1.222	1.226	890100	1091688.13
2016/05/06	1.230	1.230	1.225	1.225	198200	243028.91
2016/05/09	1.231	1.250	1.228	1.250	400400	494569.09
2016/05/10	1.249	1.256	1.236	1.246	698200	865510.81
2016/05/11	1.250	1.258	1.250	1.256	340500	427507.19
2016/05/12	1.250	1.250	1.242	1.250	372500	464988.59
2016/05/13	1.241	1.253	1.231	1.242	358000	444738.81
2016/05/16	1.226	1.237	1.226	1.235	487800	602233.19
2016/05/17	1.239	1.249	1.239	1.241	475200	590757.50
2016/05/18	1.238	1.238	1.228	1.231	342600	421678.19
2016/05/19	1.231	1.236	1.229	1.232	515100	633804.13
2016/05/20	1.232	1.232	1.228	1.230	319800	393864.09
2016/05/23	1.238	1.238	1.233	1.236	404000	498794.59
2016/05/24	1.236	1.236	1.230	1.232	192700	237470.20
2016/05/25	1.245	1.248	1.243	1.247	487200	606637.13
2016/05/26	1.249	1.257	1.249	1.254	721700	903279.31
2016/05/27	1.257	1.257	1.253	1.256	229400	287791.09
2016/05/30	1.256	1.282	1.256	1.279	1858599	2368832.50
2016/05/31	1.282	1.282	1.270	1.282	401400	513116.09
2016/06/01	1.282	1.286	1.277	1.279	290100	371610.59
2016/06/02	1.281	1.281	1.274	1.277	145100	185300.20
2016/06/03	1.278	1.290	1.263	1.274	808600	1033273.31
2016/06/06	1.274	1.275	1.263	1.266	863300	1094151.75
2016/06/07	1.272	1.274	1.265	1.270	1065600	1351812.63
2016/06/08	1.270	1.274	1.266	1.273	568200	721618.38
2016/06/13	1.265	1.265	1.255	1.258	826400	1039955.13
2016/06/14	1.251	1.259	1.251	1.259	493600	620216.81
2016/06/15	1.263	1.265	1.255	1.265	264725	333870.91
2016/06/16	1.263	1.263	1.257	1.262	202925	255726.78
2016/06/17	1.267	1.267	1.261	1.265	213450	269560.16
2016/06/20	1.275	1.275	1.263	1.275	334300	423995.88
2016/06/21	1.275	1.275	1.268	1.275	167500	213141.00
2016/06/22	1.275	1.277	1.269	1.269	449700	572445.13
2016/06/23	1.269	1.274	1.269	1.272	129800	165179.41
2016/06/24	1.276	1.285	1.240	1.259	1065500	1342264.50
2016/06/27	1.240	1.277	1.240	1.260	443650	559143.88
2016/06/28	1.259	1.260	1.222	1.256	1038800	1289639.25
2016/06/29	1.273	1.274	1.263	1.264	430200	545399.31
2016/06/30	1.269	1.285	1.269	1.285	752600	961857.75
2016/07/01	1.290	1.296	1.289	1.294	225600	291730.91
2016/07/04	1.295	1.298	1.280	1.283	1882200	2418441.00
2016/07/05	1.282	1.285	1.281	1.282	312300	400708.50
2016/07/06	1.282	1.284	1.280	1.283	269800	345886.00
2016/07/07	1.286	1.295	1.284	1.293	381400	490973.69
2016/07/08	1.293	1.300	1.287	1.299	264400	342318.09
2016/07/11	1.303	1.327	1.303	1.319	471300	620849.63
2016/07/12	1.318	1.338	1.318	1.333	557400	741399.19
2016/07/13	1.333	1.358	1.333	1.342	535100	720115.81
2016/07/14	1.353	1.353	1.337	1.337	553900	744911.13
2016/07/15	1.360	1.400	1.341	1.357	537200	731714.38
2016/07/18	1.359	1.360	1.345	1.348	462500	623853.13
2016/07/19	1.352	1.365	1.345	1.365	366100	494891.81
2016/07/20	1.360	1.365	1.352	1.361	240900	327820.00
2016/07/21	1.380	1.395	1.369	1.391	696600	966349.69
2016/07/22	1.389	1.389	1.362	1.378	704600	967554.19
2016/07/25	1.378	1.398	1.378	1.396	419700	584988.88
2016/07/26	1.392	1.400	1.375	1.400	814800	1137180.50
2016/07/27	1.405	1.405	1.361	1.392	485100	675103.81
2016/07/28	1.392	1.392	1.378	1.381	473300	655062.19
2016/07/29	1.383	1.419	1.382	1.419	487350	677463.13
2016/08/01	1.420	1.424	1.402	1.409	701100	990403.38
2016/08/02	1.411	1.421	1.403	1.420	300500	425005.59
2016/08/03	1.404	1.404	1.392	1.395	398300	555559.31
2016/08/04	1.398	1.400	1.388	1.390	314900	439001.81
2016/08/05	1.390	1.392	1.385	1.387	392300	544895.19
2016/08/08	1.409	1.409	1.392	1.404	478800	670592.38
2016/08/09	1.403	1.404	1.396	1.404	377000	527809.88
2016/08/10	1.405	1.409	1.400	1.400	358100	503086.50
2016/08/11	1.407	1.407	1.390	1.394	820200	1143015.63
2016/08/12	1.398	1.405	1.380	1.388	508400	709825.31
2016/08/15	1.389	1.398	1.388	1.390	595400	828248.00
2016/08/16	1.410	1.413	1.383	1.386	561850	780577.00
2016/08/17	1.380	1.383	1.370	1.374	1034850	1421115.00
2016/08/18	1.374	1.383	1.374	1.376	477200	657400.00
2016/08/19	1.388	1.388	1.373	1.378	373850	514727.00
2016/08/22	1.374	1.380	1.373	1.380	291800	401901.00
2016/08/23	1.380	1.380	1.374	1.380	187200	258042.00
2016/08/24	1.380	1.387	1.376	1.387	273600	378788.00
2016/08/25	1.387	1.387	1.376	1.384	210400	290967.00
2016/08/26	1.386	1.387	1.384	1.385	134400	186129.00
2016/08/29	1.385	1.385	1.374	1.382	100100	138466.00
2016/08/30	1.382	1.400	1.382	1.398	527800	736747.00
2016/08/31	1.398	1.406	1.392	1.405	299250	418910.00
2016/09/01	1.405	1.406	1.400	1.401	312200	437876.00
2016/09/02	1.405	1.405	1.399	1.404	179500	251481.00
2016/09/05	1.404	1.419	1.404	1.419	303700	429448.00
2016/09/06	1.419	1.450	1.419	1.445	446900	642541.00
2016/09/07	1.445	1.460	1.445	1.451	401900	585143.00
2016/09/08	1.451	1.458	1.441	1.449	212800	307877.00
2016/09/09	1.449	1.449	1.435	1.443	267500	385783.00
2016/09/12	1.430	1.430	1.391	1.404	1021100	1431479.00
2016/09/13	1.414	1.439	1.414	1.417	336500	478710.00
2016/09/14	1.425	1.425	1.402	1.415	263749	371886.00
2016/09/19	1.420	1.427	1.410	1.424	422000	599831.00
2016/09/20	1.425	1.425	1.409	1.423	149149	211564.00
2016/09/21	1.421	1.480	1.421	1.441	336400	486787.00
2016/09/22	1.443	1.463	1.443	1.453	294800	429377.00
2016/09/23	1.467	1.467	1.458	1.465	336800	492406.00
2016/09/26	1.459	1.459	1.442	1.447	423800	613954.00
2016/09/27	1.441	1.449	1.430	1.446	428800	618192.00
2016/09/28	1.446	1.457	1.430	1.445	229300	331688.00
2016/09/29	1.445	1.459	1.433	1.435	589400	848156.00
2016/09/30	1.435	1.450	1.434	1.449	443000	639143.00
2016/10/10	1.449	1.464	1.449	1.464	687000	1002879.00
2016/10/11	1.464	1.484	1.464	1.477	497000	733903.00
2016/10/12	1.466	1.484	1.460	1.477	252100	372429.00
2016/10/13	1.482	1.509	1.480	1.508	543700	812244.00
2016/10/14	1.497	1.525	1.491	1.521	628700	950761.00
2016/10/17	1.521	1.521	1.492	1.506	904700	1363988.00
2016/10/18	1.505	1.520	1.501	1.507	301700	455502.00
2016/10/19	1.510	1.515	1.501	1.510	435100	656688.00
2016/10/20	1.509	1.517	1.508	1.512	560400	848352.00
2016/10/21	1.512	1.530	1.512	1.514	663500	1009366.00
2016/10/24	1.514	1.517	1.510	1.516	568200	860324.00
2016/10/25	1.535	1.540	1.518	1.521	422300	642948.00
2016/10/26	1.520	1.524	1.516	1.520	661100	1004998.00
2016/10/27	1.520	1.520	1.508	1.511	462300	699049.00
2016/10/28	1.511	1.511	1.502	1.506	269600	405798.00
2016/10/31	1.506	1.515	1.495	1.510	431000	650805.00
2016/11/01	1.510	1.517	1.510	1.513	447900	677870.00
2016/11/02	1.512	1.562	1.503	1.505	367800	557830.00
2016/11/03	1.506	1.506	1.481	1.498	362900	542324.00
2016/11/04	1.497	1.498	1.481	1.488	426600	636105.00
2016/11/07	1.485	1.507	1.476	1.505	839900	1254247.00
2016/11/08	1.511	1.540	1.505	1.515	1557200	2363633.00
2016/11/09	1.516	1.523	1.441	1.471	2665400	3941426.00
2016/11/10	1.500	1.518	1.487	1.503	1417100	2127478.00
2016/11/11	1.503	1.503	1.477	1.497	559300	832900.00
2016/11/14	1.497	1.503	1.490	1.495	715300	1071588.00
2016/11/15	1.497	1.506	1.495	1.499	547900	822461.00
2016/11/16	1.501	1.584	1.501	1.539	1724400	2672375.00
2016/11/17	1.539	1.569	1.532	1.549	444000	688185.00
2016/11/18	1.561	1.570	1.551	1.560	19806600	30816928.00
2016/11/21	1.560	1.570	1.552	1.558	499200	777813.00
2016/11/22	1.559	1.581	1.559	1.579	1136800	1793067.00
2016/11/23	1.580	1.598	1.580	1.595	7383200	11767004.00
2016/11/24	1.594	1.688	1.594	1.666	2199000	3639932.00
2016/11/25	1.680	1.832	1.672	1.697	3167400	5478257.00
2016/11/28	1.700	1.750	1.650	1.666	2403900	4027218.00
2016/11/29	1.666	1.667	1.633	1.644	1823550	3002884.00
2016/11/30	1.644	1.679	1.642	1.666	936100	1551403.00
2016/12/01	1.666	1.685	1.656	1.683	943900	1579347.00
2016/12/02	1.678	1.682	1.665	1.680	673900	1127544.00
2016/12/05	1.680	1.739	1.676	1.735	1703400	2926444.00
2016/12/06	1.754	1.845	1.754	1.779	2332200	4158404.00
2016/12/07	1.783	1.839	1.783	1.830	2845900	5197374.00
2016/12/08	1.880	1.925	1.798	1.800	5415580	10166673.00
2016/12/09	1.790	1.810	1.733	1.760	3324300	5878440.00
2016/12/12	1.761	1.818	1.761	1.798	2608978	4688977.00
2016/12/13	1.798	1.899	1.795	1.872	2922832	5356978.00
2016/12/14	1.879	1.899	1.837	1.842	2942400	5493528.00
2016/12/15	1.840	1.840	1.741	1.795	2495800	4448346.00
2016/12/16	1.803	1.855	1.803	1.842	2686278	4932954.00
2016/12/19	1.842	1.950	1.842	1.876	6003650	11288633.00
2016/12/20	1.918	1.920	1.878	1.897	3718350	7069928.00
2016/12/21	1.905	1.996	1.905	1.982	15333332	29654694.00
2016/12/22	1.970	1.970	1.935	1.970	27720300	54385336.00
2016/12/23	1.962	1.974	1.900	1.904	180422700	354297760.00
2016/12/26	1.876	1.946	1.870	1.911	2245494	4293699.00
2016/12/27	1.912	1.928	1.823	1.840	3869894	7215951.00
2016/12/28	1.812	1.819	1.656	1.677	10448349	17864564.00
2016/12/29	1.550	1.640	1.530	1.615	4245783	6798477.00
2016/12/30	1.614	1.614	1.556	1.577	5959300	9398911.00
2017/01/03	1.435	1.488	1.435	1.451	23893698	34901232.00
2017/01/04	1.457	1.464	1.453	1.462	17719249	25824142.00
2017/01/05	1.466	1.478	1.457	1.462	15529100	22703012.00
2017/01/06	1.457	1.460	1.452	1.455	9350900	13628932.00
2017/01/09	1.457	1.462	1.457	1.459	4344669	6336156.00
2017/01/10	1.459	1.459	1.445	1.452	5291000	7666724.00
2017/01/11	1.452	1.453	1.447	1.451	2857617	4146148.00
2017/01/12	1.455	1.458	1.452	1.453	3824000	5559594.00
2017/01/13	1.450	1.455	1.448	1.454	4205400	6107339.00
2017/01/16	1.452	1.455	1.450	1.454	3235900	4702542.00
2017/01/17	1.454	1.454	1.439	1.442	3503600	5062078.00
2017/01/18	1.441	1.462	1.434	1.447	5682100	8210146.00
2017/01/19	1.449	1.450	1.442	1.443	2667300	3858044.00
2017/01/20	1.442	1.442	1.437	1.439	2840800	4086172.00
2017/01/23	1.439	1.443	1.431	1.433	4249900	6103020.00
2017/01/24	1.434	1.438	1.430	1.431	3072100	4400145.00
2017/01/25	1.438	1.451	1.437	1.446	4826390	6968992.00
2017/01/26	1.460	1.465	1.442	1.458	10973261	15963092.00
2017/02/03	1.447	1.448	1.440	1.446	3721900	5372180.00
2017/02/06	1.454	1.459	1.453	1.459	3518990	5124574.00
2017/02/07	1.457	1.457	1.454	1.456	2069500	3012580.00
2017/02/08	1.457	1.462	1.455	1.461	2980850	4349491.00
2017/02/09	1.459	1.460	1.455	1.455	2830300	4124434.00
2017/02/10	1.464	1.473	1.463	1.472	8376700	12299317.00
2017/02/13	1.476	1.486	1.474	1.481	3464600	5118778.00
2017/02/14	1.486	1.487	1.478	1.480	4270800	6333770.00
2017/02/15	1.485	1.490	1.485	1.488	5267000	7836165.00
2017/02/16	1.498	1.498	1.486	1.488	7884400	11755841.00
2017/02/17	1.488	1.488	1.482	1.485	2950200	4378487.00
2017/02/20	1.486	1.490	1.483	1.490	5743300	8536775.00
2017/02/21	1.492	1.493	1.487	1.489	2347800	3495579.00
2017/02/22	1.497	1.503	1.494	1.503	6416700	9618750.00
2017/02/23	1.503	1.509	1.501	1.507	3530001	5315647.00
2017/02/24	1.510	1.510	1.506	1.509	4312000	6504150.00
2017/02/27	1.510	1.510	1.502	1.508	1878002	2831386.00
2017/02/28	1.508	1.521	1.508	1.519	5534800	8389155.00
2017/03/01	1.514	1.543	1.511	1.541	3971100	6076359.00
2017/03/02	1.568	1.688	1.568	1.623	19421800	31653064.00
2017/03/03	1.600	1.640	1.600	1.630	6911300	11216002.00
2017/03/06	1.630	1.684	1.630	1.678	8246600	13754195.00
2017/03/07	1.667	1.694	1.580	1.628	14578502	23934400.00
2017/03/08	1.625	1.628	1.583	1.595	9168700	14631571.00
2017/03/09	1.595	1.596	1.546	1.556	9382300	14668206.00
2017/03/10	1.548	1.614	1.548	1.590	8762200	13916238.00
2017/03/13	1.601	1.633	1.596	1.603	6713300	10799089.00
2017/03/14	1.607	1.619	1.607	1.617	2813601	4537711.00
2017/03/15	1.613	1.613	1.580	1.594	4254603	6764274.00
2017/03/16	1.630	1.659	1.611	1.613	7016600	11418878.00
2017/03/17	1.609	1.620	1.601	1.611	2364900	3814159.00
2017/03/20	1.610	1.616	1.608	1.612	1444800	2327440.00
2017/03/21	1.609	1.616	1.602	1.615	2190901	3525922.00
2017/03/22	1.579	1.587	1.549	1.555	8516700	13356283.00
2017/03/23	1.570	1.572	1.553	1.555	2731300	4255524.00
2017/03/24	1.551	1.554	1.535	1.542	3078900	4742190.00
2017/03/27	1.541	1.542	1.518	1.521	3650100	5564398.00
2017/03/28	1.521	1.541	1.521	1.538	1811305	2780710.00
2017/03/29	1.553	1.557	1.540	1.553	1970600	3059276.00
2017/03/30	1.555	1.559	1.541	1.547	1820500	2820406.00
2017/03/31	1.554	1.593	1.549	1.574	4806000	7555641.00
2017/04/05	1.574	1.577	1.559	1.564	2134761	3340857.00
2017/04/06	1.564	1.564	1.532	1.549	2459100	3795266.00
2017/04/07	1.553	1.553	1.541	1.543	2206000	3407659.00
2017/04/10	1.542	1.546	1.540	1.546	1093200	1687513.00
2017/04/11	1.549	1.551	1.534	1.540	1652300	2549366.00
2017/04/12	1.540	1.540	1.530	1.534	1236400	1895806.00
2017/04/13	1.530	1.530	1.525	1.529	847600	1295018.00
2017/04/14	1.527	1.527	1.512	1.515	1794300	2721101.00
2017/04/17	1.515	1.515	1.498	1.507	1586400	2387983.00
2017/04/18	1.516	1.542	1.516	1.535	1723800	2642287.00
2017/04/19	1.532	1.532	1.513	1.522	1602300	2437174.00
2017/04/20	1.522	1.522	1.509	1.517	1679900	2546553.00
2017/04/21	1.535	1.535	1.527	1.528	2405000	3682870.00
2017/04/24	1.530	1.549	1.529	1.536	2656190	4082316.00
2017/04/25	1.549	1.559	1.543	1.559	5780232	8975021.00
2017/04/26	1.569	1.585	1.565	1.568	2667500	4190712.00
2017/04/27	1.565	1.565	1.536	1.541	3180600	4916787.00
2017/04/28	1.550	1.553	1.540	1.553	1506700	2331461.00
2017/05/02	1.557	1.557	1.549	1.552	2025200	3145183.00
2017/05/03	1.555	1.555	1.548	1.550	1393500	2163607.00
2017/05/04	1.550	1.550	1.542	1.547	731400	1130361.00
2017/05/05	1.549	1.549	1.539	1.544	1039000	1602359.00
2017/05/08	1.557	1.560	1.550	1.559	3504600	5455034.00
2017/05/09	1.558	1.560	1.546	1.553	1875800	2911163.00
2017/05/10	1.554	1.554	1.546	1.548	1398300	2167693.00
2017/05/11	1.549	1.557	1.549	1.554	841000	1307032.00
2017/05/12	1.552	1.552	1.540	1.543	1462200	2256175.00
2017/05/15	1.543	1.544	1.536	1.544	1024000	1578524.00
2017/05/16	1.552	1.555	1.550	1.552	3069200	4765273.00
2017/05/17	1.550	1.550	1.531	1.533	3257400	5003108.00
2017/05/18	1.498	1.517	1.491	1.507	6487090	9747921.00
2017/05/19	1.509	1.519	1.505	1.506	1791900	2703552.00
2017/05/22	1.512	1.522	1.509	1.520	3369300	5102906.00
2017/05/23	1.531	1.538	1.519	1.523	1943100	2961047.00
2017/05/24	1.524	1.528	1.516	1.524	3469000	5283899.00
2017/05/25	1.525	1.535	1.525	1.533	1553200	2378433.00
2017/05/26	1.536	1.547	1.536	1.546	1726101	2666032.00
2017/05/31	1.546	1.546	1.526	1.530	2625700	4022933.00
2017/06/01	1.530	1.531	1.522	1.523	2104700	3216197.00
2017/06/02	1.549	1.549	1.532	1.542	4894356	7538642.00
2017/06/05	1.548	1.548	1.533	1.536	2605200	4001456.00
2017/06/06	1.532	1.534	1.526	1.533	1080400	1653323.00
2017/06/07	1.527	1.532	1.527	1.529	1237300	1891007.00
2017/06/08	1.529	1.530	1.525	1.528	1000400	1527845.00
2017/06/09	1.529	1.529	1.525	1.528	1138800	1738881.00
2017/06/12	1.527	1.529	1.519	1.524	998600	1523234.00
2017/06/13	1.520	1.529	1.520	1.529	2214900	3375381.00
2017/06/14	1.529	1.535	1.527	1.529	917900	1404887.00
2017/06/15	1.530	1.531	1.525	1.531	1570700	2400822.00
2017/06/16	1.529	1.533	1.525	1.533	1079989	1652133.00
2017/06/19	1.532	1.534	1.528	1.534	759600	1163027.00
2017/06/20	1.548	1.548	1.541	1.547	2577800	3985347.00
2017/06/21	1.538	1.538	1.532	1.535	811000	1243852.00
2017/06/22	1.535	1.537	1.528	1.535	1400400	2146951.00
2017/06/23	1.531	1.538	1.531	1.538	311900	479142.00
2017/06/26	1.539	1.540	1.535	1.537	1407900	2163807.00
2017/06/27	1.535	1.539	1.535	1.538	531400	816978.00
2017/06/28	1.529	1.529	1.519	1.525	1428300	2175516.00
2017/06/29	1.534	1.539	1.529	1.530	3237200	4960935.00
2017/06/30	1.518	1.521	1.513	1.521	961900	1458615.00
2017/07/03	1.519	1.522	1.517	1.520	970400	1474046.00
2017/07/04	1.521	1.522	1.518	1.521	878300	1335117.00
2017/07/05	1.521	1.524	1.520	1.523	386500	588326.00
2017/07/06	1.525	1.525	1.521	1.523	402800	613296.00
2017/07/07	1.518	1.518	1.508	1.515	1059600	1601625.00
2017/07/10	1.521	1.522	1.516	1.521	857100	1302126.00
2017/07/11	1.522	1.525	1.520	1.522	410600	625078.00
2017/07/12	1.522	1.522	1.517	1.520	357900	543775.00
2017/07/13	1.529	1.532	1.527	1.530	687100	1050875.00
2017/07/14	1.530	1.532	1.526	1.528	540700	826435.00
2017/07/17	1.532	1.535	1.530	1.533	1775502	2722925.00
2017/07/18	1.533	1.534	1.530	1.534	337200	516725.00
2017/07/19	1.535	1.543	1.531	1.538	2191756	3372713.00
2017/07/20	1.542	1.548	1.542	1.545	1103400	1703844.00
2017/07/21	1.541	1.545	1.538	1.541	673400	1038156.00
2017/07/24	1.539	1.541	1.529	1.538	850000	1305067.00
2017/07/25	1.537	1.539	1.533	1.537	464700	713832.00
2017/07/26	1.539	1.542	1.537	1.540	404700	623311.00
2017/07/27	1.541	1.541	1.532	1.536	1252700	1923380.00
2017/07/28	1.534	1.544	1.529	1.535	1183600	1817236.00
2017/07/31	1.535	1.541	1.529	1.536	1007517	1545421.00
2017/08/01	1.535	1.539	1.532	1.532	1625900	2491771.00
2017/08/02	1.533	1.537	1.531	1.535	1230256	1886156.00
2017/08/03	1.535	1.535	1.529	1.530	522900	800612.00
2017/08/04	1.530	1.530	1.526	1.527	548800	838171.00
2017/08/07	1.528	1.543	1.528	1.539	1506595	2317012.00
2017/08/08	1.539	1.541	1.535	1.539	402500	619616.00
2017/08/09	1.539	1.539	1.531	1.531	787300	1206580.00
2017/08/10	1.526	1.530	1.526	1.527	469401	716883.00
2017/08/11	1.515	1.516	1.505	1.513	988400	1494251.00
2017/08/14	1.518	1.519	1.511	1.518	398300	603826.00
2017/08/15	1.529	1.529	1.523	1.523	330800	504693.00
2017/08/16	1.523	1.528	1.518	1.519	1400200	2127592.00
2017/08/17	1.524	1.524	1.518	1.518	167700	255097.00
2017/08/18	1.501	1.510	1.499	1.505	1536900	2309070.00
2017/08/21	1.507	1.507	1.497	1.503	1116500	1675490.00
2017/08/22	1.502	1.505	1.498	1.504	463000	695388.00
2017/08/23	1.504	1.513	1.504	1.510	716900	1082044.00
2017/08/24	1.509	1.509	1.501	1.502	343200	515711.00
2017/08/25	1.500	1.503	1.497	1.502	593900	891204.00
2017/08/28	1.500	1.503	1.496	1.502	1240300	1859462.00
2017/08/29	1.502	1.502	1.493	1.494	1156900	1730604.00
2017/08/30	1.496	1.496	1.492	1.494	592900	885474.00
2017/08/31	1.497	1.499	1.495	1.497	1354900	2027890.00
2017/09/01	1.501	1.504	1.499	1.504	969900	1455652.00
2017/09/04	1.503	1.505	1.500	1.503	1584100	2379163.00
2017/09/05	1.503	1.503	1.498	1.500	776200	1164061.00
2017/09/06	1.497	1.497	1.490	1.497	788400	1177021.00
2017/09/07	1.497	1.497	1.492	1.495	434100	648396.00
2017/09/08	1.497	1.498	1.493	1.493	957800	1432748.00
2017/09/11	1.495	1.500	1.495	1.495	735900	1101655.00
2017/09/12	1.503	1.515	1.502	1.503	2494900	3764898.00
2017/09/13	1.505	1.505	1.501	1.503	358500	538581.00
2017/09/14	1.504	1.507	1.500	1.505	2682100	4030959.00
2017/09/15	1.501	1.510	1.501	1.507	1337300	2013234.00
2017/09/18	1.509	1.515	1.509	1.512	954000	1443677.00
2017/09/19	1.511	1.515	1.511	1.515	506900	767266.00
2017/09/20	1.515	1.518	1.515	1.518	721600	1094545.00
2017/09/21	1.519	1.522	1.518	1.522	684800	1041040.00
2017/09/22	1.525	1.525	1.518	1.521	1336000	2033552.00
2017/09/25	1.521	1.524	1.516	1.516	512300	778718.00
2017/09/26	1.516	1.518	1.512	1.518	1746200	2645773.00
2017/09/27	1.515	1.522	1.515	1.520	646500	982365.00
2017/09/28	1.527	1.531	1.527	1.529	1122800	1716354.00
2017/09/29	1.532	1.539	1.532	1.539	510300	784512.00
2017/10/09	1.561	1.567	1.552	1.560	3088800	4807658.00
2017/10/10	1.560	1.563	1.550	1.559	927732	1444400.00
2017/10/11	1.559	1.571	1.559	1.567	1252500	1962759.00
2017/10/12	1.567	1.572	1.567	1.569	508000	797976.00
2017/10/13	1.568	1.568	1.555	1.558	749600	1168300.00
2017/10/16	1.559	1.562	1.558	1.559	380100	593037.00
2017/10/17	1.559	1.564	1.559	1.563	486100	758777.00
2017/10/18	1.567	1.567	1.558	1.561	538400	839808.00
2017/10/19	1.565	1.565	1.559	1.560	752400	1175392.00
2017/10/20	1.560	1.570	1.560	1.568	1330400	2081990.00
2017/10/23	1.572	1.578	1.569	1.574	392300	617470.00
2017/10/24	1.574	1.574	1.566	1.570	437500	686685.00
2017/10/25	1.570	1.577	1.570	1.577	640105	1008408.00
2017/10/26	1.569	1.574	1.567	1.569	490800	769712.00
2017/10/27	1.570	1.576	1.570	1.576	1404500	2210122.00
2017/10/30	1.585	1.590	1.581	1.587	689400	1093449.00
2017/10/31	1.590	1.592	1.584	1.585	426900	677392.00
2017/11/01	1.590	1.591	1.588	1.591	894000	1420946.00
2017/11/02	1.592	1.593	1.586	1.591	996500	1584045.00
2017/11/03	1.596	1.615	1.591	1.600	727500	1165601.00
2017/11/06	1.620	1.621	1.590	1.606	2805700	4505928.00
2017/11/07	1.605	1.606	1.591	1.595	1455500	2324693.00
2017/11/08	1.590	1.595	1.589	1.591	750600	1194353.00
2017/11/09	1.590	1.599	1.587	1.593	1192400	1899290.00
2017/11/10	1.577	1.586	1.577	1.583	2272900	3593011.00
2017/11/13	1.582	1.586	1.579	1.583	1633800	2583397.00
2017/11/14	1.585	1.588	1.584	1.585	986800	1564338.00
2017/11/15	1.584	1.585	1.574	1.574	919200	1450235.00
2017/11/16	1.571	1.573	1.563	1.572	1172000	1839718.00
2017/11/17	1.582	1.586	1.581	1.584	775600	1228374.00
2017/11/20	1.584	1.585	1.577	1.579	701500	1110560.00
2017/11/21	1.580	1.585	1.580	1.584	928300	1468470.00
2017/11/22	1.590	1.600	1.588	1.589	885200	1409145.00
2017/11/23	1.592	1.592	1.583	1.586	1344500	2135675.00
2017/11/24	1.584	1.589	1.577	1.587	542600	859717.00
2017/11/27	1.587	1.591	1.586	1.587	1251940	1989127.00
2017/11/28	1.587	1.591	1.583	1.589	1161100	1844780.00
2017/11/29	1.598	1.605	1.598	1.603	4610300	7383263.00
2017/11/30	1.601	1.603	1.600	1.602	1084000	1735563.00
2017/12/01	1.619	1.619	1.611	1.615	1952500	3152888.00
2017/12/04	1.630	1.680	1.625	1.659	7005900	11561591.00
2017/12/05	1.650	1.650	1.619	1.630	3173400	5182256.00
2017/12/06	1.627	1.627	1.605	1.614	3059800	4924189.00
2017/12/07	1.612	1.620	1.612	1.613	1071500	1730503.00
2017/12/08	1.618	1.629	1.617	1.628	2818400	4570552.00
2017/12/11	1.634	1.643	1.629	1.636	1577300	2577679.00
2017/12/12	1.642	1.645	1.638	1.641	832100	1366576.00
2017/12/13	1.644	1.648	1.639	1.643	1141700	1876839.00
2017/12/14	1.643	1.646	1.641	1.644	490200	805435.00
2017/12/15	1.639	1.639	1.630	1.630	898200	1465644.00
2017/12/18	1.647	1.647	1.638	1.645	1806200	2964895.00
2017/12/19	1.650	1.659	1.650	1.659	854200	1414614.00
2017/12/20	1.655	1.655	1.648	1.651	752000	1240154.00
2017/12/21	1.650	1.650	1.642	1.644	1076200	1768798.00
2017/12/22	1.647	1.649	1.644	1.647	695600	1145639.00
2017/12/25	1.647	1.652	1.640	1.645	1084300	1781760.00
2017/12/26	1.647	1.648	1.637	1.645	1012600	1664997.00
2017/12/27	1.647	1.647	1.639	1.644	1440400	2366149.00
2017/12/28	1.645	1.645	1.633	1.634	1628400	2666584.00
2017/12/29	1.634	1.636	1.631	1.634	1190500	1944347.00
2018/01/02	1.631	1.631	1.620	1.627	1340950	2178695.00
2018/01/03	1.637	1.639	1.632	1.635	2419300	3954843.00
2018/01/04	1.642	1.643	1.636	1.638	1887800	3094072.00
2018/01/05	1.641	1.645	1.639	1.639	1676400	2750116.00
2018/01/08	1.647	1.652	1.645	1.652	1517700	2502812.00
2018/01/09	1.648	1.652	1.647	1.652	3581932	5910198.00
2018/01/10	1.653	1.659	1.653	1.657	1318600	2184610.00
2018/01/11	1.657	1.658	1.654	1.657	1302000	2155374.00
2018/01/12	1.666	1.675	1.666	1.675	1339800	2238260.00
2018/01/15	1.677	1.689	1.677	1.682	2046200	3443468.00
2018/01/16	1.682	1.683	1.679	1.681	1089200	1829822.00
2018/01/17	1.661	1.680	1.661	1.669	2192900	3657110.00
2018/01/18	1.678	1.689	1.678	1.681	1865300	3137623.00
2018/01/19	1.677	1.678	1.667	1.668	2092200	3495267.00
2018/01/22	1.670	1.677	1.670	1.674	1052800	1762921.00
2018/01/23	1.680	1.697	1.680	1.692	1367100	2309170.00
2018/01/24	1.693	1.697	1.689	1.692	1165700	1971348.00
2018/01/25	1.684	1.689	1.680	1.684	1652100	2782010.00
2018/01/26	1.685	1.685	1.682	1.684	1454400	2449065.00
2018/01/29	1.692	1.700	1.692	1.696	2798700	4752735.00
2018/01/30	1.680	1.688	1.680	1.682	1387200	2336472.00
2018/01/31	1.670	1.670	1.657	1.666	1247300	2074219.00
2018/02/01	1.665	1.676	1.665	1.670	1653900	2762821.00
2018/02/02	1.667	1.667	1.656	1.656	981500	1628013.00
2018/02/05	1.613	1.617	1.606	1.611	4151040	6680532.00
2018/02/06	1.557	1.557	1.509	1.518	11758440	17834268.00
2018/02/07	1.551	1.560	1.540	1.543	3832500	5944589.00
2018/02/08	1.543	1.570	1.525	1.562	3209100	4973285.00
2018/02/09	1.512	1.550	1.503	1.513	8984001	13599784.00
2018/02/12	1.530	1.535	1.517	1.533	2629500	4019215.00
2018/02/13	1.548	1.565	1.548	1.555	1376000	2139032.00
2018/02/14	1.560	1.570	1.556	1.564	927400	1446534.00
2018/02/22	1.585	1.585	1.571	1.577	910000	1433039.00
2018/02/23	1.577	1.589	1.577	1.588	1069100	1694164.00
2018/02/26	1.610	1.624	1.609	1.622	867100	1401656.00
2018/02/27	1.640	1.642	1.630	1.635	1230200	2012638.00
2018/02/28	1.613	1.623	1.607	1.623	991200	1598163.00
2018/03/01	1.613	1.613	1.585	1.602	2064000	3301388.00
2018/03/02	1.582	1.583	1.575	1.576	954700	1507640.00
2018/03/05	1.580	1.582	1.576	1.579	671500	1060459.00
2018/03/06	1.599	1.600	1.594	1.596	819900	1308902.00
2018/03/07	1.596	1.596	1.583	1.589	895500	1422683.00
2018/03/08	1.596	1.600	1.594	1.599	968100	1546108.00
2018/03/09	1.605	1.610	1.602	1.610	1428300	2292448.00
2018/03/12	1.637	1.642	1.632	1.640	1284201	2101709.00
2018/03/13	1.638	1.638	1.628	1.630	656100	1071436.00
2018/03/14	1.613	1.621	1.613	1.621	423301	684136.00
2018/03/15	1.614	1.622	1.611	1.620	418001	676858.00
2018/03/16	1.620	1.622	1.604	1.611	690000	1114538.00
2018/03/19	1.611	1.613	1.609	1.610	517200	832895.00
2018/03/20	1.588	1.595	1.588	1.594	696500	1107993.00
2018/03/21	1.594	1.600	1.594	1.598	609100	973209.00
2018/03/22	1.596	1.603	1.594	1.600	299400	478383.00
2018/03/23	1.579	1.579	1.543	1.558	3702300	5754176.00
2018/03/26	1.527	1.544	1.520	1.541	2510600	3837689.00
2018/03/27	1.559	1.565	1.556	1.561	1325700	2067558.00
2018/03/28	1.540	1.542	1.526	1.535	2510100	3855761.00
2018/03/29	1.534	1.535	1.524	1.534	1490500	2277170.00
2018/03/30	1.542	1.545	1.532	1.538	1712700	2634154.00
2018/04/02	1.539	1.539	1.534	1.538	537000	825055.00
2018/04/03	1.503	1.525	1.503	1.514	1206600	1822782.00
2018/04/04	1.520	1.526	1.517	1.520	906000	1377613.00
2018/04/09	1.520	1.527	1.520	1.526	2307000	3514759.00
2018/04/10	1.526	1.542	1.524	1.541	1676500	2571690.00
2018/04/11	1.553	1.555	1.539	1.540	1196100	1849929.00
2018/04/12	1.547	1.548	1.537	1.538	519000	800732.00
2018/04/13	1.546	1.552	1.543	1.551	1235100	1910734.00
2018/04/16	1.548	1.550	1.541	1.543	1386700	2141705.00
2018/04/17	1.555	1.559	1.550	1.558	2687700	4175938.00
2018/04/18	1.569	1.575	1.568	1.573	3228800	5073121.00
2018/04/19	1.577	1.577	1.569	1.570	2076200	3265336.00
2018/04/20	1.567	1.570	1.561	1.567	685100	1072624.00
2018/04/23	1.568	1.568	1.554	1.556	1092100	1699107.00
2018/04/24	1.556	1.565	1.556	1.564	262300	409826.00
2018/04/25	1.555	1.555	1.540	1.544	919100	1418679.00
2018/04/26	1.546	1.557	1.542	1.543	815400	1262058.00
2018/04/27	1.559	1.573	1.552	1.571	926400	1444988.00
2018/05/02	1.560	1.567	1.557	1.565	614700	960220.00
2018/05/03	1.565	1.565	1.556	1.560	709500	1106754.00
2018/05/04	1.562	1.566	1.556	1.561	1533000	2391638.00
2018/05/07	1.569	1.575	1.569	1.575	1334700	2099657.00
2018/05/08	1.575	1.579	1.573	1.574	1799200	2835109.00
2018/05/09	1.584	1.584	1.572	1.573	697000	1097692.00
2018/05/10	1.589	1.589	1.584	1.587	808800	1283737.00
2018/05/11	1.599	1.601	1.594	1.596	1012600	1616127.00
2018/05/14	1.596	1.608	1.596	1.607	1563800	2505320.00
2018/05/15	1.606	1.606	1.597	1.598	885900	1417831.00
2018/05/16	1.590	1.598	1.590	1.595	822000	1310630.00
2018/05/17	1.597	1.602	1.597	1.599	400000	639746.00
2018/05/18	1.600	1.604	1.600	1.600	557400	892995.00
2018/05/21	1.605	1.629	1.605	1.628	911800	1474511.00
2018/05/22	1.625	1.627	1.620	1.623	516300	838611.00
2018/05/23	1.622	1.622	1.611	1.612	1572900	2544480.00
2018/05/24	1.614	1.621	1.614	1.620	1995300	3230858.00
2018/05/25	1.623	1.623	1.615	1.621	1512300	2447764.00
2018/05/28	1.624	1.630	1.621	1.628	681100	1107465.00
2018/05/29	1.628	1.628	1.615	1.618	229400	371510.00
2018/05/30	1.614	1.614	1.558	1.597	2354600	3731553.00
2018/05/31	1.612	1.616	1.610	1.614	413600	666784.00
2018/06/01	1.614	1.614	1.601	1.607	545600	875754.00
2018/06/04	1.617	1.631	1.617	1.629	1085600	1767225.00
2018/06/05	1.633	1.645	1.632	1.639	602100	986812.00
2018/06/06	1.639	1.642	1.636	1.636	657500	1078104.00
2018/06/07	1.646	1.650	1.645	1.648	1324400	2181773.00
2018/06/08	1.648	1.648	1.632	1.643	1378600	2263893.00
2018/06/11	1.645	1.657	1.645	1.657	1453900	2403337.00
2018/06/12	1.657	1.670	1.654	1.668	1172400	1951183.00
2018/06/13	1.667	1.675	1.664	1.671	1047500	1751140.00
2018/06/14	1.668	1.668	1.659	1.660	1261900	2096415.00
2018/06/15	1.662	1.675	1.662	1.673	998100	1668268.00
2018/06/19	1.668	1.668	1.635	1.638	1563400	2578158.00
2018/06/20	1.635	1.658	1.635	1.654	2006900	3302305.00
2018/06/21	1.658	1.676	1.658	1.673	1310300	2183363.00
2018/06/22	1.660	1.667	1.647	1.664	1262600	2096162.00
2018/06/25	1.664	1.690	1.659	1.678	1314200	2201221.00
2018/06/26	1.662	1.662	1.644	1.661	1315700	2172476.00
2018/06/27	1.657	1.667	1.641	1.647	2195000	3623278.00
2018/06/28	1.637	1.655	1.637	1.640	1326000	2175530.00
2018/06/29	1.655	1.683	1.654	1.670	1161400	1936199.00
2018/07/02	1.675	1.685	1.660	1.660	1259600	2105452.00
2018/07/03	1.677	1.690	1.677	1.689	2393200	4034887.00
2018/07/04	1.678	1.678	1.665	1.671	673300	1127458.00
2018/07/05	1.667	1.698	1.663	1.687	1563800	2632438.00
2018/07/06	1.699	1.708	1.697	1.702	990450	1685372.00
2018/07/09	1.712	1.720	1.711	1.718	2075400	3562588.00
2018/07/10	1.723	1.728	1.722	1.726	2307900	3982989.00
2018/07/11	1.704	1.731	1.704	1.729	3163700	5460540.00
2018/07/12	1.729	1.742	1.709	1.741	2012400	3490662.00
2018/07/13	1.745	1.754	1.725	1.740	2310400	4030395.00
2018/07/16	1.745	1.745	1.739	1.740	904100	1574023.00
2018/07/17	1.739	1.741	1.728	1.730	1363500	2360437.00
2018/07/18	1.740	1.748	1.740	1.748	1583000	2762765.00
2018/07/19	1.750	1.761	1.748	1.760	2917600	5126090.00
2018/07/20	1.760	1.763	1.745	1.762	2132900	3753480.00
2018/07/23	1.759	1.760	1.749	1.755	3590400	6295194.00
2018/07/24	1.761	1.778	1.761	1.777	3154400	5589608.00
2018/07/25	1.779	1.785	1.776	1.777	2961100	5269560.00
2018/07/26	1.790	1.791	1.781	1.789	1785800	3191973.00
2018/07/27	1.791	1.812	1.790	1.811	6618000	11944387.00
2018/07/30	1.806	1.806	1.785	1.790	4200600	7520522.00
2018/07/31	1.777	1.779	1.759	1.761	6357000	11238928.00
2018/08/01	1.775	1.779	1.773	1.779	3348300	5943396.00
2018/08/02	1.778	1.782	1.770	1.773	2741300	4866266.00
2018/08/03	1.790	1.807	1.785	1.804	4723300	8499118.00
2018/08/06	1.815	1.825	1.807	1.824	13852800	25171052.00
2018/08/07	1.833	1.880	1.833	1.856	9698500	18016618.00
2018/08/08	1.859	1.859	1.827	1.830	9239500	16963096.00
2018/08/09	1.818	1.818	1.809	1.812	9023900	16353140.00
2018/08/10	1.808	1.815	1.804	1.813	6274400	11355727.00
2018/08/13	1.789	1.800	1.789	1.800	3893300	6989969.00
2018/08/14	1.796	1.807	1.796	1.804	2805500	5059342.00
2018/08/15	1.811	1.825	1.811	1.825	8858000	16125451.00
2018/08/16	1.802	1.816	1.799	1.800	10779600	19496020.00
2018/08/17	1.817	1.822	1.813	1.822	7917600	14394209.00
2018/08/20	1.825	1.830	1.812	1.821	15289000	27828952.00
2018/08/21	1.822	1.822	1.810	1.816	19358100	35134072.00
2018/08/22	1.818	1.818	1.812	1.814	7445300	13507793.00
2018/08/23	1.814	1.820	1.813	1.817	7473300	13578224.00
2018/08/24	1.816	1.820	1.813	1.814	15654700	28427688.00
2018/08/27	1.822	1.823	1.816	1.821	9615500	17488526.00
2018/08/28	1.839	1.841	1.828	1.837	16441800	30218408.00
2018/08/29	1.838	1.842	1.837	1.842	24221900	44557192.00
2018/08/30	1.844	1.851	1.844	1.850	8816200	16293474.00
2018/08/31	1.847	1.847	1.841	1.844	3706500	6828483.00
2018/09/03	1.847	1.847	1.834	1.836	8047500	14790409.00
2018/09/04	1.840	1.842	1.836	1.841	4349400	8000321.00
2018/09/05	1.839	1.839	1.833	1.833	3244800	5957023.00
2018/09/06	1.830	1.830	1.824	1.826	3238900	5918750.00
2018/09/07	1.820	1.822	1.814	1.821	8508500	15460136.00
2018/09/10	1.822	1.829	1.816	1.829	5620700	10262386.00
2018/09/11	1.833	1.836	1.829	1.835	6815900	12495509.00
2018/09/12	1.842	1.847	1.842	1.844	7581100	13984539.00
2018/09/13	1.843	1.843	1.837	1.839	3374800	6204008.00
2018/09/14	1.848	1.850	1.841	1.850	4914500	9075773.00
2018/09/17	1.848	1.853	1.848	1.850	4535800	8395523.00
2018/09/18	1.831	1.837	1.831	1.836	6715500	12305122.00
2018/09/19	1.846	1.849	1.845	1.845	5675400	10479441.00
2018/09/20	1.848	1.851	1.848	1.851	9580700	17725736.00
2018/09/21	1.862	1.866	1.862	1.865	8912100	16610054.00
2018/09/25	1.854	1.860	1.854	1.859	7026700	13042806.00
2018/09/26	1.858	1.870	1.857	1.869	13256900	24717282.00
2018/09/27	1.865	1.865	1.854	1.854	5403500	10043461.00
2018/09/28	1.857	1.859	1.854	1.858	13691500	25410920.00
2018/10/08	1.839	1.845	1.825	1.841	13135600	24175292.00
2018/10/09	1.841	1.849	1.841	1.848	9293500	17168116.00
2018/10/10	1.848	1.853	1.847	1.853	6576900	12170379.00
2018/10/11	1.780	1.793	1.748	1.763	38841900	68493680.00
2018/10/12	1.738	1.778	1.738	1.775	16643800	29302008.00
2018/10/15	1.775	1.775	1.757	1.759	9667200	17070966.00
2018/10/16	1.759	1.770	1.755	1.766	17835300	31465376.00
2018/10/17	1.800	1.804	1.797	1.802	8714000	15686787.00
2018/10/18	1.800	1.800	1.790	1.793	10709800	19208828.00
2018/10/19	1.771	1.782	1.771	1.782	10250300	18226216.00
2018/10/22	1.777	1.782	1.769	1.781	9622700	17098328.00
2018/10/23	1.770	1.770	1.754	1.755	8269300	14568007.00
2018/10/24	1.753	1.763	1.749	1.755	13058000	22932028.00
2018/10/25	1.701	1.720	1.695	1.713	18532300	31660876.00
2018/10/26	1.720	1.722	1.710	1.718	20928600	35909536.00
2018/10/29	1.712	1.713	1.705	1.708	12158400	20784188.00
2018/10/30	1.707	1.723	1.704	1.709	30768600	52673792.00
2018/10/31	1.726	1.736	1.720	1.735	11804904	20446960.00
2018/11/01	1.754	1.758	1.744	1.745	8332100	14608540.00
2018/11/02	1.751	1.764	1.747	1.763	19448400	34112292.00
2018/11/05	1.755	1.755	1.741	1.744	6594101	11496384.00
2018/11/06	1.747	1.779	1.747	1.763	30290917	53382748.00
2018/11/07	1.768	1.778	1.768	1.772	18888900	33517484.00
2018/11/08	1.804	1.821	1.802	1.807	10312200	18638672.00
2018/11/09	1.806	1.806	1.788	1.799	17111600	30792498.00
2018/11/12	1.785	1.798	1.785	1.797	5570000	9978466.00
2018/11/13	1.765	1.765	1.752	1.759	15855800	27870556.00
2018/11/14	1.759	1.762	1.758	1.760	7001800	12325910.00
2018/11/15	1.752	1.752	1.741	1.745	15588000	27199932.00
2018/11/16	1.755	1.762	1.746	1.749	69141400	121336144.00
2018/11/19	1.755	1.759	1.754	1.754	23292378	40914528.00
2018/11/20	1.723	1.735	1.723	1.729	24590600	42502280.00
2018/11/21	1.700	1.710	1.686	1.704	31073200	52770056.00
2018/11/22	1.704	1.704	1.701	1.703	2204062	3752187.00
2018/11/23	1.702	1.705	1.698	1.699	9472835	16121709.00
2018/11/26	1.698	1.704	1.693	1.703	35615200	60563232.00
2018/11/27	1.716	1.716	1.709	1.715	13783100	23596604.00
2018/11/28	1.734	1.737	1.718	1.729	36669600	63380752.00
2018/11/29	1.763	1.769	1.751	1.753	23681820	41700196.00
2018/11/30	1.753	1.762	1.753	1.762	11647400	20491964.00
2018/12/03	1.795	1.803	1.782	1.800	29073500	52294068.00
2018/12/04	1.796	1.796	1.769	1.769	18652100	33179696.00
2018/12/05	1.730	1.740	1.729	1.734	10215600	17737772.00
2018/12/06	1.720	1.720	1.708	1.709	33142200	56779536.00
2018/12/07	1.720	1.728	1.720	1.721	11217600	19341378.00
2018/12/10	1.699	1.699	1.671	1.673	34702900	58295256.00
2018/12/11	1.679	1.691	1.679	1.688	141920900	239153664.00
2018/12/12	1.690	1.714	1.686	1.696	144335000	244869728.00
2018/12/13	1.706	1.711	1.695	1.700	120062500	204130992.00
2018/12/14	1.695	1.700	1.682	1.683	34636100	58629336.00
2018/12/17	1.666	1.671	1.666	1.669	8568100	14296097.00
2018/12/18	1.636	1.638	1.627	1.633	40519603	66116616.00
2018/12/19	1.634	1.634	1.625	1.629	50767300	82722656.00
2018/12/20	1.614	1.614	1.586	1.593	75391100	120347048.00
2018/12/21	1.583	1.590	1.576	1.588	24308700	38455512.00
2018/12/24	1.559	1.560	1.549	1.555	74395300	115573976.00
2018/12/25	1.508	1.508	1.496	1.499	18409600	27611440.00
2018/12/26	1.503	1.507	1.487	1.496	69518300	103783408.00
2018/12/27	1.560	1.580	1.560	1.567	152421200	239621904.00
2018/12/28	1.578	1.588	1.575	1.576	29055600	45935236.00
2019/01/02	1.593	1.598	1.572	1.573	33915200	53656896.00
2019/01/03	1.574	1.580	1.570	1.572	22510900	35457376.00
2019/01/04	1.556	1.570	1.508	1.570	66359100	103504368.00
2019/01/07	1.607	1.617	1.602	1.607	65427400	105072912.00
2019/01/08	1.618	1.629	1.616	1.625	36208100	58809160.00
2019/01/09	1.633	1.644	1.633	1.639	94135970	154403984.00
2019/01/10	1.636	1.637	1.620	1.621	174387100	283800064.00
2019/01/11	1.640	1.640	1.633	1.635	23005100	37630120.00
2019/01/14	1.633	1.633	1.619	1.621	47801300	77520848.00
2019/01/15	1.627	1.636	1.623	1.631	63587800	103638024.00
2019/01/16	1.635	1.640	1.635	1.640	35270800	57777196.00
2019/01/17	1.640	1.640	1.632	1.632	123942300	202833328.00
2019/01/18	1.655	1.664	1.655	1.663	13016100	21608384.00
2019/01/21	1.674	1.682	1.674	1.678	51575300	86571200.00
2019/01/22	1.679	1.679	1.671	1.672	74870300	125347072.00
2019/01/23	1.660	1.664	1.656	1.659	64524000	107057336.00
2019/01/24	1.660	1.663	1.658	1.660	97985800	162703440.00
2019/01/25	1.663	1.668	1.659	1.665	83877000	139467488.00
2019/01/28	1.667	1.669	1.656	1.659	29028500	48189504.00
2019/01/29	1.651	1.654	1.646	1.650	20978500	34601176.00
2019/01/30	1.650	1.654	1.649	1.649	35561100	58750616.00
2019/01/31	1.667	1.677	1.667	1.669	28686600	47938096.00
2019/02/01	1.677	1.692	1.676	1.691	39615000	66849972.00
2019/02/11	1.690	1.701	1.688	1.698	24958800	42318032.00
2019/02/12	1.704	1.714	1.704	1.709	154155400	263604560.00
2019/02/13	1.722	1.729	1.721	1.727	43807500	75639944.00
2019/02/14	1.728	1.735	1.728	1.731	36305200	62876024.00
2019/02/15	1.722	1.725	1.718	1.720	13621600	23432776.00
2019/02/18	1.736	1.749	1.736	1.748	24222200	42292768.00
2019/02/19	1.751	1.751	1.744	1.748	45057634	78786704.00
2019/02/20	1.749	1.749	1.735	1.737	37151400	64634808.00
2019/02/21	1.739	1.745	1.738	1.744	42684200	74367504.00
2019/02/22	1.741	1.741	1.734	1.739	39409600	68437744.00
2019/02/25	1.747	1.747	1.738	1.740	34999500	60940440.00
2019/02/26	1.735	1.736	1.729	1.733	75298800	130418848.00
数据来源:通达信
