159907 中小300 日线 前复权
      日期	    开盘	    最高	    最低	    收盘	    成交量	    成交额
2011/08/10	1.043	1.069	1.043	1.051	104873903	110728200.00
2011/08/11	1.036	1.071	1.026	1.071	94631267	99846576.00
2011/08/12	1.074	1.086	1.074	1.080	32801055	35470748.00
2011/08/15	1.084	1.093	1.079	1.091	33518067	36446396.00
2011/08/16	1.093	1.095	1.081	1.088	10814823	11775449.00
2011/08/17	1.087	1.090	1.078	1.079	17223878	18637522.00
2011/08/18	1.078	1.080	1.057	1.059	12887548	13743344.00
2011/08/19	1.041	1.053	1.040	1.051	5896916	6176906.50
2011/08/22	1.049	1.062	1.040	1.045	5114098	5385289.50
2011/08/23	1.046	1.056	1.043	1.055	1866565	1959776.38
2011/08/24	1.058	1.072	1.056	1.060	5799982	6173462.00
2011/08/25	1.060	1.080	1.059	1.079	10891825	11641563.00
2011/08/26	1.070	1.082	1.070	1.080	6322625	6810411.50
2011/08/29	1.074	1.080	1.067	1.071	8422777	9050103.00
2011/08/30	1.071	1.083	1.061	1.062	5610015	6035905.50
2011/08/31	1.062	1.065	1.045	1.055	12237195	12889400.00
2011/09/01	1.057	1.062	1.045	1.051	5098687	5365690.50
2011/09/02	1.046	1.052	1.030	1.038	7042690	7303289.00
2011/09/05	1.030	1.030	1.016	1.017	7577085	7738994.00
2011/09/06	1.010	1.018	1.002	1.007	3071694	3096364.50
2011/09/07	1.009	1.030	1.008	1.030	8446900	8608157.00
2011/09/08	1.031	1.033	1.020	1.020	1936537	1989805.63
2011/09/09	1.020	1.027	1.008	1.009	1064728	1080399.63
2011/09/13	1.002	1.002	0.991	0.995	1786537	1776415.63
2011/09/14	1.000	1.002	0.983	1.002	2312117	2298352.25
2011/09/15	1.002	1.014	1.002	1.008	1778469	1791173.13
2011/09/16	1.013	1.014	1.006	1.008	13924022	14055381.00
2011/09/19	1.000	1.000	0.986	0.991	819477	813831.38
2011/09/20	0.990	0.995	0.977	0.991	9031965	8902767.00
2011/09/21	0.991	1.019	0.984	1.016	11392838	11419056.00
2011/09/22	1.001	1.016	0.990	0.992	7716058	7781339.00
2011/09/23	0.980	0.984	0.969	0.982	3774893	3684553.00
2011/09/26	0.980	0.984	0.963	0.965	8475761	8270809.50
2011/09/27	0.972	0.972	0.958	0.968	12699695	12274239.00
2011/09/28	0.968	0.975	0.952	0.955	3637001	3502786.00
2011/09/29	0.950	0.950	0.926	0.929	2551704	2385562.00
2011/09/30	0.930	0.934	0.918	0.928	2233859	2065909.63
2011/10/10	0.928	0.930	0.920	0.920	1613454	1491524.50
2011/10/11	0.936	0.945	0.909	0.916	3167575	2946904.25
2011/10/12	0.910	0.950	0.905	0.949	6498368	6095689.50
2011/10/13	0.952	0.966	0.950	0.963	5676410	5447707.50
2011/10/14	0.963	0.963	0.950	0.959	1933261	1845620.13
2011/10/17	0.961	0.970	0.957	0.962	3748222	3614111.75
2011/10/18	0.954	0.958	0.936	0.936	1576990	1492725.13
2011/10/19	0.937	0.942	0.930	0.930	2677352	2505875.25
2011/10/20	0.923	0.926	0.899	0.904	1944142	1767127.00
2011/10/21	0.904	0.906	0.885	0.885	14925448	13300501.00
2011/10/24	0.893	0.902	0.871	0.898	3170746	2814356.25
2011/10/25	0.897	0.929	0.897	0.928	4947874	4535270.50
2011/10/26	0.931	0.943	0.920	0.934	5018745	4690131.00
2011/10/27	0.936	0.944	0.931	0.936	3502432	3291176.25
2011/10/28	0.944	0.956	0.940	0.955	5297068	5020373.50
2011/10/31	0.959	0.962	0.952	0.961	2637002	2525212.50
2011/11/01	0.948	0.965	0.948	0.962	2490575	2390934.75
2011/11/02	0.956	0.978	0.940	0.978	5248866	5048480.50
2011/11/03	0.979	1.004	0.978	0.986	11702053	11635912.00
2011/11/04	0.986	0.994	0.985	0.993	4692476	4639469.00
2011/11/07	0.980	0.996	0.980	0.985	3997674	3961165.50
2011/11/08	0.985	0.990	0.970	0.973	2462909	2407249.75
2011/11/09	0.970	0.990	0.966	0.990	3437681	3366413.00
2011/11/10	0.980	0.989	0.978	0.981	3950148	3884106.75
2011/11/11	1.004	1.004	0.973	0.980	1899930	1860375.75
2011/11/14	0.989	1.003	0.982	1.003	3750726	3738379.50
2011/11/15	1.003	1.007	0.998	1.005	2786879	2797667.00
2011/11/16	1.005	1.007	0.975	0.980	5580318	5532789.50
2011/11/17	0.980	0.990	0.974	0.978	2208618	2167672.00
2011/11/18	0.974	0.974	0.947	0.947	4412977	4211760.50
2011/11/21	0.946	0.954	0.942	0.952	3320818	3149145.75
2011/11/22	0.947	0.952	0.936	0.946	2132730	2017414.63
2011/11/23	0.946	0.954	0.944	0.946	3013050	2858392.25
2011/11/24	0.940	0.952	0.932	0.942	2686522	2540432.50
2011/11/25	0.946	0.952	0.939	0.939	3521350	3331578.00
2011/11/28	0.939	0.946	0.936	0.941	812591	763855.88
2011/11/29	0.944	0.959	0.944	0.959	1895455	1804444.63
2011/11/30	0.959	0.959	0.908	0.920	4099698	3817688.00
2011/12/01	0.939	0.968	0.936	0.939	3438483	3249718.00
2011/12/02	0.937	0.937	0.910	0.915	2768708	2540844.75
2011/12/05	0.908	0.908	0.883	0.886	4230179	3786599.00
2011/12/06	0.886	0.887	0.875	0.885	2173845	1911671.13
2011/12/07	0.885	0.893	0.882	0.887	1552430	1380085.00
2011/12/08	0.889	0.897	0.873	0.888	2861824	2553821.75
2011/12/09	0.884	0.891	0.877	0.879	3916829	3457317.00
2011/12/12	0.879	0.882	0.868	0.869	3070079	2692326.75
2011/12/13	0.869	0.869	0.841	0.844	3244205	2750298.50
2011/12/14	0.840	0.847	0.826	0.826	1735339	1452960.88
2011/12/15	0.816	0.824	0.809	0.816	2005131	1639264.00
2011/12/16	0.816	0.836	0.811	0.836	1657344	1360053.50
2011/12/19	0.836	0.840	0.817	0.838	2487795	2061460.38
2011/12/20	0.838	0.847	0.834	0.836	1891888	1588473.88
2011/12/21	0.858	0.860	0.815	0.815	1645700	1367415.25
2011/12/22	0.808	0.812	0.781	0.805	3393910	2700013.75
2011/12/23	0.799	0.818	0.799	0.809	1989814	1607680.38
2011/12/26	0.812	0.817	0.800	0.804	2205735	1779002.50
2011/12/27	0.802	0.802	0.782	0.784	1687775	1334035.88
2011/12/28	0.778	0.778	0.759	0.775	12404105	9545396.00
2011/12/29	0.773	0.782	0.773	0.780	4655598	3615804.50
2011/12/30	0.780	0.798	0.780	0.797	15679231	12421343.00
2012/01/04	0.801	0.805	0.776	0.776	9691350	7723485.50
2012/01/05	0.765	0.770	0.742	0.745	2046729	1552807.00
2012/01/06	0.735	0.746	0.726	0.745	3227072	2380823.25
2012/01/09	0.747	0.771	0.736	0.771	9043985	6891629.00
2012/01/10	0.768	0.803	0.768	0.802	5608674	4423974.50
2012/01/11	0.809	0.809	0.796	0.802	3467038	2784672.50
2012/01/12	0.798	0.811	0.797	0.799	1895424	1520983.50
2012/01/13	0.801	0.801	0.762	0.767	34169408	26785410.00
2012/01/16	0.757	0.762	0.739	0.740	5766669	4334411.00
2012/01/17	0.740	0.778	0.730	0.776	3507835	2648591.25
2012/01/18	0.777	0.783	0.753	0.755	996983	768154.56
2012/01/19	0.755	0.768	0.745	0.761	1164386	882305.31
2012/01/20	0.766	0.777	0.762	0.775	46741537	36031960.00
2012/01/30	0.775	0.783	0.770	0.774	2179974	1693893.00
2012/01/31	0.771	0.772	0.764	0.772	525956	404590.66
2012/02/01	0.767	0.782	0.767	0.768	1086910	841902.56
2012/02/02	0.770	0.782	0.769	0.782	2287431	1773398.13
2012/02/03	0.781	0.800	0.781	0.797	34586349	27392894.00
2012/02/06	0.800	0.808	0.797	0.805	1833387	1470915.13
2012/02/07	0.798	0.800	0.787	0.794	746125	591557.06
2012/02/08	0.794	0.815	0.790	0.812	2634168	2128282.50
2012/02/09	0.817	0.826	0.812	0.819	7396330	6053270.00
2012/02/10	0.825	0.828	0.819	0.823	2298155	1889099.00
2012/02/13	0.813	0.840	0.813	0.836	38357924	32022570.00
2012/02/14	0.836	0.837	0.829	0.834	22864880	19050898.00
2012/02/15	0.834	0.848	0.830	0.845	4297552	3607462.00
2012/02/16	0.849	0.852	0.836	0.842	12331715	10381612.00
2012/02/17	0.845	0.849	0.834	0.841	7070939	5909142.00
2012/02/20	0.852	0.853	0.842	0.843	16581072	14010036.00
2012/02/21	0.842	0.854	0.834	0.854	6546766	5526039.00
2012/02/22	0.853	0.874	0.853	0.874	4444094	3843974.50
2012/02/23	0.872	0.880	0.870	0.876	25627089	22490614.00
2012/02/24	0.878	0.886	0.873	0.886	2248744	1977813.50
2012/02/27	0.888	0.901	0.887	0.888	14393096	12924365.00
2012/02/28	0.880	0.885	0.868	0.881	36626527	32162484.00
2012/02/29	0.875	0.880	0.868	0.868	70290572	61645384.00
2012/03/01	0.866	0.879	0.866	0.871	14392180	12618026.00
2012/03/02	0.866	0.889	0.866	0.889	3606211	3172373.00
2012/03/05	0.889	0.894	0.887	0.888	1599584	1423580.25
2012/03/06	0.887	0.887	0.873	0.883	1456791	1280550.13
2012/03/07	0.850	0.890	0.850	0.880	3328434	2943144.25
2012/03/08	0.881	0.894	0.881	0.893	959122	851969.81
2012/03/09	0.894	0.907	0.894	0.907	1697841	1530460.75
2012/03/12	0.907	0.913	0.904	0.913	861318	783399.75
2012/03/13	0.918	0.921	0.911	0.921	2033070	1865434.88
2012/03/14	0.924	0.930	0.880	0.886	5303285	4818684.50
2012/03/15	0.883	0.893	0.864	0.880	11882187	10475451.00
2012/03/16	0.879	0.905	0.875	0.905	50921915	45393520.00
2012/03/19	0.904	0.913	0.899	0.913	4121922	3735029.25
2012/03/20	0.910	0.910	0.889	0.889	1900989	1704410.13
2012/03/21	0.891	0.897	0.876	0.889	33587273	29774824.00
2012/03/22	0.881	0.893	0.881	0.888	1934541	1717409.25
2012/03/23	0.884	0.886	0.869	0.872	1575864	1376337.88
2012/03/26	0.861	0.876	0.861	0.874	920872	801803.38
2012/03/27	0.880	0.881	0.867	0.867	9927199	8723800.00
2012/03/28	0.860	0.865	0.829	0.833	1646910	1385205.13
2012/03/29	0.823	0.828	0.807	0.819	7480744	6103869.00
2012/03/30	0.819	0.823	0.808	0.812	1968013	1605232.75
2012/04/05	0.815	0.841	0.813	0.841	1327786	1103224.63
2012/04/06	0.842	0.847	0.836	0.843	1671354	1409357.75
2012/04/09	0.825	0.846	0.825	0.835	720583	603512.56
2012/04/10	0.831	0.840	0.813	0.839	1028666	849597.81
2012/04/11	0.839	0.847	0.833	0.841	937395	787008.06
2012/04/12	0.848	0.859	0.841	0.859	2106503	1792257.13
2012/04/13	0.860	0.866	0.857	0.862	2129878	1834845.75
2012/04/16	0.860	0.864	0.852	0.862	2009064	1728445.50
2012/04/17	0.859	0.862	0.851	0.851	561084	480516.25
2012/04/18	0.852	0.870	0.851	0.869	1983911	1713212.88
2012/04/19	0.869	0.873	0.863	0.867	1855261	1609284.88
2012/04/20	0.868	0.872	0.865	0.871	2417450	2099978.75
2012/04/23	0.869	0.872	0.850	0.855	2285526	1968242.75
2012/04/24	0.843	0.858	0.825	0.844	1521146	1270987.75
2012/04/25	0.842	0.853	0.839	0.853	839642	711337.50
2012/04/26	0.854	0.864	0.847	0.851	1650178	1405836.13
2012/04/27	0.845	0.849	0.844	0.845	8203589	6962401.50
2012/05/02	0.867	0.867	0.848	0.858	4541087	3877757.00
2012/05/03	0.854	0.861	0.854	0.860	3189268	2739513.75
2012/05/04	0.857	0.871	0.857	0.870	1519253	1314654.25
2012/05/07	0.870	0.883	0.868	0.883	5229755	4581294.50
2012/05/08	0.884	0.887	0.876	0.882	10891694	9626716.00
2012/05/09	0.869	0.876	0.867	0.868	7992551	6975223.50
2012/05/10	0.870	0.875	0.867	0.871	7592596	6625217.50
2012/05/11	0.868	0.874	0.866	0.866	1819741	1581270.50
2012/05/14	0.870	0.872	0.862	0.863	666943	577761.06
2012/05/15	0.847	0.860	0.847	0.859	1374345	1175374.13
2012/05/16	0.860	0.860	0.846	0.849	4366293	3698478.25
2012/05/17	0.848	0.859	0.848	0.859	1442461	1232448.75
2012/05/18	0.853	0.857	0.844	0.847	624885	529892.88
2012/05/21	0.846	0.852	0.840	0.847	734868	621064.06
2012/05/22	0.848	0.857	0.848	0.857	896336	765646.69
2012/05/23	0.856	0.861	0.847	0.854	1239074	1056550.50
2012/05/24	0.854	0.858	0.846	0.849	1184851	1009655.81
2012/05/25	0.845	0.848	0.836	0.838	356673	300326.13
2012/05/28	0.832	0.846	0.823	0.846	1081806	906503.88
2012/05/29	0.852	0.863	0.849	0.863	2282972	1964345.63
2012/05/30	0.864	0.867	0.860	0.864	892655	771785.75
2012/05/31	0.865	0.875	0.860	0.870	1017388	884102.31
2012/06/01	0.874	0.874	0.866	0.868	1150682	1000531.00
2012/06/04	0.856	0.862	0.845	0.846	517755	442113.31
2012/06/05	0.846	0.848	0.841	0.843	1510308	1276121.75
2012/06/06	0.844	0.850	0.839	0.839	454591	384304.03
2012/06/07	0.842	0.853	0.835	0.838	751029	631230.06
2012/06/08	0.840	0.843	0.832	0.833	1200392	1008077.81
2012/06/11	0.836	0.848	0.832	0.847	2393410	2018153.50
2012/06/12	0.844	0.848	0.843	0.848	346343	293011.63
2012/06/13	0.852	0.862	0.849	0.862	1266508	1083028.00
2012/06/14	0.861	0.865	0.855	0.856	587393	505452.72
2012/06/15	0.863	0.863	0.846	0.858	526040	450772.53
2012/06/18	0.858	0.868	0.858	0.865	1256581	1086710.13
2012/06/19	0.862	0.866	0.859	0.859	305507	263992.81
2012/06/20	0.862	0.864	0.857	0.859	501040	431170.97
2012/06/21	0.860	0.860	0.843	0.847	477473	404515.97
2012/06/25	0.835	0.843	0.828	0.828	482608	404162.44
2012/06/26	0.826	0.827	0.813	0.826	605542	497378.41
2012/06/27	0.827	0.835	0.827	0.827	386122	320581.81
2012/06/28	0.827	0.828	0.818	0.818	358685	296030.16
2012/06/29	0.814	0.825	0.809	0.825	868570	707983.94
2012/07/02	0.840	0.842	0.780	0.838	1396166	1169391.13
2012/07/03	0.801	0.849	0.801	0.840	352475	297238.38
2012/07/04	0.843	0.844	0.835	0.836	109651	91978.70
2012/07/05	0.827	0.828	0.818	0.828	348128	286865.72
2012/07/06	0.827	0.840	0.820	0.840	2375218	1977834.50
2012/07/09	0.838	0.842	0.825	0.826	936559	782518.88
2012/07/10	0.826	0.826	0.818	0.819	182250	149687.03
2012/07/11	0.812	0.826	0.812	0.826	373821	305412.78
2012/07/12	0.820	0.837	0.819	0.837	294923	244312.52
2012/07/13	0.835	0.837	0.829	0.830	440998	366784.75
2012/07/16	0.836	0.836	0.800	0.804	858117	695232.00
2012/07/17	0.799	0.802	0.790	0.793	399941	317860.75
2012/07/18	0.793	0.800	0.780	0.800	494466	389375.50
2012/07/19	0.780	0.812	0.780	0.808	1079335	869669.44
2012/07/20	0.806	0.806	0.790	0.790	352420	283104.03
2012/07/23	0.791	0.796	0.791	0.792	411273	326000.88
2012/07/24	0.792	0.805	0.792	0.803	1852622	1475662.25
2012/07/25	0.801	0.804	0.797	0.799	1241275	995266.00
2012/07/26	0.790	0.801	0.790	0.793	429452	342821.06
2012/07/27	0.793	0.795	0.783	0.783	877564	692756.38
2012/07/30	0.783	0.788	0.771	0.772	1738680	1357433.88
2012/07/31	0.768	0.771	0.760	0.761	1115988	850192.31
2012/08/01	0.762	0.778	0.762	0.772	990693	765742.94
2012/08/02	0.774	0.775	0.764	0.767	704754	542298.19
2012/08/03	0.771	0.783	0.768	0.783	1097349	850802.81
2012/08/06	0.785	0.801	0.781	0.801	734051	582434.56
2012/08/07	0.803	0.810	0.803	0.809	1166087	942769.00
2012/08/08	0.804	0.812	0.802	0.807	3765518	3042005.00
2012/08/09	0.805	0.819	0.805	0.819	2875007	2343032.25
2012/08/10	0.819	0.822	0.815	0.820	4978040	4080101.50
2012/08/13	0.814	0.815	0.805	0.805	265057	215245.33
2012/08/14	0.800	0.804	0.784	0.803	515085	410615.25
2012/08/15	0.797	0.805	0.797	0.805	161852	129734.23
2012/08/16	0.798	0.800	0.793	0.793	377781	300523.53
2012/08/17	0.790	0.792	0.782	0.788	155391	122247.02
2012/08/20	0.783	0.793	0.780	0.790	234930	184152.78
2012/08/21	0.790	0.807	0.789	0.803	516093	410004.56
2012/08/22	0.802	0.803	0.795	0.795	72770	58112.85
2012/08/23	0.797	0.801	0.791	0.799	71115	56570.25
2012/08/24	0.797	0.797	0.787	0.787	191362	151078.08
2012/08/27	0.774	0.776	0.771	0.771	204974	158699.88
2012/08/28	0.771	0.776	0.766	0.773	344456	265404.88
2012/08/29	0.771	0.781	0.770	0.774	358695	277810.16
2012/08/30	0.773	0.773	0.746	0.758	394356	298392.84
2012/08/31	0.758	0.760	0.755	0.759	328129	248511.36
2012/09/03	0.762	0.777	0.762	0.775	137780	106552.09
2012/09/04	0.777	0.782	0.773	0.773	192738	149873.28
2012/09/05	0.767	0.778	0.767	0.776	210142	162232.20
2012/09/06	0.782	0.784	0.778	0.784	63524	49716.86
2012/09/07	0.790	0.821	0.790	0.811	971842	790014.69
2012/09/10	0.812	0.821	0.812	0.819	1044018	853339.81
2012/09/11	0.813	0.816	0.811	0.816	580834	472926.69
2012/09/12	0.817	0.825	0.815	0.821	245214	201391.78
2012/09/13	0.820	0.823	0.811	0.811	204657	167599.23
2012/09/14	0.813	0.815	0.805	0.810	279843	226526.48
2012/09/17	0.808	0.808	0.788	0.788	274973	218674.88
2012/09/18	0.785	0.790	0.782	0.783	283062	222389.66
2012/09/19	0.789	0.794	0.786	0.794	160703	126763.86
2012/09/20	0.782	0.784	0.769	0.769	341142	265316.19
2012/09/21	0.767	0.771	0.760	0.762	237553	181582.89
2012/09/24	0.754	0.770	0.752	0.769	287908	219093.13
2012/09/25	0.769	0.772	0.763	0.764	301936	231449.28
2012/09/26	0.764	0.764	0.745	0.745	537104	404859.22
2012/09/27	0.757	0.768	0.744	0.764	5090653	3881420.75
2012/09/28	0.763	0.778	0.763	0.778	966585	741189.56
2012/10/08	0.770	0.780	0.770	0.774	1518420	1179426.75
2012/10/09	0.776	0.796	0.776	0.796	368148	291415.03
2012/10/10	0.793	0.804	0.793	0.804	2417304	1934613.50
2012/10/11	0.802	0.805	0.793	0.794	183692	146453.23
2012/10/12	0.802	0.802	0.784	0.791	131660	104011.61
2012/10/15	0.789	0.789	0.776	0.781	1333500	1036101.63
2012/10/16	0.781	0.790	0.779	0.783	404993	318292.63
2012/10/17	0.784	0.789	0.780	0.786	167542	131856.31
2012/10/18	0.786	0.802	0.786	0.800	312265	249054.14
2012/10/19	0.800	0.804	0.796	0.798	520793	417317.31
2012/10/22	0.793	0.803	0.793	0.801	848787	678269.31
2012/10/23	0.801	0.802	0.792	0.792	130730	104059.51
2012/10/24	0.785	0.792	0.785	0.786	33569	26452.65
2012/10/25	0.785	0.790	0.778	0.779	191272	150585.34
2012/10/26	0.774	0.774	0.758	0.766	380400	289495.00
2012/10/29	0.759	0.766	0.759	0.763	800237	612724.94
2012/10/30	0.767	0.769	0.764	0.764	536835	411316.69
2012/10/31	0.763	0.766	0.762	0.765	465676	355885.38
2012/11/01	0.768	0.781	0.768	0.778	294127	228509.98
2012/11/02	0.779	0.779	0.772	0.778	315880	245566.23
2012/11/05	0.772	0.775	0.771	0.773	35917	27782.94
2012/11/06	0.770	0.770	0.758	0.768	364111	277209.41
2012/11/07	0.765	0.770	0.764	0.766	183533	140583.98
2012/11/08	0.758	0.759	0.750	0.750	174729	131970.11
2012/11/09	0.750	0.750	0.744	0.745	732339	546278.25
2012/11/12	0.746	0.749	0.741	0.745	205623	153433.30
2012/11/13	0.742	0.742	0.730	0.730	195749	143834.81
2012/11/14	0.731	0.735	0.726	0.733	480547	350498.47
2012/11/15	0.728	0.732	0.725	0.725	111708	81349.03
2012/11/16	0.725	0.725	0.711	0.715	247860	176733.13
2012/11/19	0.714	0.715	0.704	0.715	332523	236040.31
2012/11/20	0.716	0.719	0.713	0.713	452456	323591.63
2012/11/21	0.720	0.720	0.705	0.718	438279	312225.28
2012/11/22	0.712	0.715	0.710	0.712	222445	158401.75
2012/11/23	0.715	0.716	0.712	0.712	182800	130667.30
2012/11/26	0.715	0.715	0.701	0.701	183993	130293.24
2012/11/27	0.700	0.700	0.680	0.681	490085	336055.75
2012/11/28	0.675	0.675	0.666	0.668	351410	235246.56
2012/11/29	0.671	0.672	0.660	0.660	240656	161090.53
2012/11/30	0.662	0.670	0.662	0.668	704027	468973.69
2012/12/03	0.669	0.672	0.654	0.654	221008	146736.77
2012/12/04	0.652	0.662	0.644	0.662	593750	386626.78
2012/12/05	0.659	0.689	0.640	0.684	737012	500243.13
2012/12/06	0.690	0.690	0.681	0.683	195437	134129.42
2012/12/07	0.683	0.696	0.683	0.695	661587	455630.94
2012/12/10	0.696	0.708	0.695	0.708	1252148	881215.06
2012/12/11	0.706	0.709	0.702	0.702	622600	439935.13
2012/12/12	0.702	0.704	0.695	0.702	216781	151784.78
2012/12/13	0.699	0.699	0.693	0.693	20800	14440.10
2012/12/14	0.704	0.723	0.702	0.721	1124177	800247.75
2012/12/17	0.740	0.740	0.717	0.723	583272	420290.50
2012/12/18	0.723	0.730	0.717	0.718	208910	150297.70
2012/12/19	0.719	0.726	0.719	0.725	1816930	1310277.63
2012/12/20	0.723	0.727	0.716	0.726	513508	369799.06
2012/12/21	0.726	0.734	0.725	0.726	608612	443797.53
2012/12/24	0.727	0.735	0.727	0.733	1062667	777505.63
2012/12/25	0.731	0.752	0.731	0.750	692553	516750.66
2012/12/26	0.750	0.762	0.750	0.762	585190	443392.06
2012/12/27	0.763	0.766	0.755	0.758	450333	342210.78
2012/12/28	0.756	0.763	0.754	0.763	547533	416047.44
2012/12/31	0.768	0.771	0.763	0.771	946043	726572.88
2013/01/04	0.775	0.775	0.753	0.763	1136182	868802.13
2013/01/07	0.758	0.770	0.758	0.770	804483	614805.81
2013/01/08	0.775	0.783	0.768	0.783	609255	474068.19
2013/01/09	0.781	0.796	0.781	0.785	331512	261742.41
2013/01/10	0.788	0.797	0.787	0.794	881187	698668.31
2013/01/11	0.795	0.797	0.779	0.780	990841	779131.69
2013/01/14	0.785	0.814	0.784	0.812	1893269	1517475.63
2013/01/15	0.814	0.834	0.814	0.830	1750956	1449635.50
2013/01/16	0.833	0.835	0.815	0.831	2959243	2448887.00
2013/01/17	0.826	0.830	0.817	0.819	812149	668097.56
2013/01/18	0.823	0.833	0.818	0.831	679187	561960.94
2013/01/21	0.831	0.835	0.828	0.832	1879878	1560190.88
2013/01/22	0.829	0.829	0.812	0.820	1702644	1402807.13
2013/01/23	0.819	0.821	0.809	0.817	221036	179786.14
2013/01/24	0.818	0.829	0.795	0.800	3445983	2774315.25
2013/01/25	0.799	0.803	0.796	0.800	1197954	956762.44
2013/01/28	0.806	0.815	0.806	0.815	2034603	1652163.75
2013/01/29	0.825	0.825	0.807	0.820	1262572	1034042.06
2013/01/30	0.812	0.825	0.810	0.822	784810	644212.63
2013/01/31	0.822	0.824	0.813	0.817	245748	200624.66
2013/02/01	0.818	0.822	0.810	0.820	679985	556684.06
2013/02/04	0.822	0.824	0.810	0.813	667341	542886.25
2013/02/05	0.809	0.820	0.808	0.820	532711	434438.19
2013/02/06	0.826	0.830	0.823	0.828	409976	338676.88
2013/02/07	0.827	0.839	0.827	0.837	861529	718121.81
2013/02/08	0.842	0.854	0.840	0.851	2991046	2542797.75
2013/02/18	0.851	0.857	0.849	0.852	1136257	968363.38
2013/02/19	0.852	0.853	0.836	0.837	766903	645701.06
2013/02/20	0.837	0.857	0.836	0.857	1719455	1462040.88
2013/02/21	0.856	0.856	0.835	0.844	1856977	1573774.25
2013/02/22	0.840	0.852	0.840	0.840	507896	428573.34
2013/02/25	0.840	0.854	0.840	0.850	666685	565204.56
2013/02/26	0.845	0.856	0.837	0.839	598334	507889.69
2013/02/27	0.843	0.848	0.831	0.834	929279	776879.13
2013/02/28	0.838	0.851	0.834	0.851	744148	625340.25
2013/03/01	0.851	0.864	0.851	0.863	1852796	1586337.88
2013/03/04	0.850	0.859	0.832	0.839	1171208	991106.00
2013/03/05	0.834	0.859	0.834	0.859	641241	546377.25
2013/03/06	0.840	0.876	0.838	0.875	1351249	1178408.88
2013/03/07	0.872	0.875	0.855	0.862	1643358	1428171.88
2013/03/08	0.865	0.865	0.853	0.853	353450	303092.22
2013/03/11	0.849	0.859	0.849	0.856	362100	309829.59
2013/03/12	0.855	0.856	0.823	0.833	793127	659752.31
2013/03/13	0.808	0.827	0.808	0.820	357759	292721.13
2013/03/14	0.830	0.837	0.823	0.833	275346	228707.25
2013/03/15	0.833	0.850	0.827	0.843	361119	304824.72
2013/03/18	0.840	0.840	0.827	0.827	249451	207032.13
2013/03/19	0.827	0.827	0.815	0.823	700015	574140.06
2013/03/20	0.829	0.849	0.827	0.849	1177741	990086.94
2013/03/21	0.853	0.862	0.849	0.859	462442	395549.16
2013/03/22	0.858	0.864	0.845	0.863	1033940	887418.44
2013/03/25	0.866	0.866	0.855	0.862	800781	689460.94
2013/03/26	0.858	0.859	0.848	0.859	673922	575147.00
2013/03/27	0.865	0.865	0.836	0.860	20121835	17341484.00
2013/03/28	0.860	0.860	0.840	0.840	1295670	1092054.50
2013/03/29	0.844	0.845	0.838	0.842	241489	203467.00
2013/04/01	0.841	0.845	0.841	0.842	178919	150833.70
2013/04/02	0.842	0.851	0.825	0.825	614600	513802.34
2013/04/03	0.825	0.827	0.814	0.816	216424	176789.00
2013/04/08	0.801	0.827	0.800	0.827	251270	204111.05
2013/04/09	0.830	0.837	0.830	0.837	382159	318166.69
2013/04/10	0.837	0.837	0.825	0.829	346485	286758.41
2013/04/11	0.833	0.833	0.827	0.828	238083	197746.89
2013/04/12	0.830	0.830	0.821	0.822	453824	374266.69
2013/04/15	0.818	0.818	0.808	0.810	385722	313016.59
2013/04/16	0.802	0.819	0.802	0.819	141091	114496.43
2013/04/17	0.822	0.833	0.822	0.831	100138	82640.56
2013/04/18	0.833	0.839	0.832	0.837	38100	31815.20
2013/04/19	0.840	0.854	0.840	0.852	1428898	1216488.00
2013/04/22	0.848	0.858	0.848	0.858	627873	534957.94
2013/04/23	0.856	0.856	0.835	0.835	313891	264206.97
2013/04/24	0.833	0.854	0.833	0.854	1394977	1167480.63
2013/04/25	0.845	0.858	0.843	0.843	254470	217304.61
2013/04/26	0.833	0.836	0.821	0.822	567750	470139.44
2013/05/02	0.806	0.829	0.806	0.826	81896	67187.62
2013/05/03	0.832	0.849	0.832	0.846	351139	295695.44
2013/05/06	0.849	0.862	0.849	0.861	899017	772341.31
2013/05/07	0.861	0.866	0.857	0.860	261375	224782.97
2013/05/08	0.867	0.869	0.863	0.866	903784	782310.25
2013/05/09	0.845	0.876	0.845	0.873	1132159	985277.56
2013/05/10	0.876	0.880	0.867	0.876	1255266	1094756.38
2013/05/13	0.877	0.880	0.874	0.880	781862	686399.44
2013/05/14	0.880	0.880	0.867	0.872	422709	369327.44
2013/05/15	0.874	0.889	0.874	0.888	483783	426080.34
2013/05/16	0.886	0.904	0.886	0.896	1516040	1361617.25
2013/05/17	0.896	0.915	0.896	0.914	2159628	1957141.50
2013/05/20	0.916	0.930	0.914	0.928	2842207	2619264.25
2013/05/21	0.929	0.944	0.926	0.944	2142867	2006213.13
2013/05/22	0.945	0.947	0.929	0.932	1965324	1844479.75
2013/05/23	0.930	0.944	0.925	0.931	3293224	3079846.75
2013/05/24	0.938	0.946	0.931	0.945	2285737	2142693.25
2013/05/27	0.939	0.956	0.939	0.956	1668622	1587726.00
2013/05/28	0.957	0.957	0.939	0.946	2054331	1948415.50
2013/05/29	0.941	0.960	0.941	0.956	646613	614141.38
2013/05/30	0.950	0.959	0.948	0.956	1925921	1836665.88
2013/05/31	0.960	0.960	0.949	0.949	1312320	1250488.00
2013/06/03	0.942	0.949	0.934	0.935	2170115	2040202.75
2013/06/04	0.932	0.933	0.909	0.913	1184579	1094133.13
2013/06/05	0.917	0.924	0.914	0.920	882056	808277.06
2013/06/06	0.920	0.921	0.907	0.909	1037598	948177.00
2013/06/07	0.913	0.913	0.890	0.893	353660	317111.19
2013/06/13	0.893	0.893	0.850	0.873	644447	557175.50
2013/06/14	0.876	0.899	0.876	0.895	304072	269697.94
2013/06/17	0.899	0.908	0.892	0.900	278060	250520.17
2013/06/18	0.850	0.902	0.850	0.897	334965	300135.66
2013/06/19	0.897	0.897	0.880	0.894	215164	191397.19
2013/06/20	0.894	0.894	0.864	0.864	255339	223865.72
2013/06/21	0.840	0.859	0.836	0.856	457450	387386.91
2013/06/24	0.838	0.844	0.798	0.809	607816	500738.59
2013/06/25	0.796	0.813	0.746	0.812	956115	749964.38
2013/06/26	0.807	0.835	0.807	0.835	1889560	1563027.50
2013/06/27	0.837	0.850	0.819	0.820	809463	680259.88
2013/06/28	0.809	0.837	0.809	0.818	309845	255307.05
2013/07/01	0.820	0.838	0.813	0.838	366438	303507.84
2013/07/02	0.839	0.860	0.839	0.858	1063165	905776.44
2013/07/03	0.855	0.866	0.846	0.864	258435	221698.67
2013/07/04	0.859	0.878	0.854	0.866	416133	360211.84
2013/07/05	0.867	0.871	0.858	0.858	983649	850325.88
2013/07/08	0.835	0.844	0.820	0.820	67399700	56027324.00
2013/07/09	0.823	0.824	0.815	0.823	443850	363495.09
2013/07/10	0.826	0.844	0.826	0.844	791857	664338.69
2013/07/11	0.900	0.900	0.845	0.867	946421	810505.81
2013/07/12	0.870	0.900	0.865	0.866	16296208	14254973.00
2013/07/15	0.874	0.887	0.868	0.887	639962	563371.13
2013/07/16	0.887	0.898	0.885	0.898	488550	436137.47
2013/07/17	0.894	0.902	0.880	0.880	574347	513043.41
2013/07/18	0.870	0.885	0.869	0.876	343873	301331.59
2013/07/19	0.885	0.889	0.865	0.865	403975	353901.44
2013/07/22	0.859	0.878	0.859	0.878	529922	460629.59
2013/07/23	0.885	0.903	0.883	0.901	2161990	1930805.25
2013/07/24	0.901	0.914	0.880	0.913	405827	366725.94
2013/07/25	0.911	0.911	0.889	0.892	815736	737143.06
2013/07/26	0.886	0.889	0.876	0.889	278117	244984.58
2013/07/29	0.878	0.885	0.870	0.870	521418	457933.38
2013/07/30	0.874	0.874	0.848	0.860	723642	625919.88
2013/07/31	0.860	0.873	0.860	0.863	260642	226167.31
2013/08/01	0.866	0.893	0.866	0.893	524641	463689.22
2013/08/02	0.894	0.909	0.894	0.900	779532	704101.56
2013/08/05	0.882	0.919	0.882	0.917	938240	853912.81
2013/08/06	0.917	0.935	0.917	0.932	1863823	1729137.50
2013/08/07	0.932	0.940	0.918	0.918	67494431	62144524.00
2013/08/08	0.907	0.928	0.907	0.925	880350	810928.19
2013/08/09	0.926	0.937	0.914	0.924	1587099	1467111.88
2013/08/12	0.928	0.937	0.923	0.933	1700777	1582710.13
2013/08/13	0.932	0.938	0.928	0.938	450231	420252.19
2013/08/14	0.940	0.944	0.931	0.932	1299253	1214936.13
2013/08/15	0.928	0.937	0.907	0.921	530710	489402.53
2013/08/16	0.910	0.930	0.896	0.896	1134277	1034069.69
2013/08/19	0.893	0.915	0.893	0.915	757856	684703.06
2013/08/20	0.915	0.924	0.912	0.912	722630	664305.44
2013/08/21	0.914	0.919	0.910	0.919	471008	431447.50
2013/08/22	0.916	0.926	0.916	0.922	230777	212897.36
2013/08/23	0.892	0.930	0.892	0.926	868678	803046.19
2013/08/26	0.923	0.942	0.923	0.942	1506197	1411987.75
2013/08/27	0.930	0.945	0.930	0.944	880374	828582.31
2013/08/28	0.935	0.941	0.930	0.930	1036235	970518.31
2013/08/29	0.930	0.933	0.922	0.927	643557	596764.81
2013/08/30	0.926	0.929	0.904	0.908	1368747	1253025.50
2013/09/02	0.908	0.921	0.905	0.920	933626	852078.69
2013/09/03	0.925	0.932	0.920	0.930	835379	774939.44
2013/09/04	0.930	0.937	0.921	0.931	1811558	1690570.00
2013/09/05	0.925	0.937	0.925	0.935	983235	918609.94
2013/09/06	0.936	0.940	0.931	0.939	614548	575616.88
2013/09/09	0.935	0.941	0.935	0.941	768535	721112.56
2013/09/10	0.941	0.945	0.937	0.945	1303126	1226917.00
2013/09/11	0.946	0.946	0.926	0.931	544607	506708.00
2013/09/12	0.934	0.937	0.932	0.933	874184	816314.69
2013/09/13	0.938	0.941	0.932	0.940	329364	309064.66
2013/09/16	0.950	0.950	0.942	0.948	1080757	1023005.88
2013/09/17	0.945	0.950	0.938	0.938	476923	450502.81
2013/09/18	0.941	0.942	0.930	0.942	533762	500949.06
2013/09/23	0.946	0.968	0.946	0.968	2217846	2121880.75
2013/09/24	0.968	0.979	0.967	0.977	959574	934218.56
2013/09/25	0.976	0.978	0.970	0.970	969323	945836.94
2013/09/26	0.955	0.972	0.955	0.958	876963	849412.44
2013/09/27	0.964	0.964	0.955	0.959	589243	566608.69
2013/09/30	0.967	0.971	0.963	0.971	2113695	2042371.13
2013/10/08	0.974	0.991	0.972	0.987	389079	382918.09
2013/10/09	0.985	0.996	0.985	0.996	510333	506419.56
2013/10/10	0.996	1.001	0.988	0.992	1148629	1144996.63
2013/10/11	0.998	1.001	0.991	0.996	513711	511622.19
2013/10/14	0.997	1.009	0.997	1.007	846240	849471.19
2013/10/15	1.006	1.008	0.995	0.999	446781	447386.91
2013/10/16	0.983	0.995	0.971	0.976	762548	745169.69
2013/10/17	1.005	1.005	0.973	0.973	478583	470312.34
2013/10/18	1.027	1.027	0.972	0.981	1319872	1292630.38
2013/10/21	0.981	1.005	0.981	1.005	1576312	1572538.75
2013/10/22	1.005	1.012	0.994	0.996	479391	480674.06
2013/10/23	0.995	0.997	0.966	0.973	983594	961300.13
2013/10/24	0.968	0.971	0.962	0.963	839437	809388.81
2013/10/25	0.964	0.964	0.938	0.944	301200	285173.09
2013/10/28	0.942	0.945	0.937	0.944	305499	287541.34
2013/10/29	0.941	0.950	0.903	0.924	616621	570454.25
2013/10/30	0.928	0.939	0.928	0.939	617793	576913.19
2013/10/31	0.932	0.932	0.920	0.921	333499	308203.47
2013/11/01	0.917	0.918	0.906	0.916	505156	460451.75
2013/11/04	0.906	0.929	0.906	0.924	306900	282951.31
2013/11/05	0.916	0.937	0.916	0.937	631270	586522.88
2013/11/06	0.937	0.943	0.930	0.930	439900	412016.41
2013/11/07	0.926	0.926	0.919	0.919	140508	129578.91
2013/11/08	0.924	0.924	0.900	0.904	359600	325370.81
2013/11/11	0.904	0.914	0.899	0.912	875084	797247.00
2013/11/12	0.915	0.916	0.906	0.913	455695	415921.41
2013/11/13	0.910	0.913	0.900	0.900	253008	229469.30
2013/11/14	0.895	0.914	0.891	0.914	201223	181596.95
2013/11/15	0.921	0.938	0.921	0.930	16761920	15450398.00
2013/11/18	0.935	0.946	0.933	0.946	17008984	15956953.00
2013/11/19	0.948	0.951	0.945	0.945	388848	369008.09
2013/11/20	0.950	0.954	0.945	0.954	433772	412260.75
2013/11/21	0.955	0.955	0.943	0.953	221963	210990.59
2013/11/22	0.954	0.955	0.949	0.951	521376	496601.69
2013/11/25	0.947	0.955	0.947	0.947	59801	56890.55
2013/11/26	0.945	0.952	0.942	0.952	1221593	1161124.00
2013/11/27	0.952	0.966	0.951	0.965	983018	939534.56
2013/11/28	0.967	0.979	0.967	0.973	212826	207427.84
2013/11/29	0.974	0.980	0.973	0.979	561161	548406.25
2013/12/02	0.970	0.970	0.924	0.928	1149624	1077272.75
2013/12/03	0.921	0.949	0.921	0.948	2139921	2020722.38
2013/12/04	0.948	0.970	0.948	0.964	2625625	2529957.50
2013/12/05	0.965	0.965	0.955	0.955	241015	231040.00
2013/12/06	0.954	0.960	0.937	0.951	2323083	2216412.25
2013/12/09	0.956	0.961	0.956	0.960	521803	500792.03
2013/12/10	0.964	0.966	0.956	0.960	1874274	1800759.88
2013/12/11	0.960	0.960	0.950	0.953	532440	507889.09
2013/12/12	0.958	0.962	0.955	0.962	127876	122533.80
2013/12/13	0.956	0.966	0.956	0.963	1230260	1182754.63
2013/12/16	0.959	0.960	0.948	0.950	504013	480674.75
2013/12/17	0.953	0.953	0.941	0.942	171531	161825.78
2013/12/18	0.944	0.949	0.940	0.943	2437259	2302214.25
2013/12/19	0.949	0.951	0.938	0.938	172522	162629.63
2013/12/20	0.948	0.948	0.922	0.928	2339853	2177767.50
2013/12/23	0.922	0.931	0.910	0.925	623992	574319.81
2013/12/24	0.928	0.943	0.928	0.933	242664	225935.27
2013/12/25	0.940	0.946	0.938	0.946	281285	264951.38
2013/12/26	0.947	0.947	0.932	0.932	205565	192680.34
2013/12/27	0.932	0.949	0.932	0.949	93894	88409.19
2013/12/30	0.950	0.952	0.946	0.949	777575	738311.50
2013/12/31	0.950	0.952	0.948	0.952	764761	726812.38
2014/01/02	0.949	0.967	0.949	0.964	606940	584369.88
2014/01/03	0.964	0.970	0.963	0.968	635139	613614.44
2014/01/06	0.958	0.958	0.945	0.946	302566	287889.09
2014/01/07	0.950	0.953	0.944	0.952	275137	261159.08
2014/01/08	0.960	0.963	0.952	0.961	1135005	1087938.63
2014/01/09	0.958	0.968	0.946	0.946	356537	340876.63
2014/01/10	0.938	0.944	0.925	0.925	387047	360917.19
2014/01/13	0.931	0.933	0.916	0.920	363100	335930.19
2014/01/14	0.920	0.935	0.920	0.935	139399	129109.69
2014/01/15	0.942	0.952	0.941	0.952	686742	648352.63
2014/01/16	0.952	0.959	0.949	0.949	398249	379607.16
2014/01/17	0.946	0.946	0.936	0.936	204976	193090.98
2014/01/20	0.936	0.938	0.923	0.930	388708	361482.69
2014/01/21	0.929	0.939	0.928	0.938	315077	294334.28
2014/01/22	0.931	0.964	0.931	0.964	465602	445247.06
2014/01/23	0.968	0.975	0.964	0.973	1933127	1875373.63
2014/01/24	0.970	0.990	0.970	0.989	754356	743788.13
2014/01/27	0.984	0.995	0.979	0.985	699567	691640.56
2014/01/28	0.975	0.981	0.971	0.976	698157	680742.50
2014/01/29	0.982	0.988	0.969	0.988	160208	157479.48
2014/01/30	0.985	0.986	0.980	0.980	58422	57463.97
2014/02/07	0.962	0.997	0.962	0.995	1983649	1954348.75
2014/02/10	0.998	1.030	0.998	1.029	2932653	2993553.75
2014/02/11	1.035	1.090	1.012	1.023	2611968	2693763.25
2014/02/12	1.026	1.036	1.018	1.035	1479566	1523134.63
2014/02/13	1.032	1.041	1.018	1.019	1162501	1201572.88
2014/02/14	1.019	1.035	1.015	1.035	1472313	1510820.88
2014/02/17	1.034	1.055	1.034	1.055	2744667	2866680.00
2014/02/18	1.045	1.056	1.045	1.050	2235989	2350129.00
2014/02/19	1.051	1.056	1.043	1.050	2632116	2764839.50
2014/02/20	1.045	1.050	1.027	1.032	1393790	1446870.25
2014/02/21	1.034	1.038	1.022	1.025	403584	415922.69
2014/02/24	1.025	1.031	1.010	1.028	6527632	6651998.00
2014/02/25	1.032	1.039	0.980	0.983	1684876	1703728.75
2014/02/26	0.982	0.988	0.964	0.988	1366136	1335974.63
2014/02/27	0.993	1.007	0.970	0.990	5252123	5231366.00
2014/02/28	0.973	0.984	0.962	0.975	1479213	1437271.25
2014/03/03	0.984	1.003	0.984	1.001	3027720	3010829.25
2014/03/04	1.003	1.003	0.985	0.995	1395094	1383288.38
2014/03/05	0.998	1.000	0.992	0.993	1303812	1299417.50
2014/03/06	0.985	0.991	0.980	0.990	801292	790020.44
2014/03/07	0.991	0.996	0.981	0.987	588860	581949.06
2014/03/10	0.979	0.979	0.947	0.948	757904	726107.00
2014/03/11	0.955	0.956	0.938	0.944	284100	268143.41
2014/03/12	0.943	0.953	0.930	0.943	593025	556506.13
2014/03/13	0.945	0.956	0.945	0.956	399800	379545.69
2014/03/14	0.948	0.956	0.947	0.953	314114	299659.06
2014/03/17	0.953	0.972	0.953	0.971	709748	687268.56
2014/03/18	0.973	0.982	0.973	0.974	430819	421365.13
2014/03/19	0.975	0.975	0.962	0.968	353400	341835.09
2014/03/20	0.968	0.969	0.938	0.938	744943	713176.69
2014/03/21	0.939	0.956	0.922	0.956	1651693	1543425.50
2014/03/24	0.957	0.958	0.950	0.953	1378650	1315351.38
2014/03/25	0.949	0.957	0.947	0.953	966770	920760.88
2014/03/26	0.943	0.960	0.943	0.959	972878	930357.06
2014/03/27	0.957	0.957	0.938	0.938	1367742	1297988.00
2014/03/28	0.936	0.936	0.912	0.913	2900316	2669243.00
2014/03/31	0.915	0.917	0.904	0.907	3560457	3247675.75
2014/04/01	0.907	0.924	0.907	0.924	498180	457841.25
2014/04/02	0.925	0.929	0.922	0.922	403760	372639.59
2014/04/03	0.926	0.933	0.923	0.927	1019528	945593.13
2014/04/04	0.926	0.938	0.926	0.938	1200144	1120321.13
2014/04/08	0.932	0.946	0.932	0.945	911100	851734.13
2014/04/09	0.946	0.958	0.946	0.955	362878	346021.44
2014/04/10	0.958	0.963	0.956	0.958	1319455	1268406.38
2014/04/11	0.957	0.957	0.947	0.952	303632	288744.81
2014/04/14	0.955	0.959	0.953	0.959	2838586	2712921.50
2014/04/15	0.956	0.958	0.950	0.951	3812192	3634707.75
2014/04/16	0.950	0.953	0.948	0.951	2535081	2410280.25
2014/04/17	0.954	0.957	0.954	0.954	1441273	1376454.88
2014/04/18	0.951	0.956	0.951	0.956	553972	528474.44
2014/04/21	0.934	0.958	0.934	0.941	1223758	1163328.25
2014/04/22	0.944	0.946	0.924	0.934	1495039	1403645.50
2014/04/23	0.934	0.940	0.932	0.933	528947	494691.00
2014/04/24	0.933	0.933	0.923	0.929	236015	218931.13
2014/04/25	0.919	0.922	0.908	0.908	1532386	1398481.25
2014/04/28	0.905	0.905	0.883	0.884	1236152	1100295.63
2014/04/29	0.883	0.892	0.881	0.892	349218	309797.28
2014/04/30	0.889	0.898	0.889	0.897	935100	836026.19
2014/05/05	0.892	0.907	0.892	0.907	1180900	1061236.75
2014/05/06	0.907	0.921	0.907	0.916	1073585	980536.63
2014/05/07	0.910	0.910	0.899	0.900	1728250	1566472.13
2014/05/08	0.897	0.909	0.896	0.898	707300	636896.50
2014/05/09	0.896	0.896	0.881	0.889	1247008	1109351.38
2014/05/12	0.895	0.911	0.891	0.911	2747552	2472860.75
2014/05/13	0.910	0.912	0.905	0.906	695700	632191.13
2014/05/14	0.906	0.909	0.903	0.908	2347100	2126110.50
2014/05/15	0.908	0.908	0.890	0.890	1332844	1203148.88
2014/05/16	0.889	0.891	0.880	0.888	665115	589997.81
2014/05/19	0.888	0.888	0.879	0.884	1405900	1241794.75
2014/05/20	0.887	0.896	0.886	0.888	2349589	2091389.25
2014/05/21	0.883	0.896	0.881	0.896	1608424	1430167.88
2014/05/22	0.897	0.909	0.897	0.900	4132577	3733431.50
2014/05/23	0.900	0.909	0.896	0.909	4777210	4296736.50
2014/05/26	0.917	0.918	0.912	0.918	3511600	3209180.50
2014/05/27	0.918	0.918	0.914	0.914	2538571	2326624.00
2014/05/28	0.914	0.929	0.914	0.929	2952200	2712483.00
2014/05/29	0.929	0.932	0.918	0.918	6488371	6005369.00
2014/05/30	0.918	0.925	0.912	0.923	3536039	3254017.25
2014/06/03	0.926	0.927	0.922	0.922	3037385	2808117.50
2014/06/04	0.914	0.919	0.905	0.911	5311493	4836787.00
2014/06/05	0.911	0.924	0.911	0.923	2673379	2443820.25
2014/06/06	0.929	0.929	0.918	0.922	7440380	6872353.50
2014/06/09	0.921	0.925	0.917	0.917	3715077	3419479.25
2014/06/10	0.919	0.930	0.913	0.930	5954038	5470652.50
2014/06/11	0.929	0.935	0.928	0.932	4089807	3809280.00
2014/06/12	0.932	0.934	0.927	0.930	5696397	5295541.50
2014/06/13	0.931	0.944	0.930	0.943	6123860	5728908.00
2014/06/16	0.945	0.950	0.942	0.948	3101504	2937967.25
2014/06/17	0.946	0.947	0.939	0.939	4145331	3913125.75
2014/06/18	0.938	0.941	0.933	0.933	4919199	4615712.50
2014/06/19	0.934	0.935	0.906	0.909	5636003	5245857.00
2014/06/20	0.911	0.918	0.908	0.918	1021746	932196.69
2014/06/23	0.923	0.930	0.920	0.927	2062776	1911094.00
2014/06/24	0.928	0.933	0.927	0.931	1870577	1738449.38
2014/06/25	0.929	0.929	0.924	0.928	4409006	4087968.50
2014/06/26	0.925	0.940	0.925	0.940	2072265	1940006.88
2014/06/27	0.939	0.950	0.939	0.945	2261309	2134670.25
2014/06/30	0.944	0.954	0.944	0.953	2036791	1933968.50
2014/07/01	0.953	0.962	0.953	0.962	2783406	2666063.00
2014/07/02	0.961	0.970	0.956	0.966	4673815	4496067.50
2014/07/03	0.966	0.974	0.966	0.971	2680715	2599166.25
2014/07/04	0.979	0.979	0.969	0.970	2090978	2030313.25
2014/07/07	0.970	0.974	0.965	0.968	155456	150491.03
2014/07/08	0.967	0.999	0.959	0.999	7790482	7528782.00
2014/07/09	0.915	0.976	0.915	0.958	5166981	5021107.00
2014/07/10	0.961	0.962	0.954	0.954	3367873	3223162.50
2014/07/11	0.956	0.960	0.955	0.959	1863838	1785317.38
2014/07/14	0.961	0.969	0.956	0.967	3021793	2899233.25
2014/07/15	0.951	0.971	0.951	0.965	2397374	2314691.75
2014/07/16	0.963	0.966	0.952	0.955	2964728	2835465.25
2014/07/17	0.953	0.953	0.946	0.948	1718445	1633681.63
2014/07/18	0.950	0.957	0.950	0.954	976329	927910.75
2014/07/21	0.950	0.952	0.948	0.952	330670	314652.16
2014/07/22	0.951	0.962	0.949	0.960	2494144	2376905.00
2014/07/23	0.960	0.965	0.947	0.952	922505	885062.88
2014/07/24	0.950	0.950	0.937	0.947	1096224	1039765.44
2014/07/25	0.949	0.956	0.948	0.955	5705321	5425743.00
2014/07/28	0.963	0.975	0.960	0.974	2198040	2131494.00
2014/07/29	0.975	0.991	0.975	0.988	1282986	1262224.13
2014/07/30	0.990	0.993	0.984	0.992	1579936	1566965.00
2014/07/31	0.930	0.999	0.930	0.999	2252694	2239955.00
2014/08/01	0.995	1.002	0.986	0.987	2137619	2134242.00
2014/08/04	0.990	1.002	0.990	1.001	3497349	3489081.00
2014/08/05	0.998	1.009	0.998	1.009	4765677	4784562.00
2014/08/06	1.007	1.016	1.002	1.012	2094453	2108863.50
2014/08/07	1.015	1.019	1.004	1.004	3326585	3371875.25
2014/08/08	1.010	1.015	1.007	1.014	1754286	1772233.00
2014/08/11	1.014	1.028	1.014	1.028	4730684	4840681.00
2014/08/12	1.028	1.034	1.026	1.033	2166310	2227335.25
2014/08/13	1.032	1.036	1.021	1.034	1585402	1633615.13
2014/08/14	1.034	1.038	1.026	1.026	2219459	2295596.50
2014/08/15	1.030	1.041	1.029	1.040	1163905	1207791.38
2014/08/18	1.043	1.056	1.042	1.054	6420414	6732993.00
2014/08/19	1.053	1.062	1.049	1.056	2768539	2929609.50
2014/08/20	1.057	1.065	1.053	1.057	6544337	6926057.50
2014/08/21	1.056	1.057	1.043	1.057	1052749	1105604.88
2014/08/22	1.057	1.066	1.055	1.064	3399180	3603129.25
2014/08/25	1.065	1.068	1.056	1.061	3314478	3525780.00
2014/08/26	1.058	1.059	1.039	1.042	2539068	2665721.25
2014/08/27	1.040	1.053	1.040	1.050	2714226	2846701.00
2014/08/28	1.049	1.054	1.037	1.041	1825685	1911324.88
2014/08/29	1.046	1.051	1.039	1.051	2281268	2383991.00
2014/09/01	1.058	1.070	1.056	1.069	709040	754717.63
2014/09/02	1.072	1.083	1.072	1.081	2925312	3146125.75
2014/09/03	1.086	1.093	1.084	1.092	2451581	2668946.00
2014/09/04	1.086	1.100	1.086	1.099	2915914	3197448.25
2014/09/05	1.100	1.104	1.045	1.104	1728305	1898552.38
2014/09/09	1.095	1.109	1.095	1.109	11072127	12235144.00
2014/09/10	1.110	1.114	1.100	1.111	8776702	9729700.00
2014/09/11	1.112	1.125	1.105	1.108	5778831	6449606.00
2014/09/12	1.108	1.122	1.107	1.121	3898279	4348677.00
2014/09/15	1.118	1.132	1.118	1.129	3669549	4131770.25
2014/09/16	1.129	1.129	1.088	1.088	2517140	2811969.75
2014/09/17	1.090	1.095	1.074	1.094	1161827	1264490.63
2014/09/18	1.091	1.101	1.090	1.099	4970567	5443808.50
2014/09/19	1.096	1.113	1.096	1.112	5855774	6475494.50
2014/09/22	1.105	1.107	1.094	1.098	5070198	5577888.00
2014/09/23	1.100	1.112	1.099	1.112	3420542	3778711.75
2014/09/24	1.100	1.125	1.100	1.123	8013797	8956550.00
2014/09/25	1.124	1.137	1.120	1.125	7403694	8375733.00
2014/09/26	1.119	1.128	1.119	1.126	9522597	10702149.00
2014/09/29	1.126	1.139	1.126	1.139	13934247	15820778.00
2014/09/30	1.140	1.149	1.138	1.147	7287639	8327015.00
2014/10/08	1.152	1.160	1.141	1.159	8691972	10027539.00
2014/10/09	1.159	1.166	1.146	1.162	13084940	15141453.00
2014/10/10	1.162	1.162	1.150	1.155	8904279	10289380.00
2014/10/13	1.148	1.148	1.134	1.148	8297812	9475221.00
2014/10/14	1.148	1.155	1.140	1.143	3603859	4143122.50
2014/10/15	1.145	1.150	1.135	1.149	3852923	4413287.50
2014/10/16	1.146	1.153	1.134	1.134	1669136	1915950.00
2014/10/17	1.126	1.134	1.106	1.122	3500944	3911907.75
2014/10/20	1.122	1.138	1.122	1.138	561531	635176.38
2014/10/21	1.136	1.143	1.129	1.129	4870200	5531036.50
2014/10/22	1.131	1.133	1.116	1.116	4018286	4515434.50
2014/10/23	1.115	1.118	1.100	1.102	3445396	3825742.75
2014/10/24	1.105	1.112	1.095	1.105	2091742	2323669.25
2014/10/27	1.103	1.115	1.101	1.115	10709564	11875678.00
2014/10/28	1.118	1.139	1.118	1.139	6115622	6888112.00
2014/10/29	1.142	1.150	1.139	1.149	5523697	6311060.00
2014/10/30	1.149	1.155	1.143	1.145	464848	535098.25
2014/10/31	1.148	1.149	1.132	1.141	2401922	2738161.75
2014/11/03	1.145	1.150	1.143	1.150	6557474	7511533.50
2014/11/04	1.149	1.149	1.137	1.143	6625971	7561890.50
2014/11/05	1.140	1.142	1.132	1.137	4684062	5325128.50
2014/11/06	1.140	1.147	1.135	1.146	4597859	5238674.50
2014/11/07	1.150	1.152	1.130	1.134	7745535	8886024.00
2014/11/10	1.134	1.140	1.129	1.140	5164938	5857387.50
2014/11/11	1.140	1.142	1.095	1.105	1745863	1942760.38
2014/11/12	1.104	1.112	1.102	1.112	2617761	2896610.25
2014/11/13	1.109	1.109	1.089	1.094	327676	358244.38
2014/11/14	1.092	1.095	1.085	1.095	2048462	2237759.50
2014/11/17	1.095	1.112	1.090	1.109	3449608	3805652.00
2014/11/18	1.109	1.111	1.105	1.110	3429695	3800167.25
2014/11/19	1.111	1.123	1.110	1.120	2790867	3113020.75
2014/11/20	1.120	1.120	1.112	1.112	6906342	7693113.00
2014/11/21	1.118	1.129	1.114	1.120	7768451	8684235.00
2014/11/24	1.120	1.135	1.120	1.130	738050	833432.13
2014/11/25	1.132	1.148	1.132	1.148	4210791	4805994.50
2014/11/26	1.159	1.159	1.142	1.151	1263158	1450839.00
2014/11/27	1.152	1.155	1.148	1.153	827678	952886.75
2014/11/28	1.151	1.155	1.140	1.151	4345705	4986156.00
2014/12/01	1.131	1.143	1.131	1.139	960275	1092549.75
2014/12/02	1.136	1.153	1.136	1.151	6676934	7675612.00
2014/12/03	1.151	1.164	1.144	1.164	2776839	3202514.75
2014/12/04	1.165	1.193	1.165	1.192	5095433	6008764.00
2014/12/05	1.195	1.195	1.144	1.153	1644678	1915885.25
2014/12/08	1.153	1.162	1.088	1.155	2445533	2809979.50
2014/12/09	1.153	1.153	1.110	1.114	1631829	1862909.63
2014/12/10	1.114	1.152	1.100	1.152	2921302	3331711.25
2014/12/11	1.152	1.170	1.150	1.166	32617329	37939892.00
2014/12/12	1.166	1.180	1.157	1.180	5576959	6523214.50
2014/12/15	1.178	1.200	1.167	1.195	46491448	55357484.00
2014/12/16	1.193	1.195	1.180	1.187	2617141	3099101.50
2014/12/17	1.180	1.180	1.159	1.174	1742907	2034619.13
2014/12/18	1.155	1.176	1.151	1.169	5748361	6725835.50
2014/12/19	1.152	1.160	1.133	1.144	1772016	2023085.88
2014/12/22	1.127	1.139	1.101	1.102	1182951	1310740.75
2014/12/23	1.102	1.123	1.088	1.089	77570877	86263080.00
2014/12/24	1.098	1.109	1.093	1.109	108371728	119616952.00
2014/12/25	1.114	1.120	1.112	1.118	755477	843604.06
2014/12/26	1.118	1.127	1.115	1.126	765344	857418.38
2014/12/29	1.119	1.119	1.105	1.108	1434573	1595887.50
2014/12/30	1.110	1.110	1.088	1.089	1951126	2142706.25
2014/12/31	1.093	1.103	1.087	1.102	19983177	21949332.00
2015/01/05	1.103	1.122	1.093	1.121	2298501	2551176.25
2015/01/06	1.111	1.148	1.111	1.146	100898743	115070816.00
2015/01/07	1.152	1.152	1.130	1.140	2034987	2323210.50
2015/01/08	1.130	1.150	1.130	1.137	56216231	64333964.00
2015/01/09	1.137	1.160	1.137	1.141	73430100	84561400.00
2015/01/12	1.122	1.141	1.120	1.133	55222037	62620776.00
2015/01/13	1.136	1.163	1.136	1.160	182895987	210630704.00
2015/01/14	1.180	1.180	1.151	1.158	2179895	2531391.00
2015/01/15	1.157	1.163	1.153	1.159	16148615	18743304.00
2015/01/16	1.159	1.177	1.157	1.174	1955946	2288861.00
2015/01/19	1.139	1.188	1.120	1.147	109183112	127287632.00
2015/01/20	1.147	1.190	1.147	1.190	130750396	154366336.00
2015/01/21	1.205	1.242	1.200	1.214	6051588	7347601.00
2015/01/22	1.209	1.230	1.209	1.228	5325405	6498879.50
2015/01/23	1.231	1.231	1.211	1.213	2777713	3391520.75
2015/01/26	1.218	1.238	1.216	1.238	1883216	2310796.25
2015/01/27	1.240	1.248	1.226	1.247	2234727	2776244.25
2015/01/28	1.247	1.249	1.234	1.234	69050312	86146304.00
2015/01/29	1.240	1.240	1.227	1.231	112660180	138957312.00
2015/01/30	1.220	1.234	1.215	1.216	1559072	1916741.38
2015/02/02	1.198	1.217	1.198	1.209	53626900	65192224.00
2015/02/03	1.223	1.250	1.220	1.240	4822520	5926835.50
2015/02/04	1.240	1.247	1.233	1.233	23989331	29856588.00
2015/02/05	1.278	1.278	1.232	1.233	1685064	2095472.25
2015/02/06	1.235	1.236	1.203	1.208	803408	982498.81
2015/02/09	1.183	1.219	1.183	1.204	20584762	25015872.00
2015/02/10	1.203	1.223	1.203	1.222	2630800	3180837.75
2015/02/11	1.231	1.246	1.231	1.243	252300	313573.81
2015/02/12	1.243	1.252	1.243	1.251	448321	559865.50
2015/02/13	1.259	1.275	1.258	1.271	870462	1105032.75
2015/02/16	1.271	1.306	1.271	1.305	9936258	12852401.00
2015/02/17	1.310	1.315	1.300	1.310	2584625	3378374.75
2015/02/25	1.271	1.314	1.271	1.302	1653319	2151471.25
2015/02/26	1.304	1.310	1.293	1.310	3784207	4931323.50
2015/02/27	1.310	1.325	1.305	1.323	4274345	5625816.00
2015/03/02	1.325	1.351	1.322	1.350	3597566	4811781.50
2015/03/03	1.347	1.363	1.333	1.337	4821780	6475441.00
2015/03/04	1.337	1.362	1.300	1.362	3157743	4231119.50
2015/03/05	1.360	1.368	1.353	1.366	6711098	9140804.00
2015/03/06	1.366	1.372	1.338	1.338	8726160	11807903.00
2015/03/09	1.320	1.359	1.320	1.358	8938970	11987011.00
2015/03/10	1.350	1.389	1.350	1.383	12542483	17248060.00
2015/03/11	1.385	1.387	1.375	1.375	7090152	9791288.00
2015/03/12	1.378	1.395	1.356	1.368	4726006	6523943.50
2015/03/13	1.350	1.393	1.350	1.389	3803184	5256065.00
2015/03/16	1.402	1.441	1.400	1.440	3475685	4950911.50
2015/03/17	1.456	1.459	1.434	1.454	4319778	6243747.00
2015/03/18	1.450	1.482	1.447	1.480	8825226	12923351.00
2015/03/19	1.482	1.506	1.470	1.489	7549924	11185032.00
2015/03/20	1.486	1.513	1.486	1.502	16689730	25078978.00
2015/03/23	1.495	1.553	1.495	1.552	9965472	15278799.00
2015/03/24	1.650	1.650	1.511	1.570	14110809	21866378.00
2015/03/25	1.570	1.610	1.557	1.600	9991344	15844605.00
2015/03/26	1.587	1.598	1.545	1.561	4424963	6966794.50
2015/03/27	1.570	1.586	1.558	1.584	5755265	9027460.00
2015/03/30	1.584	1.599	1.580	1.595	3781846	6005668.00
2015/03/31	1.584	1.624	1.584	1.603	6735245	10782055.00
2015/04/01	1.568	1.699	1.568	1.650	12260140	19975134.00
2015/04/02	1.650	1.748	1.650	1.690	28052676	47530516.00
2015/04/03	1.690	1.716	1.680	1.715	4430848	7506375.50
2015/04/07	1.702	1.750	1.702	1.744	3234474	5593651.50
2015/04/08	1.745	1.748	1.681	1.711	3608054	6190270.50
2015/04/09	1.690	1.697	1.621	1.685	5942225	9871264.00
2015/04/10	1.670	1.736	1.670	1.728	8807120	15085024.00
2015/04/13	1.662	1.774	1.662	1.769	4042423	7055009.50
2015/04/14	1.770	1.798	1.742	1.760	1161203	2057621.63
2015/04/15	1.758	1.758	1.692	1.694	4384717	7531440.00
2015/04/16	1.645	1.728	1.645	1.712	1238827	2110757.25
2015/04/17	1.705	1.729	1.686	1.713	1348111	2308767.00
2015/04/20	1.660	1.708	1.630	1.666	7847351	13106743.00
2015/04/21	1.670	1.739	1.670	1.736	7429247	12816827.00
2015/04/22	1.710	1.781	1.710	1.780	926572	1643071.13
2015/04/23	1.782	1.830	1.778	1.796	1284317	2307364.00
2015/04/24	1.731	1.806	1.731	1.798	28599978	51217720.00
2015/04/27	1.725	1.843	1.725	1.807	2162089	3924682.00
2015/04/28	1.804	1.804	1.730	1.746	3004523	5291304.00
2015/04/29	1.746	1.784	1.737	1.784	10069245	17773064.00
2015/04/30	1.785	1.808	1.785	1.787	1754976	3152163.50
2015/05/04	1.767	1.802	1.692	1.793	1915185	3444147.50
2015/05/05	1.792	1.795	1.730	1.749	2636181	4661778.00
2015/05/06	1.749	1.796	1.735	1.739	719954	1271275.25
2015/05/07	1.731	1.760	1.722	1.734	22929515	40017104.00
2015/05/08	1.700	1.812	1.700	1.812	53010830	94257336.00
2015/05/11	1.850	1.901	1.750	1.901	1222035	2286566.00
2015/05/12	1.901	1.950	1.894	1.942	8910161	17138352.00
2015/05/13	1.940	2.136	1.900	1.990	13155171	25811738.00
2015/05/14	1.990	2.090	1.965	1.978	27286292	54236676.00
2015/05/15	1.971	1.989	1.928	1.978	9749048	19176728.00
2015/05/18	1.978	2.023	1.970	2.023	29925200	59870448.00
2015/05/19	2.019	2.186	2.011	2.075	8082115	16488483.00
2015/05/20	2.140	2.280	2.097	2.120	7271303	15625629.00
2015/05/21	2.117	2.250	2.117	2.250	13740184	29917216.00
2015/05/22	2.340	2.340	2.179	2.232	12438392	27771904.00
2015/05/25	2.232	2.272	2.150	2.268	123007757	272191744.00
2015/05/26	2.268	2.370	2.260	2.348	33507859	77701808.00
2015/05/27	2.348	2.399	2.312	2.370	11695498	27703704.00
2015/05/28	2.370	2.400	2.222	2.222	127981501	298926144.00
2015/05/29	2.227	2.290	2.125	2.244	213154950	472791328.00
2015/06/01	2.290	2.360	2.250	2.359	28154416	64477752.00
2015/06/02	2.359	2.458	2.359	2.458	54479035	131275704.00
2015/06/03	2.458	2.489	2.400	2.460	211367475	516365984.00
2015/06/04	2.459	2.463	2.319	2.441	94189221	224777344.00
2015/06/05	2.441	2.499	2.421	2.465	175867774	432877728.00
2015/06/08	2.318	2.465	2.300	2.416	1755873	4235701.50
2015/06/09	2.380	2.436	2.310	2.411	161060240	389440768.00
2015/06/10	2.411	2.472	2.330	2.453	198277059	482615008.00
2015/06/11	2.452	2.495	2.452	2.495	210363649	520639296.00
2015/06/12	2.495	2.541	2.495	2.524	147054991	369281952.00
2015/06/15	2.524	2.534	2.466	2.471	193047979	482390112.00
2015/06/16	2.471	2.471	2.300	2.377	197881892	472329952.00
2015/06/17	2.376	2.404	2.281	2.395	202104819	471722080.00
2015/06/18	2.390	2.405	2.306	2.310	198932479	475981376.00
2015/06/19	2.305	2.305	2.160	2.164	1870966	4160421.00
2015/06/23	2.163	2.180	2.034	2.176	1965291	4101627.25
2015/06/24	2.215	2.223	2.152	2.208	20379186	45081368.00
2015/06/25	2.190	2.219	2.107	2.135	473008	1030105.94
2015/06/26	2.131	2.131	1.952	1.957	1698703	3354182.50
2015/06/29	1.966	2.058	1.761	1.820	1154411	2145916.50
2015/06/30	1.919	1.919	1.694	1.897	1662584	2997475.00
2015/07/01	1.897	1.970	1.830	1.854	89613742	167221136.00
2015/07/02	1.854	1.854	1.675	1.718	2664662	4797744.00
2015/07/03	1.677	1.759	1.595	1.640	16294332	27566972.00
2015/07/06	1.804	1.804	1.495	1.625	1263464	2095277.88
2015/07/07	1.520	1.591	1.463	1.463	742900	1114900.88
2015/07/08	1.330	1.330	1.317	1.317	409400	539702.88
2015/07/09	1.190	1.449	1.186	1.449	1692496	2333463.50
2015/07/10	1.560	1.594	1.500	1.594	2489668	3947875.50
2015/07/13	1.753	1.753	1.500	1.753	3309707	5690923.50
2015/07/14	1.830	1.850	1.724	1.761	7147027	12935763.00
2015/07/15	1.756	1.756	1.585	1.585	2769100	4461565.50
2015/07/16	1.457	1.664	1.431	1.605	1817723	2871522.75
2015/07/17	1.578	1.712	1.578	1.703	1854636	3047382.50
2015/07/20	1.727	1.780	1.700	1.759	13968776	24566540.00
2015/07/21	1.759	1.778	1.688	1.752	3169900	5533708.50
2015/07/22	1.732	1.788	1.708	1.776	1261028	2232599.50
2015/07/23	1.791	1.831	1.772	1.829	1259928	2277404.25
2015/07/24	1.825	1.869	1.788	1.818	23421986	43367180.00
2015/07/27	1.728	1.815	1.636	1.680	1081708	1899115.75
2015/07/28	1.666	1.684	1.548	1.642	1845627	2983786.00
2015/07/29	1.680	1.689	1.588	1.689	870000	1428274.13
2015/07/30	1.690	1.722	1.615	1.644	1046700	1779204.25
2015/07/31	1.577	1.651	1.577	1.635	348942	570213.50
2015/08/03	1.612	1.626	1.571	1.599	634080	1007353.56
2015/08/04	1.605	1.700	1.591	1.699	725400	1190848.25
2015/08/05	1.699	1.710	1.653	1.666	707900	1186126.50
2015/08/06	1.598	1.670	1.598	1.646	539000	887088.00
2015/08/07	1.670	1.699	1.662	1.699	787685	1324349.25
2015/08/10	1.721	1.777	1.708	1.768	1383500	2425918.25
2015/08/11	1.768	1.821	1.766	1.775	1379529	2457766.00
2015/08/12	1.762	1.794	1.725	1.755	691400	1225183.25
2015/08/13	1.754	1.789	1.731	1.789	556082	977918.75
2015/08/14	1.790	1.818	1.770	1.800	915127	1649669.00
2015/08/17	1.753	1.819	1.753	1.817	769700	1388686.88
2015/08/18	1.822	1.825	1.693	1.702	2128368	3756555.50
2015/08/19	1.662	1.727	1.602	1.722	504357	842457.50
2015/08/20	1.710	1.739	1.681	1.684	207099	354114.97
2015/08/21	1.683	1.683	1.583	1.590	657300	1073610.75
2015/08/24	1.480	1.589	1.431	1.431	1015501	1488210.88
2015/08/25	1.400	1.400	1.288	1.288	945379	1269879.63
2015/08/26	1.288	1.385	1.277	1.300	1620114	2153916.50
2015/08/27	1.325	1.331	1.261	1.314	495700	651632.19
2015/08/28	1.358	1.416	1.349	1.414	672618	925356.81
2015/08/31	1.415	1.415	1.377	1.380	343717	477146.53
2015/09/01	1.376	1.376	1.294	1.310	299200	393844.09
2015/09/02	1.310	1.334	1.200	1.286	2414300	3102950.00
2015/09/07	1.286	1.345	1.286	1.320	602000	798746.00
2015/09/08	1.288	1.363	1.266	1.363	722700	939135.38
2015/09/09	1.363	1.390	1.339	1.378	809785	1114117.00
2015/09/10	1.317	1.387	1.317	1.359	497914	683789.00
2015/09/11	1.318	1.412	1.318	1.364	4699200	6402497.50
2015/09/14	1.364	1.372	1.274	1.280	327200	430093.59
2015/09/15	1.280	1.280	1.202	1.211	458400	561915.13
2015/09/16	1.256	1.286	1.201	1.282	636108	797196.25
2015/09/17	1.282	1.314	1.220	1.275	527842	678821.50
2015/09/18	1.319	1.319	1.261	1.281	134900	171681.41
2015/09/21	1.281	1.333	1.268	1.333	369417	480914.53
2015/09/22	1.341	1.364	1.335	1.350	404900	545791.69
2015/09/23	1.259	1.347	1.259	1.344	638300	853093.81
2015/09/24	1.335	1.356	1.335	1.340	622700	836309.50
2015/09/25	1.350	1.350	1.277	1.334	186800	246235.50
2015/09/28	1.323	1.323	1.297	1.320	192900	253721.80
2015/09/29	1.290	1.293	1.287	1.292	80100	103377.40
2015/09/30	1.329	1.329	1.292	1.310	120900	157787.20
2015/10/08	1.311	1.370	1.311	1.364	269217	362352.00
2015/10/09	1.367	1.386	1.324	1.379	611000	836787.38
2015/10/12	1.384	1.446	1.363	1.445	491800	700741.38
2015/10/13	1.444	1.454	1.440	1.449	186600	269409.41
2015/10/14	1.415	1.451	1.415	1.439	115825	166224.19
2015/10/15	1.411	1.469	1.411	1.469	194899	283666.56
2015/10/16	1.484	1.602	1.484	1.517	1184400	1809961.63
2015/10/19	1.578	1.578	1.504	1.537	372600	568859.88
2015/10/20	1.537	1.537	1.510	1.531	422800	645824.88
2015/10/21	1.531	1.552	1.416	1.470	595400	889491.19
2015/10/22	1.469	1.529	1.417	1.497	324600	472070.41
2015/10/23	1.490	1.534	1.488	1.519	222400	334759.19
2015/10/26	1.525	1.569	1.520	1.551	414300	636516.31
2015/10/27	1.550	1.550	1.502	1.535	208288	316795.97
2015/10/28	1.545	1.550	1.500	1.500	236800	358133.50
2015/10/29	1.529	1.529	1.457	1.493	450900	669889.81
2015/10/30	1.505	1.525	1.457	1.490	486000	727540.63
2015/11/02	1.460	1.519	1.460	1.495	399300	599844.13
2015/11/03	1.519	1.520	1.473	1.482	1054900	1596194.13
2015/11/04	1.507	1.555	1.507	1.544	897000	1371015.13
2015/11/05	1.594	1.594	1.550	1.586	352100	550562.31
2015/11/06	1.585	1.663	1.585	1.626	1313255	2129110.75
2015/11/09	1.645	1.672	1.570	1.648	677900	1116250.75
2015/11/10	1.618	1.678	1.618	1.640	223400	368185.31
2015/11/11	1.650	1.685	1.645	1.676	190143	315338.44
2015/11/12	1.686	1.693	1.660	1.679	1112800	1865845.00
2015/11/13	1.640	1.675	1.640	1.664	673130	1113539.13
2015/11/16	1.621	1.695	1.620	1.690	1134301	1889628.63
2015/11/17	1.690	1.734	1.690	1.716	931495	1603957.25
2015/11/18	1.702	1.702	1.665	1.665	334600	565198.63
2015/11/19	1.720	1.720	1.659	1.699	285543	483493.53
2015/11/20	1.700	1.735	1.700	1.725	1234587	2131584.25
2015/11/23	1.730	1.740	1.682	1.702	245187	423780.97
2015/11/24	1.705	1.720	1.690	1.703	319300	543900.19
2015/11/25	1.720	1.800	1.720	1.790	6074672	10819121.00
2015/11/26	1.790	1.810	1.757	1.783	7690200	13832943.00
2015/11/27	1.783	1.783	1.651	1.669	576786	997761.50
2015/11/30	1.710	1.710	1.580	1.646	490808	808424.44
2015/12/01	1.643	1.670	1.641	1.641	165900	275446.19
2015/12/02	1.650	1.669	1.616	1.640	143000	233683.91
2015/12/03	1.657	1.680	1.657	1.671	263516	440313.41
2015/12/04	1.680	1.690	1.670	1.670	73600	123538.80
2015/12/07	1.670	1.690	1.669	1.688	251700	421033.19
2015/12/08	1.688	1.688	1.657	1.662	65500	109223.00
2015/12/09	1.650	1.660	1.641	1.650	70101	115694.25
2015/12/10	1.660	1.670	1.650	1.650	17800	29472.00
2015/12/11	1.640	1.650	1.631	1.640	228100	374087.41
2015/12/14	1.630	1.665	1.621	1.640	696800	1144446.25
2015/12/15	1.639	1.710	1.639	1.690	890217	1507753.13
2015/12/16	1.710	1.727	1.701	1.708	1103200	1892294.25
2015/12/17	1.700	1.740	1.700	1.740	243500	422650.50
2015/12/18	1.740	1.750	1.733	1.740	311200	541625.19
2015/12/21	1.740	1.750	1.740	1.740	132300	230670.09
2015/12/22	1.722	1.769	1.722	1.760	154200	270707.81
2015/12/23	1.760	1.770	1.750	1.750	442227	777473.19
2015/12/24	1.731	1.750	1.729	1.750	192000	333885.00
2015/12/25	1.750	1.760	1.741	1.755	313500	548854.00
2015/12/28	1.772	1.785	1.700	1.748	1147300	2004118.50
2015/12/29	1.748	1.750	1.725	1.750	251200	434583.31
2015/12/30	1.735	1.760	1.735	1.760	252600	441896.50
2015/12/31	1.765	1.770	1.740	1.770	440500	774690.13
2016/01/04	1.740	1.740	1.600	1.601	509400	849876.38
2016/01/05	1.600	1.601	1.501	1.560	963643	1501477.63
2016/01/06	1.649	1.649	1.514	1.590	74243	117625.69
2016/01/07	1.590	1.590	1.490	1.495	20400	32302.50
2016/01/08	1.599	1.599	1.420	1.493	714200	1054916.75
2016/01/11	1.493	1.493	1.391	1.410	416100	589530.69
2016/01/12	1.410	1.410	1.351	1.370	484200	671783.81
2016/01/13	1.400	1.400	1.361	1.370	149400	205992.91
2016/01/14	1.368	1.390	1.244	1.382	695400	934257.19
2016/01/15	1.379	1.390	1.331	1.332	301400	407942.09
2016/01/18	1.300	1.377	1.300	1.375	524700	709275.00
2016/01/19	1.373	1.400	1.360	1.400	419800	581134.63
2016/01/20	1.400	1.418	1.391	1.410	752000	1058135.25
2016/01/21	1.389	1.404	1.365	1.365	262300	364219.50
2016/01/22	1.351	1.360	1.320	1.358	603500	813975.63
2016/01/25	1.370	1.380	1.360	1.370	386108	529216.19
2016/01/26	1.350	1.359	1.289	1.289	294100	392232.41
2016/01/27	1.300	1.300	1.183	1.262	672900	829191.50
2016/01/28	1.240	1.250	1.200	1.219	456900	562776.00
2016/01/29	1.215	1.250	1.203	1.250	519100	639837.50
2016/02/01	1.222	1.248	1.222	1.226	74000	91285.70
2016/02/02	1.220	1.280	1.220	1.275	397900	501646.91
2016/02/03	1.270	1.270	1.265	1.270	107100	135981.59
2016/02/04	1.298	1.311	1.298	1.308	133700	174256.09
2016/02/05	1.311	1.317	1.283	1.297	272400	354995.59
2016/02/15	1.255	1.290	1.255	1.290	253900	322865.00
2016/02/16	1.309	1.351	1.309	1.351	1232200	1641832.25
2016/02/17	1.351	1.365	1.338	1.365	196410	265119.09
2016/02/18	1.368	1.377	1.357	1.359	682300	931239.63
2016/02/19	1.354	1.370	1.352	1.360	786300	1067259.88
2016/02/22	1.360	1.385	1.360	1.378	132200	182183.00
2016/02/23	1.386	1.456	1.375	1.395	1752800	2430324.25
2016/02/24	1.395	1.399	1.366	1.396	2225400	3067361.00
2016/02/25	1.376	1.387	1.287	1.291	1071800	1445079.25
2016/02/26	1.340	1.340	1.268	1.286	232700	300200.81
2016/02/29	1.267	1.277	1.200	1.215	595800	726125.81
2016/03/01	1.212	1.244	1.205	1.237	1088600	1341780.88
2016/03/02	1.237	1.290	1.234	1.290	3533386	4467555.00
2016/03/03	1.299	1.320	1.296	1.296	123000	160273.30
2016/03/04	1.281	1.292	1.240	1.258	108700	136815.09
2016/03/07	1.285	1.285	1.265	1.270	332200	424468.81
2016/03/08	1.260	1.281	1.231	1.280	1347900	1715374.38
2016/03/09	1.252	1.268	1.242	1.267	632642	796343.31
2016/03/10	1.267	1.270	1.247	1.247	31600	39952.90
2016/03/11	1.221	1.254	1.221	1.232	327000	404826.91
2016/03/14	1.233	1.299	1.233	1.289	1597800	2056095.75
2016/03/15	1.289	1.289	1.274	1.282	356200	456403.31
2016/03/16	1.284	1.289	1.256	1.268	695295	881141.50
2016/03/17	1.274	1.305	1.265	1.298	1866800	2398690.50
2016/03/18	1.313	1.356	1.303	1.347	925500	1237822.13
2016/03/21	1.350	1.385	1.350	1.373	735708	1009568.56
2016/03/22	1.365	1.395	1.365	1.381	273100	376970.19
2016/03/23	1.388	1.390	1.370	1.389	395600	545489.88
2016/03/24	1.356	1.400	1.356	1.386	622100	864134.88
2016/03/25	1.374	1.395	1.360	1.390	341100	469936.69
2016/03/28	1.401	1.419	1.380	1.396	724800	1015914.31
2016/03/29	1.376	1.382	1.355	1.371	1114800	1527210.25
2016/03/30	1.376	1.409	1.376	1.408	718600	998149.88
2016/03/31	1.444	1.444	1.418	1.423	478000	681207.13
2016/04/01	1.429	1.429	1.387	1.402	475800	665106.38
2016/04/05	1.413	1.439	1.408	1.436	305800	437181.81
2016/04/06	1.406	1.455	1.400	1.449	232501	335779.56
2016/04/07	1.448	1.461	1.435	1.435	277200	401390.81
2016/04/08	1.416	1.416	1.394	1.412	276900	389807.69
2016/04/11	1.430	1.444	1.430	1.442	318657	457786.19
2016/04/12	1.435	1.438	1.411	1.424	811900	1152925.63
2016/04/13	1.440	1.455	1.432	1.437	227400	328626.09
2016/04/14	1.448	1.453	1.438	1.450	233000	337288.31
2016/04/15	1.454	1.455	1.446	1.451	171500	248878.50
2016/04/18	1.436	1.451	1.427	1.451	779900	1121524.38
2016/04/19	1.452	1.455	1.442	1.452	40100	58186.80
2016/04/20	1.450	1.454	1.375	1.397	183800	259766.91
2016/04/21	1.385	1.401	1.382	1.382	235200	327083.59
2016/04/22	1.370	1.387	1.370	1.387	461000	636228.38
2016/04/25	1.373	1.387	1.366	1.387	1136600	1565654.38
2016/04/26	1.387	1.395	1.374	1.395	2529585	3492371.00
2016/04/27	1.404	1.410	1.394	1.394	409700	573615.31
2016/04/28	1.387	1.396	1.370	1.392	541842	748024.00
2016/04/29	1.388	1.400	1.387	1.399	367600	512958.91
2016/05/03	1.375	1.437	1.375	1.437	2825800	4007274.50
2016/05/04	1.440	1.449	1.436	1.440	261257	376747.94
2016/05/05	1.443	1.447	1.436	1.446	66709	96198.98
2016/05/06	1.450	1.451	1.399	1.399	1819600	2583010.50
2016/05/09	1.381	1.381	1.349	1.355	332300	452662.41
2016/05/10	1.354	1.356	1.344	1.348	155900	211056.70
2016/05/11	1.360	1.362	1.342	1.352	777608	1053837.75
2016/05/12	1.340	1.355	1.307	1.354	400200	534517.13
2016/05/13	1.356	1.370	1.350	1.350	411300	558583.00
2016/05/16	1.360	1.373	1.343	1.373	766400	1046941.69
2016/05/17	1.376	1.383	1.366	1.375	445644	613573.19
2016/05/18	1.360	1.360	1.325	1.334	440400	589604.31
2016/05/19	1.350	1.364	1.348	1.349	420800	569507.00
2016/05/20	1.335	1.356	1.334	1.356	157100	212199.20
2016/05/23	1.365	1.379	1.365	1.378	586900	805678.63
2016/05/24	1.365	1.370	1.354	1.367	374800	509260.00
2016/05/25	1.377	1.381	1.352	1.356	363600	496872.41
2016/05/26	1.355	1.358	1.330	1.358	425300	568485.81
2016/05/27	1.352	1.365	1.352	1.365	65142	88621.39
2016/05/30	1.345	1.365	1.340	1.351	72800	98611.90
2016/05/31	1.342	1.402	1.342	1.402	213450	296890.72
2016/06/01	1.410	1.425	1.404	1.418	751900	1065312.00
2016/06/02	1.425	1.425	1.409	1.420	309470	438970.41
2016/06/03	1.425	1.442	1.423	1.440	282034	402683.47
2016/06/06	1.431	1.445	1.431	1.445	578785	833681.31
2016/06/07	1.435	1.440	1.426	1.440	85500	122576.80
2016/06/08	1.440	1.441	1.428	1.441	35000	50134.20
2016/06/13	1.438	1.438	1.379	1.379	730000	1036175.38
2016/06/14	1.373	1.386	1.371	1.375	812100	1118630.63
2016/06/15	1.377	1.423	1.377	1.423	243400	343776.81
2016/06/16	1.429	1.450	1.425	1.437	610000	874591.00
2016/06/17	1.442	1.442	1.426	1.436	23700	33872.30
2016/06/20	1.445	1.447	1.426	1.445	127400	183095.30
2016/06/21	1.450	1.455	1.424	1.424	947800	1359453.38
2016/06/22	1.433	1.441	1.424	1.440	125067	179633.08
2016/06/23	1.443	1.449	1.439	1.443	109200	157624.80
2016/06/24	1.448	1.448	1.394	1.434	941900	1349642.75
2016/06/27	1.438	1.460	1.433	1.460	271775	392872.34
2016/06/28	1.461	1.473	1.452	1.471	134083	196627.59
2016/06/29	1.475	1.481	1.468	1.472	153200	226206.09
2016/06/30	1.473	1.481	1.468	1.471	167171	246191.73
2016/07/01	1.480	1.481	1.470	1.475	115200	169997.50
2016/07/04	1.463	1.495	1.463	1.491	729892	1084709.50
2016/07/05	1.500	1.502	1.488	1.493	391700	584314.19
2016/07/06	1.487	1.500	1.487	1.492	47900	71625.70
2016/07/07	1.500	1.508	1.490	1.506	142700	213930.30
2016/07/08	1.500	1.510	1.500	1.508	105700	158646.00
2016/07/11	1.508	1.513	1.490	1.491	97300	145988.09
2016/07/12	1.490	1.508	1.480	1.506	699400	1043414.88
2016/07/13	1.515	1.523	1.508	1.519	582800	884691.13
2016/07/14	1.516	1.525	1.513	1.519	435300	661437.88
2016/07/15	1.520	1.523	1.515	1.519	178012	270478.28
2016/07/18	1.523	1.523	1.505	1.512	229417	346339.38
2016/07/19	1.500	1.511	1.500	1.510	342800	516351.59
2016/07/20	1.511	1.524	1.510	1.515	192772	291909.34
2016/07/21	1.515	1.523	1.514	1.517	575900	876059.31
2016/07/22	1.511	1.511	1.504	1.504	306700	462744.19
2016/07/25	1.506	1.513	1.500	1.506	346700	521645.31
2016/07/26	1.510	1.520	1.509	1.520	1611100	2444929.00
2016/07/27	1.518	1.518	1.433	1.453	378800	562085.63
2016/07/28	1.453	1.461	1.428	1.450	1349700	1961779.75
2016/07/29	1.453	1.453	1.436	1.436	237100	342423.09
2016/08/01	1.415	1.424	1.403	1.421	272700	384726.09
2016/08/02	1.423	1.428	1.415	1.426	152100	216121.59
2016/08/03	1.433	1.435	1.428	1.433	255600	366179.09
2016/08/04	1.430	1.444	1.428	1.444	2025400	2921525.50
2016/08/05	1.441	1.450	1.440	1.446	542700	783610.50
2016/08/08	1.429	1.451	1.429	1.451	1439000	2075436.75
2016/08/09	1.456	1.468	1.456	1.468	1963200	2873776.25
2016/08/10	1.468	1.475	1.465	1.465	188200	276176.59
2016/08/11	1.464	1.464	1.443	1.443	332400	484010.81
2016/08/12	1.440	1.457	1.440	1.457	492400	715452.69
2016/08/15	1.458	1.494	1.454	1.490	1625400	2383495.00
2016/08/16	1.500	1.550	1.491	1.500	600800	900182.00
2016/08/17	1.500	1.505	1.495	1.498	715200	1072262.38
2016/08/18	1.498	1.505	1.494	1.501	288700	433572.19
2016/08/19	1.499	1.506	1.495	1.503	95285	143133.83
2016/08/22	1.505	1.505	1.488	1.488	150600	225126.50
2016/08/23	1.486	1.490	1.480	1.480	230280	342597.56
2016/08/24	1.489	1.498	1.489	1.492	359829	536849.69
2016/08/25	1.480	1.483	1.470	1.479	329600	486329.09
2016/08/26	1.486	1.493	1.486	1.487	126200	187777.50
2016/08/29	1.487	1.492	1.485	1.488	210900	314150.00
2016/08/30	1.499	1.501	1.490	1.490	58700	87950.30
2016/08/31	1.492	1.495	1.480	1.488	169600	252287.59
2016/09/01	1.492	1.493	1.483	1.483	72600	108157.80
2016/09/02	1.481	1.483	1.468	1.470	216100	318688.81
2016/09/05	1.470	1.483	1.470	1.471	137908	203384.05
2016/09/06	1.477	1.497	1.471	1.497	502000	745361.63
2016/09/07	1.508	1.508	1.502	1.502	185100	278591.41
2016/09/08	1.503	1.504	1.497	1.497	448400	672549.00
2016/09/09	1.503	1.504	1.495	1.495	455158	682725.38
2016/09/12	1.475	1.475	1.450	1.450	1256500	1843483.75
2016/09/13	1.461	1.461	1.454	1.459	339700	495260.00
2016/09/14	1.450	1.460	1.448	1.452	901100	1308668.50
2016/09/19	1.457	1.465	1.457	1.465	621900	907734.00
2016/09/20	1.446	1.465	1.446	1.460	118700	171940.50
2016/09/21	1.459	1.468	1.459	1.467	310914	455174.91
2016/09/22	1.472	1.478	1.471	1.471	376500	554582.13
2016/09/23	1.471	1.473	1.469	1.470	242700	356868.00
2016/09/26	1.464	1.464	1.440	1.440	114200	166354.59
2016/09/27	1.443	1.449	1.432	1.449	1101500	1583486.75
2016/09/28	1.449	1.453	1.442	1.448	906400	1313236.13
2016/09/29	1.453	1.460	1.450	1.454	75200	109612.00
2016/09/30	1.457	1.459	1.457	1.459	64085	93381.84
2016/10/10	1.460	1.481	1.460	1.480	150542	221754.02
2016/10/11	1.482	1.492	1.482	1.491	610100	908707.88
2016/10/12	1.495	1.497	1.490	1.497	776400	1159870.38
2016/10/13	1.500	1.500	1.492	1.495	136700	204612.80
2016/10/14	1.495	1.495	1.485	1.488	427000	635168.19
2016/10/17	1.493	1.493	1.490	1.492	186300	278083.69
2016/10/18	1.480	1.500	1.478	1.496	478218	711024.94
2016/10/19	1.504	1.504	1.493	1.495	1391800	2083243.75
2016/10/20	1.498	1.504	1.494	1.501	244700	366310.81
2016/10/21	1.500	1.500	1.483	1.485	362100	542556.50
2016/10/24	1.495	1.512	1.495	1.509	1310800	1973367.00
2016/10/25	1.507	1.507	1.503	1.504	318200	478625.31
2016/10/26	1.510	1.510	1.496	1.497	47700	71821.20
2016/10/27	1.502	1.502	1.493	1.500	63200	94721.50
2016/10/28	1.505	1.505	1.488	1.488	75200	112965.40
2016/10/31	1.487	1.487	1.475	1.483	495000	732572.63
2016/11/01	1.483	1.493	1.483	1.493	464608	691898.88
2016/11/02	1.491	1.498	1.486	1.490	94300	140596.70
2016/11/03	1.484	1.490	1.480	1.490	64302	95723.82
2016/11/04	1.493	1.495	1.482	1.482	145193	215857.13
2016/11/07	1.487	1.487	1.478	1.478	304500	451495.59
2016/11/08	1.491	1.491	1.489	1.491	181400	270126.69
2016/11/09	1.488	1.488	1.466	1.479	379800	561367.31
2016/11/10	1.489	1.496	1.489	1.493	329300	491060.91
2016/11/11	1.493	1.500	1.490	1.496	215400	321682.69
2016/11/14	1.498	1.506	1.496	1.504	351400	528714.13
2016/11/15	1.501	1.508	1.500	1.508	452100	679389.13
2016/11/16	1.511	1.515	1.511	1.511	644400	974992.13
2016/11/17	1.495	1.506	1.495	1.506	565100	850279.69
2016/11/18	1.505	1.508	1.500	1.500	426700	642450.13
2016/11/21	1.502	1.508	1.497	1.500	1028800	1546599.50
2016/11/22	1.502	1.512	1.502	1.512	1925808	2898463.25
2016/11/23	1.516	1.516	1.504	1.504	105900	160017.30
2016/11/24	1.500	1.503	1.494	1.494	134100	201034.09
2016/11/25	1.549	1.549	1.479	1.494	344000	510264.91
2016/11/28	1.505	1.507	1.500	1.505	184908	277949.25
2016/11/29	1.503	1.507	1.498	1.498	606900	911862.19
2016/11/30	1.495	1.500	1.489	1.494	120300	179474.50
2016/12/01	1.494	1.500	1.494	1.498	88100	131748.70
2016/12/02	1.500	1.500	1.481	1.482	1275100	1902954.13
2016/12/05	1.470	1.485	1.470	1.480	82100	121509.10
2016/12/06	1.482	1.489	1.480	1.486	190800	282899.09
2016/12/07	1.482	1.495	1.481	1.495	55200	81958.20
2016/12/08	1.492	1.495	1.491	1.492	80301	119789.99
2016/12/09	1.487	1.491	1.483	1.483	128400	190707.91
2016/12/12	1.486	1.486	1.415	1.415	211608	307172.78
2016/12/13	1.413	1.422	1.400	1.422	218700	308847.59
2016/12/14	1.416	1.420	1.408	1.410	139500	197360.59
2016/12/15	1.410	1.427	1.409	1.415	760700	1078903.63
2016/12/16	1.416	1.432	1.416	1.427	695400	992033.13
2016/12/19	1.424	1.425	1.420	1.422	85364	121478.64
2016/12/20	1.420	1.424	1.415	1.420	1675900	2376074.25
2016/12/21	1.428	1.431	1.425	1.429	3585400	5118480.00
2016/12/22	1.426	1.429	1.423	1.429	2393200	3411372.50
2016/12/23	1.426	1.429	1.419	1.419	58600	83538.00
2016/12/26	1.418	1.421	1.396	1.421	123700	173716.59
2016/12/27	1.425	1.425	1.420	1.422	89000	126389.70
2016/12/28	1.419	1.421	1.415	1.415	287500	407496.50
2016/12/29	1.416	1.416	1.410	1.411	3020400	4263968.50
2016/12/30	1.412	1.413	1.408	1.413	517000	728895.00
2017/01/03	1.414	1.421	1.414	1.418	3201200	4538363.50
2017/01/04	1.420	1.438	1.420	1.438	5371500	7689964.00
2017/01/05	1.438	1.441	1.436	1.438	363300	523028.69
2017/01/06	1.434	1.434	1.422	1.422	5917200	8459119.00
2017/01/09	1.424	1.428	1.421	1.428	248400	353184.91
2017/01/10	1.430	1.430	1.423	1.423	276100	394061.41
2017/01/11	1.421	1.426	1.411	1.411	226200	320306.00
2017/01/12	1.409	1.411	1.396	1.397	264900	373029.19
2017/01/13	1.395	1.395	1.375	1.375	133800	185252.30
2017/01/16	1.377	1.377	1.293	1.328	709800	935044.13
2017/01/17	1.327	1.339	1.318	1.339	220400	292084.31
2017/01/18	1.335	1.344	1.335	1.343	62700	83748.20
2017/01/19	1.334	1.342	1.331	1.331	172300	229828.50
2017/01/20	1.337	1.355	1.337	1.353	335400	452038.31
2017/01/23	1.359	1.370	1.359	1.362	401000	546775.31
2017/01/24	1.362	1.364	1.358	1.358	415500	565339.19
2017/01/25	1.363	1.369	1.363	1.364	2283200	3113720.00
2017/01/26	1.372	1.377	1.372	1.377	2135000	2930565.50
2017/02/03	1.373	1.374	1.371	1.371	91400	125460.10
2017/02/06	1.371	1.381	1.371	1.381	288670	397722.09
2017/02/07	1.385	1.388	1.378	1.381	320400	442359.31
2017/02/08	1.377	1.391	1.375	1.391	196961	271364.16
2017/02/09	1.389	1.404	1.389	1.402	109900	153390.59
2017/02/10	1.402	1.402	1.397	1.400	96600	135314.09
2017/02/13	1.397	1.409	1.397	1.409	291700	409746.31
2017/02/14	1.407	1.409	1.406	1.409	57025	80262.67
2017/02/15	1.406	1.413	1.397	1.397	144600	203057.00
2017/02/16	1.397	1.403	1.394	1.403	75100	104909.40
2017/02/17	1.407	1.407	1.397	1.400	80900	113630.50
2017/02/20	1.403	1.410	1.400	1.409	89500	125576.00
2017/02/21	1.409	1.426	1.409	1.426	509600	725306.69
2017/02/22	1.422	1.433	1.422	1.433	623700	890831.81
2017/02/23	1.432	1.436	1.428	1.435	418200	598829.69
2017/02/24	1.435	1.438	1.431	1.438	5819900	8355715.00
2017/02/27	1.438	1.443	1.430	1.431	708500	1018760.69
2017/02/28	1.437	1.437	1.429	1.435	3987600	5707664.50
2017/03/01	1.436	1.442	1.436	1.438	4102900	5900877.50
2017/03/02	1.438	1.438	1.431	1.433	1788700	2569855.00
2017/03/03	1.429	1.444	1.426	1.444	6655600	9542150.00
2017/03/06	1.465	1.465	1.446	1.457	1433300	2082703.88
2017/03/07	1.457	1.464	1.456	1.461	7976124	11630266.00
2017/03/08	1.460	1.460	1.450	1.452	205200	298193.19
2017/03/09	1.447	1.447	1.440	1.441	100424	145107.73
2017/03/10	1.440	1.450	1.440	1.450	13400	19413.00
2017/03/13	1.448	1.465	1.443	1.463	76100	111030.80
2017/03/14	1.469	1.471	1.464	1.466	80570	118347.28
2017/03/15	1.459	1.464	1.458	1.462	255400	373121.69
2017/03/16	1.470	1.476	1.470	1.475	107600	158557.50
2017/03/17	1.476	1.480	1.465	1.465	50200	74057.80
2017/03/20	1.464	1.464	1.462	1.463	71884	105192.99
2017/03/21	1.468	1.473	1.467	1.473	310200	456157.69
2017/03/22	1.465	1.470	1.458	1.467	293900	430653.91
2017/03/23	1.471	1.478	1.456	1.470	803700	1182587.88
2017/03/24	1.473	1.481	1.470	1.477	1320600	1948943.63
2017/03/27	1.480	1.482	1.472	1.474	1160600	1714662.63
2017/03/28	1.470	1.475	1.466	1.468	253200	372378.91
2017/03/29	1.474	1.474	1.464	1.466	220400	324105.69
2017/03/30	1.454	1.458	1.438	1.439	472230	685513.19
2017/03/31	1.444	1.449	1.441	1.448	485300	701922.50
2017/04/05	1.466	1.476	1.466	1.476	440100	648679.81
2017/04/06	1.473	1.479	1.471	1.476	693500	1022545.50
2017/04/07	1.477	1.483	1.473	1.479	539000	796580.13
2017/04/10	1.473	1.477	1.466	1.469	480700	707458.63
2017/04/11	1.469	1.473	1.455	1.468	3601700	5264739.50
2017/04/12	1.458	1.472	1.458	1.460	1669300	2453239.00
2017/04/13	1.450	1.470	1.450	1.465	483000	709081.00
2017/04/14	1.520	1.520	1.456	1.456	402500	591602.19
2017/04/17	1.452	1.452	1.439	1.444	197400	285390.19
2017/04/18	1.447	1.451	1.439	1.439	97000	140330.59
2017/04/19	1.439	1.439	1.411	1.426	551300	781878.13
2017/04/20	1.434	1.437	1.423	1.430	502000	718469.19
2017/04/21	1.430	1.436	1.421	1.421	283500	404734.69
2017/04/24	1.407	1.407	1.397	1.399	68200	95354.70
2017/04/25	1.400	1.405	1.396	1.397	127300	178483.09
2017/04/26	1.400	1.408	1.400	1.402	171600	241239.70
2017/04/27	1.397	1.404	1.381	1.404	110108	153036.63
2017/04/28	1.410	1.412	1.405	1.412	565759	797139.00
2017/05/02	1.406	1.410	1.406	1.408	23900	33674.50
2017/05/03	1.407	1.413	1.402	1.405	528836	743964.38
2017/05/04	1.400	1.416	1.399	1.404	507700	715231.31
2017/05/05	1.395	1.401	1.389	1.389	77300	107668.80
2017/05/08	1.383	1.389	1.369	1.369	319000	439967.00
2017/05/09	1.360	1.376	1.356	1.376	693100	947630.69
2017/05/10	1.381	1.387	1.361	1.364	587800	809904.50
2017/05/11	1.353	1.359	1.331	1.358	1036000	1397347.25
2017/05/12	1.359	1.362	1.350	1.358	1517400	2058175.50
2017/05/15	1.361	1.370	1.361	1.367	540600	739212.69
2017/05/16	1.364	1.396	1.356	1.396	707600	971396.31
2017/05/17	1.398	1.403	1.393	1.394	603200	843240.63
2017/05/18	1.394	1.394	1.377	1.380	1024700	1418603.00
2017/05/19	1.385	1.386	1.373	1.373	216400	298593.31
2017/05/22	1.373	1.383	1.354	1.367	377500	518301.09
2017/05/23	1.367	1.372	1.341	1.341	263500	357980.00
2017/05/24	1.342	1.345	1.316	1.343	33172	44331.70
2017/05/25	1.351	1.366	1.339	1.363	570500	771264.63
2017/05/26	1.363	1.365	1.347	1.359	216400	294418.50
2017/05/31	1.368	1.369	1.357	1.357	227200	309454.41
2017/06/01	1.357	1.357	1.318	1.338	115100	155189.91
2017/06/02	1.328	1.348	1.321	1.347	163600	218222.80
2017/06/05	1.342	1.360	1.342	1.358	150900	204758.30
2017/06/06	1.358	1.365	1.353	1.361	128000	174323.59
2017/06/07	1.361	1.392	1.361	1.387	466800	648482.38
2017/06/08	1.387	1.395	1.378	1.393	79000	109684.70
2017/06/09	1.393	1.396	1.386	1.386	75000	104308.00
2017/06/12	1.392	1.392	1.368	1.368	2600	3589.00
2017/06/13	1.354	1.405	1.354	1.388	3031988	4252045.00
2017/06/14	1.405	1.405	1.371	1.399	101700	141040.59
2017/06/15	1.390	1.402	1.389	1.402	133600	186891.70
2017/06/16	1.407	1.409	1.384	1.384	115800	163036.83
2017/06/19	1.394	1.402	1.394	1.402	54500	76196.20
2017/06/20	1.407	1.415	1.382	1.410	256500	358370.09
2017/06/21	1.409	1.415	1.374	1.415	622700	869007.50
2017/06/22	1.409	1.414	1.396	1.400	373800	525300.31
2017/06/23	1.400	1.407	1.380	1.400	901908	1264044.75
2017/06/26	1.408	1.418	1.387	1.417	971100	1357835.25
2017/06/27	1.417	1.422	1.406	1.420	363008	513529.56
2017/06/28	1.420	1.420	1.398	1.403	186000	261913.70
2017/06/29	1.411	1.419	1.407	1.418	82900	117169.50
2017/06/30	1.416	1.420	1.397	1.416	113400	160560.91
2017/07/03	1.409	1.425	1.408	1.413	132500	187358.91
2017/07/04	1.400	1.424	1.400	1.420	74300	105532.60
2017/07/05	1.408	1.428	1.406	1.428	219585	311407.44
2017/07/06	1.426	1.430	1.416	1.416	84000	119995.90
2017/07/07	1.406	1.429	1.406	1.417	14000	19981.40
2017/07/10	1.420	1.429	1.419	1.420	153500	217933.20
2017/07/11	1.416	1.424	1.408	1.408	33885	48077.96
2017/07/12	1.408	1.425	1.390	1.415	44700	62478.20
2017/07/13	1.415	1.415	1.400	1.410	40933	57536.06
2017/07/14	1.401	1.411	1.401	1.411	10900	15273.70
2017/07/17	1.405	1.409	1.380	1.384	685503	962616.50
2017/07/18	1.371	1.385	1.360	1.370	1551100	2144225.50
2017/07/19	1.361	1.395	1.361	1.390	3125700	4338941.00
2017/07/20	1.388	1.414	1.377	1.411	293400	410415.41
2017/07/21	1.409	1.416	1.383	1.410	277700	391072.19
2017/07/24	1.404	1.405	1.394	1.397	28600	40053.30
2017/07/25	1.396	1.418	1.393	1.397	30900	43493.50
2017/07/26	1.385	1.402	1.385	1.401	14400	19969.80
2017/07/27	1.381	1.431	1.381	1.422	4519200	6403483.50
2017/07/28	1.406	1.426	1.406	1.420	187700	265713.50
2017/07/31	1.411	1.428	1.411	1.427	35747	50951.70
2017/08/01	1.436	1.445	1.414	1.441	55600	79669.50
2017/08/02	1.441	1.441	1.434	1.434	15900	22895.58
2017/08/03	1.435	1.435	1.410	1.412	220900	316295.19
2017/08/04	1.427	1.427	1.400	1.425	35800	50573.50
2017/08/07	1.425	1.434	1.408	1.426	1553200	2226660.00
2017/08/08	1.420	1.436	1.412	1.436	14300	20371.60
2017/08/09	1.423	1.435	1.416	1.433	60600	86342.40
2017/08/10	1.432	1.452	1.415	1.439	747200	1079590.63
2017/08/11	1.424	1.437	1.410	1.412	51130	72608.58
2017/08/14	1.412	1.441	1.412	1.441	91630	130879.36
2017/08/15	1.449	1.460	1.430	1.453	45300	65362.47
2017/08/16	1.452	1.463	1.449	1.461	124808	181806.42
2017/08/17	1.477	1.478	1.449	1.462	51200	74972.20
2017/08/18	1.451	1.466	1.449	1.464	14800	21476.40
2017/08/21	1.455	1.470	1.455	1.470	27000	39539.90
2017/08/22	1.464	1.471	1.463	1.471	47730	70087.59
2017/08/23	1.458	1.472	1.457	1.469	13400	19571.80
2017/08/24	1.456	1.459	1.446	1.455	33000	48019.20
2017/08/25	1.450	1.466	1.446	1.466	687100	997157.19
2017/08/28	1.473	1.500	1.473	1.499	278600	414309.59
2017/08/29	1.489	1.494	1.476	1.478	148400	220665.59
2017/08/30	1.478	1.489	1.471	1.489	40200	59672.40
2017/08/31	1.485	1.498	1.485	1.498	7700	11508.80
2017/09/01	1.498	1.500	1.498	1.500	75100	112644.80
2017/09/04	1.499	1.535	1.499	1.519	313800	476952.50
2017/09/05	1.510	1.527	1.496	1.520	50700	77291.90
2017/09/06	1.497	1.530	1.495	1.528	118100	178689.20
2017/09/07	1.518	1.522	1.505	1.522	95300	144326.70
2017/09/08	1.517	1.528	1.514	1.524	163600	249076.50
2017/09/11	1.533	1.545	1.517	1.545	225700	346062.50
2017/09/12	1.545	1.564	1.533	1.533	251400	388861.69
2017/09/13	1.516	1.539	1.516	1.539	22800	35051.10
2017/09/14	1.547	1.553	1.542	1.542	26000	40195.40
2017/09/15	1.532	1.535	1.522	1.523	42100	64274.10
2017/09/18	1.532	1.545	1.523	1.545	64000	98561.60
2017/09/19	1.545	1.549	1.526	1.540	36600	56171.70
2017/09/20	1.531	1.540	1.528	1.540	44760	68753.56
2017/09/21	1.540	1.548	1.540	1.548	44300	68347.93
2017/09/22	1.531	1.536	1.524	1.536	23000	35112.30
2017/09/25	1.528	1.533	1.522	1.522	31200	47511.40
2017/09/26	1.512	1.522	1.511	1.519	21500	32535.30
2017/09/27	1.514	1.535	1.514	1.526	14500	22216.80
2017/09/28	1.526	1.535	1.522	1.527	78800	120382.10
2017/09/29	1.527	1.541	1.526	1.541	115600	177047.20
2017/10/09	1.546	1.549	1.540	1.549	51600	79713.20
2017/10/10	1.546	1.563	1.546	1.563	89442	139314.13
2017/10/11	1.640	1.700	1.555	1.578	253900	400410.00
2017/10/12	1.568	1.576	1.552	1.567	69100	108073.90
2017/10/13	1.551	1.580	1.551	1.579	863408	1363159.38
2017/10/16	1.570	1.583	1.569	1.571	50300	79198.40
2017/10/17	1.563	1.572	1.550	1.567	1566486	2461999.50
2017/10/18	1.567	1.572	1.556	1.566	45800	71618.30
2017/10/19	1.566	1.566	1.550	1.555	416600	648277.81
2017/10/20	1.555	1.560	1.542	1.560	34500	53695.70
2017/10/23	1.561	1.572	1.560	1.561	581200	913161.00
2017/10/24	1.561	1.571	1.555	1.570	82000	128054.80
2017/10/25	1.569	1.577	1.569	1.577	49300	77482.00
2017/10/26	1.573	1.584	1.573	1.582	1484360	2343042.50
2017/10/27	1.580	1.580	1.576	1.579	26160	41257.16
2017/10/30	1.585	1.585	1.536	1.553	106560	166010.14
2017/10/31	1.543	1.573	1.543	1.561	84708	132023.73
2017/11/01	1.569	1.570	1.547	1.568	52500	82070.80
2017/11/02	1.555	1.562	1.551	1.555	16560	25768.70
2017/11/03	1.558	1.558	1.540	1.546	79608	123670.06
2017/11/06	1.545	1.559	1.540	1.556	80168	124117.86
2017/11/07	1.558	1.573	1.556	1.572	118468	185465.33
2017/11/08	1.567	1.585	1.567	1.580	84900	134237.59
2017/11/09	1.577	1.586	1.565	1.580	3097500	4909793.00
2017/11/10	1.581	1.596	1.580	1.596	71100	112835.20
2017/11/13	1.605	1.608	1.601	1.606	110010	176332.22
2017/11/14	1.603	1.608	1.590	1.594	71600	114403.20
2017/11/15	1.594	1.595	1.568	1.578	38600	61138.70
2017/11/16	1.575	1.588	1.560	1.588	54700	86090.20
2017/11/17	1.571	1.577	1.551	1.551	3057210	4794067.00
2017/11/20	1.540	1.560	1.509	1.560	68025	104613.13
2017/11/21	1.562	1.576	1.562	1.576	42218	66383.49
2017/11/22	1.567	1.586	1.567	1.571	98386	155467.66
2017/11/23	1.568	1.568	1.537	1.539	28300	43844.90
2017/11/24	1.528	1.539	1.519	1.539	131300	200792.70
2017/11/27	1.521	1.522	1.502	1.505	65100	98185.50
2017/11/28	1.504	1.519	1.490	1.519	56900	85542.00
2017/11/29	1.519	1.519	1.500	1.519	51400	77648.10
2017/11/30	1.508	1.515	1.482	1.505	52500	78457.50
2017/12/01	1.519	1.519	1.503	1.519	23900	36220.50
2017/12/04	1.520	1.525	1.518	1.518	21200	32213.90
2017/12/05	1.510	1.510	1.467	1.481	40100	59927.70
2017/12/06	1.482	1.492	1.462	1.492	59400	88025.30
2017/12/07	1.476	1.492	1.476	1.490	19800	29450.30
2017/12/08	1.480	1.503	1.480	1.503	124500	185707.70
2017/12/11	1.496	1.525	1.495	1.525	102300	154920.00
2017/12/12	1.526	1.528	1.512	1.519	52300	79797.30
2017/12/13	1.504	1.518	1.504	1.516	8300	12520.10
2017/12/14	1.528	1.528	1.512	1.523	46619	70744.03
2017/12/15	1.523	1.523	1.503	1.514	21200	32079.60
2017/12/18	1.508	1.510	1.495	1.495	34900	52579.20
2017/12/19	1.496	1.511	1.496	1.509	60500	90848.70
2017/12/20	1.509	1.510	1.496	1.506	60100	90603.00
2017/12/21	1.505	1.520	1.500	1.519	1516800	2302196.75
2017/12/22	1.524	1.524	1.494	1.518	7700	11670.30
2017/12/25	1.517	1.520	1.473	1.494	100473	149208.56
2017/12/26	1.485	1.500	1.473	1.500	15373	22948.51
2017/12/27	1.482	1.486	1.471	1.484	31000	45685.20
2017/12/28	1.481	1.489	1.473	1.487	14800	21909.40
2017/12/29	1.482	1.498	1.482	1.498	35789	53298.62
2018/01/02	1.498	1.509	1.482	1.509	26800	40358.60
2018/01/03	1.510	1.528	1.501	1.528	74744	113595.84
2018/01/04	1.521	1.530	1.521	1.530	656700	998996.81
2018/01/05	1.523	1.537	1.523	1.532	69100	106060.10
2018/01/08	1.531	1.532	1.521	1.531	21200	32326.50
2018/01/09	1.523	1.536	1.519	1.532	78200	118994.00
2018/01/10	1.525	1.531	1.512	1.531	139700	213557.41
2018/01/11	1.521	1.549	1.502	1.536	362700	555662.50
2018/01/12	1.539	1.540	1.529	1.536	28200	43158.00
2018/01/15	1.523	1.531	1.495	1.509	87000	131011.87
2018/01/16	1.506	1.512	1.496	1.511	154800	232933.20
2018/01/17	1.500	1.517	1.487	1.515	152100	227602.80
2018/01/18	1.504	1.533	1.504	1.533	147500	225139.20
2018/01/19	1.521	1.535	1.521	1.532	96000	146732.00
2018/01/22	1.525	1.539	1.523	1.523	99500	151868.91
2018/01/23	1.502	1.533	1.502	1.525	64400	98197.80
2018/01/24	1.517	1.532	1.512	1.528	66800	101718.70
2018/01/25	1.528	1.580	1.528	1.532	166400	255847.70
2018/01/26	1.532	1.532	1.513	1.517	109242	165860.53
2018/01/29	1.517	1.517	1.487	1.488	266300	398837.09
2018/01/30	1.487	1.501	1.475	1.494	76700	114051.80
2018/01/31	1.484	1.484	1.465	1.469	206200	303740.50
2018/02/01	1.465	1.465	1.424	1.427	194300	280683.09
2018/02/02	1.421	1.438	1.416	1.424	58400	83288.80
2018/02/05	1.420	1.431	1.415	1.427	132200	187910.30
2018/02/06	1.402	1.406	1.362	1.362	214300	295314.41
2018/02/07	1.424	1.425	1.345	1.346	220800	300402.00
2018/02/08	1.380	1.380	1.345	1.370	169000	231638.00
2018/02/09	1.360	1.360	1.311	1.336	314600	418516.09
2018/02/12	1.357	1.375	1.353	1.374	280100	384099.09
2018/02/13	1.404	1.405	1.380	1.381	110000	153276.50
2018/02/14	1.390	1.390	1.374	1.386	27200	37595.80
2018/02/22	1.385	1.413	1.385	1.411	102000	142840.80
2018/02/23	1.411	1.419	1.402	1.418	94500	132906.09
2018/02/26	1.413	1.455	1.403	1.444	534800	770475.63
2018/02/27	1.446	1.458	1.446	1.446	168800	244284.50
2018/02/28	1.446	1.461	1.432	1.460	202900	293810.41
2018/03/01	1.445	1.474	1.433	1.465	116000	169061.20
2018/03/02	1.462	1.473	1.452	1.463	60600	88744.30
2018/03/05	1.457	1.459	1.456	1.459	19700	28690.50
2018/03/06	1.459	1.473	1.454	1.473	215200	315984.31
2018/03/07	1.477	1.477	1.456	1.468	112700	164965.41
2018/03/08	1.461	1.473	1.456	1.473	123200	180409.31
2018/03/09	1.468	1.510	1.461	1.505	338886	504375.81
2018/03/12	1.507	1.520	1.499	1.520	109800	166192.00
2018/03/13	1.515	1.517	1.505	1.505	199100	299861.09
2018/03/14	1.500	1.510	1.486	1.494	273986	407980.75
2018/03/15	1.502	1.502	1.481	1.490	88900	132378.91
2018/03/16	1.503	1.503	1.480	1.485	12200	18119.50
2018/03/19	1.479	1.493	1.478	1.485	4700	6983.20
2018/03/20	1.485	1.485	1.470	1.478	77900	114604.60
2018/03/21	1.488	1.490	1.471	1.478	141500	210040.09
2018/03/22	1.478	1.479	1.465	1.477	70600	103786.30
2018/03/23	1.450	1.450	1.388	1.395	180600	255229.20
2018/03/26	1.388	1.408	1.388	1.408	185300	260231.00
2018/03/27	1.444	1.461	1.419	1.453	176500	257006.30
2018/03/28	1.439	1.453	1.436	1.444	12300	17854.60
2018/03/29	1.443	1.457	1.443	1.456	54700	79561.00
2018/03/30	1.519	1.519	1.452	1.459	64607	95112.16
2018/04/02	1.451	1.470	1.450	1.460	41100	60087.60
2018/04/03	1.434	1.460	1.430	1.460	69400	99904.60
2018/04/04	1.445	1.469	1.441	1.452	134200	193782.00
2018/04/09	1.432	1.445	1.411	1.445	106507	153167.67
2018/04/10	1.473	1.473	1.420	1.440	69500	99674.70
2018/04/11	1.448	1.453	1.430	1.448	72786	105393.29
2018/04/12	1.444	1.444	1.435	1.442	31300	45079.80
2018/04/13	1.443	1.443	1.433	1.441	30297	43529.60
2018/04/16	1.441	1.441	1.423	1.430	100800	143676.09
2018/04/17	1.420	1.421	1.396	1.400	28118	39659.33
2018/04/18	1.394	1.423	1.389	1.423	62300	87065.00
2018/04/19	1.423	1.435	1.423	1.435	49700	71102.00
2018/04/20	1.448	1.448	1.416	1.434	13800	19689.90
2018/04/23	1.434	1.434	1.342	1.384	96717	136263.00
2018/04/24	1.395	1.417	1.381	1.417	60435	85320.22
2018/04/25	1.414	1.430	1.393	1.413	15200	21458.80
2018/04/26	1.408	1.408	1.383	1.389	167600	232872.91
2018/04/27	1.394	1.395	1.380	1.395	210693	291362.94
2018/05/02	1.399	1.399	1.382	1.397	6793	9471.23
2018/05/03	1.390	1.410	1.385	1.410	345993	482454.09
2018/05/04	1.401	1.424	1.400	1.417	22700	32162.30
2018/05/07	1.410	1.437	1.410	1.437	42621	60983.33
2018/05/08	1.426	1.447	1.426	1.443	137700	197610.53
2018/05/09	1.440	1.440	1.435	1.438	22300	32008.50
2018/05/10	1.438	1.444	1.436	1.443	26300	37924.90
2018/05/11	1.440	1.440	1.425	1.436	93871	134224.83
2018/05/14	1.437	1.439	1.433	1.435	35400	50879.70
2018/05/15	1.435	1.448	1.431	1.447	31371	45055.74
2018/05/16	1.444	1.452	1.442	1.445	42921	62111.41
2018/05/17	1.444	1.444	1.432	1.441	3314	4765.40
2018/05/18	1.442	1.445	1.434	1.445	17500	25195.80
2018/05/21	1.448	1.458	1.448	1.453	91385	132802.75
2018/05/22	1.457	1.457	1.450	1.454	4500	6531.60
2018/05/23	1.454	1.454	1.448	1.448	7900	11454.00
2018/05/24	1.442	1.452	1.439	1.440	1521800	2209293.00
2018/05/25	1.437	1.437	1.420	1.420	19600	28010.20
2018/05/28	1.420	1.424	1.420	1.423	11600	16494.60
2018/05/29	1.426	1.426	1.396	1.412	30871	43334.91
2018/05/30	1.408	1.408	1.377	1.378	94100	130288.80
2018/05/31	1.370	1.389	1.370	1.389	21542	29798.37
2018/06/01	1.382	1.392	1.368	1.389	62300	85706.60
2018/06/04	1.380	1.384	1.374	1.384	13100	18030.90
2018/06/05	1.383	1.400	1.383	1.400	12400	17234.10
2018/06/06	1.391	1.396	1.379	1.395	36171	50161.32
2018/06/07	1.437	1.437	1.381	1.398	21900	30424.30
2018/06/08	1.382	1.382	1.368	1.382	4100	5638.10
2018/06/11	1.379	1.380	1.360	1.374	122200	166733.70
2018/06/12	1.375	1.387	1.367	1.381	34500	47444.00
2018/06/13	1.365	1.370	1.362	1.370	62500	85351.00
2018/06/14	1.362	1.373	1.356	1.360	12900	17549.00
2018/06/15	1.362	1.378	1.337	1.343	36400	48998.20
2018/06/19	1.330	1.330	1.257	1.306	305400	390093.69
2018/06/20	1.306	1.306	1.260	1.293	192400	243549.30
2018/06/21	1.293	1.305	1.266	1.284	67000	86613.10
2018/06/22	1.258	1.350	1.253	1.297	61700	79857.20
2018/06/25	1.359	1.359	1.265	1.265	59200	75531.40
2018/06/26	1.260	1.267	1.247	1.266	28800	36129.80
2018/06/27	1.261	1.269	1.240	1.240	77800	97780.00
2018/06/28	1.274	1.274	1.235	1.237	117300	146481.80
2018/06/29	1.273	1.275	1.238	1.275	172700	217545.80
2018/07/02	1.266	1.269	1.240	1.248	165600	206145.91
2018/07/03	1.249	1.250	1.213	1.250	128600	158906.41
2018/07/04	1.243	1.250	1.235	1.239	98000	121148.80
2018/07/05	1.233	1.234	1.190	1.211	153100	185608.91
2018/07/06	1.211	1.230	1.191	1.219	200403	243040.66
2018/07/09	1.228	1.242	1.220	1.242	70900	87196.10
2018/07/10	1.242	1.250	1.242	1.242	56700	70550.00
2018/07/11	1.240	1.249	1.206	1.220	68800	84684.70
2018/07/12	1.220	1.270	1.220	1.270	155100	194639.59
2018/07/13	1.280	1.280	1.263	1.275	129100	164301.41
2018/07/16	1.300	1.300	1.266	1.270	145300	185218.50
2018/07/17	1.263	1.274	1.251	1.267	438542	552143.00
2018/07/18	1.259	1.277	1.251	1.266	128300	162556.00
2018/07/19	1.258	1.266	1.241	1.266	377800	476971.41
2018/07/20	1.256	1.272	1.247	1.272	124100	156526.80
2018/07/23	1.270	1.276	1.255	1.276	61800	78338.10
2018/07/24	1.276	1.295	1.276	1.295	26400	34059.90
2018/07/25	1.295	1.296	1.281	1.293	25100	32384.90
2018/07/26	1.290	1.293	1.267	1.284	36800	47260.20
2018/07/27	1.267	1.284	1.267	1.281	108400	137590.59
2018/07/30	1.275	1.275	1.245	1.255	51400	64710.90
2018/07/31	1.290	1.290	1.245	1.246	108700	139353.59
2018/08/01	1.290	1.290	1.230	1.235	71600	89511.00
2018/08/02	1.226	1.226	1.170	1.200	345700	411641.41
2018/08/03	1.195	1.195	1.172	1.178	84900	100305.90
2018/08/06	1.171	1.178	1.139	1.148	286600	330346.00
2018/08/07	1.150	1.172	1.150	1.172	94100	109427.60
2018/08/08	1.170	1.170	1.140	1.151	160000	183708.80
2018/08/09	1.150	1.193	1.150	1.190	258200	305944.91
2018/08/10	1.189	1.192	1.178	1.191	164300	194981.41
2018/08/13	1.181	1.198	1.167	1.198	333800	395225.31
2018/08/14	1.193	1.193	1.175	1.189	367700	437916.59
2018/08/15	1.180	1.183	1.150	1.165	283500	329022.50
2018/08/16	1.153	1.175	1.113	1.155	488500	567556.50
2018/08/17	1.158	1.158	1.140	1.140	65142	74769.65
2018/08/20	1.137	1.151	1.120	1.150	143000	162564.45
2018/08/21	1.196	1.196	1.128	1.161	114900	131689.70
2018/08/22	1.189	1.189	1.127	1.146	136100	153892.09
2018/08/23	1.137	1.149	1.136	1.146	141200	161651.59
2018/08/24	1.197	1.197	1.135	1.145	140200	159560.00
2018/08/27	1.140	1.173	1.139	1.172	279700	324950.81
2018/08/28	1.171	1.174	1.157	1.174	165600	193388.09
2018/08/29	1.174	1.174	1.151	1.160	176200	204065.80
2018/08/30	1.160	1.162	1.142	1.149	180000	207096.41
2018/08/31	1.141	1.145	1.126	1.135	89400	101273.70
2018/09/03	1.132	1.142	1.122	1.141	195400	220551.41
2018/09/04	1.140	1.148	1.131	1.148	96300	110123.50
2018/09/05	1.144	1.144	1.130	1.131	16200	18363.90
2018/09/06	1.130	1.139	1.124	1.129	86900	97975.90
2018/09/07	1.129	1.136	1.120	1.130	88542	100092.06
2018/09/10	1.121	1.122	1.108	1.108	241700	268463.31
2018/09/11	1.100	1.109	1.092	1.105	73971	81024.43
2018/09/12	1.100	1.109	1.090	1.090	95600	104584.80
2018/09/13	1.102	1.108	1.080	1.094	136700	149194.80
2018/09/14	1.090	1.094	1.074	1.090	47800	51739.90
2018/09/17	1.076	1.076	1.060	1.070	79000	84237.10
2018/09/18	1.061	1.086	1.060	1.086	158000	168984.91
2018/09/19	1.082	1.110	1.074	1.109	876000	963691.00
2018/09/20	1.100	1.128	1.100	1.115	4093384	4600024.00
2018/09/21	1.107	1.133	1.107	1.133	3070500	3430664.00
2018/09/25	1.124	1.129	1.107	1.111	42400	47170.40
2018/09/26	1.129	1.129	1.118	1.118	45600	51145.90
2018/09/27	1.126	1.126	1.102	1.105	149100	165695.91
2018/09/28	1.110	1.113	1.102	1.111	92800	102652.00
2018/10/08	1.113	1.113	1.077	1.077	183700	199735.70
2018/10/09	1.077	1.077	1.064	1.072	107300	114742.90
2018/10/10	1.073	1.073	1.050	1.064	283400	299391.19
2018/10/11	1.048	1.048	0.991	1.000	380200	385931.59
2018/10/12	1.015	1.015	0.967	1.003	165584	164614.20
2018/10/15	0.999	1.009	0.993	0.993	141284	141645.31
2018/10/16	0.993	0.993	0.957	0.969	166500	161486.41
2018/10/17	0.998	0.998	0.951	0.970	242300	233223.70
2018/10/18	0.951	0.961	0.950	0.957	140800	134745.00
2018/10/19	0.940	0.975	0.938	0.975	285300	273850.41
2018/10/22	0.975	1.019	0.975	1.018	292600	295515.31
2018/10/23	1.023	1.025	0.990	0.991	102000	101663.50
2018/10/24	1.009	1.009	0.979	0.991	449484	442876.53
2018/10/25	0.980	0.986	0.940	0.985	178784	172737.73
2018/10/26	0.987	0.990	0.975	0.982	289100	283397.31
2018/10/29	0.951	0.974	0.951	0.965	91400	87857.50
2018/10/30	0.964	0.997	0.940	0.973	1374784	1347439.63
2018/10/31	0.973	0.990	0.973	0.980	735800	723442.63
2018/11/01	0.996	1.001	0.988	0.993	301400	300551.69
2018/11/02	1.001	1.029	1.000	1.029	699800	710289.63
2018/11/05	1.027	1.049	1.026	1.042	977200	1010846.63
2018/11/06	1.042	1.042	1.024	1.029	336300	346407.91
2018/11/07	1.022	1.039	1.022	1.032	719200	742258.63
2018/11/08	1.031	1.040	1.016	1.025	536100	549817.13
2018/11/09	1.017	1.025	1.011	1.019	165600	168823.09
2018/11/12	1.049	1.052	1.018	1.051	583500	606885.50
2018/11/13	1.030	1.074	1.030	1.073	899200	951301.31
2018/11/14	1.080	1.080	1.053	1.054	371700	394966.19
2018/11/15	1.054	1.072	1.042	1.072	89000	94393.90
2018/11/16	1.072	1.086	1.060	1.075	120400	129275.20
2018/11/19	1.075	1.078	1.064	1.075	248784	267448.22
2018/11/20	1.061	1.067	1.047	1.056	232000	245491.50
2018/11/21	1.049	1.058	1.045	1.057	94600	99407.20
2018/11/22	1.058	1.064	1.045	1.060	321400	338115.41
2018/11/23	1.038	1.052	1.017	1.024	253600	260227.00
2018/11/26	1.023	1.024	1.006	1.007	142000	144528.80
2018/11/27	1.028	1.055	1.003	1.009	282600	285299.59
2018/11/28	1.001	1.029	1.001	1.029	274600	278873.31
2018/11/29	1.042	1.042	1.001	1.015	281800	289673.41
2018/11/30	1.013	1.031	1.007	1.031	494300	504287.00
2018/12/03	1.085	1.085	1.040	1.060	269600	284251.41
2018/12/04	1.060	1.066	1.050	1.066	148500	156285.09
2018/12/05	1.059	1.059	1.033	1.059	43200	45644.70
2018/12/06	1.058	1.058	1.025	1.028	268900	278638.09
2018/12/07	1.060	1.060	1.025	1.032	182100	187782.41
2018/12/10	1.031	1.031	1.010	1.023	199600	203691.80
2018/12/11	1.024	1.025	1.016	1.024	264000	269584.41
2018/12/12	1.059	1.059	1.024	1.030	258700	265588.09
2018/12/13	1.030	1.043	1.020	1.043	161200	166059.20
2018/12/14	1.025	1.030	1.021	1.023	207100	212061.80
2018/12/17	1.023	1.026	1.005	1.018	615200	625627.88
2018/12/18	1.005	1.029	0.995	1.020	246400	247913.20
2018/12/19	0.998	1.015	0.988	0.994	150000	149406.91
2018/12/20	1.025	1.025	0.990	1.000	382925	380152.31
2018/12/21	0.986	0.986	0.967	0.978	344600	338044.59
2018/12/24	0.978	0.982	0.970	0.982	48900	47727.50
2018/12/25	0.964	0.984	0.958	0.980	263100	253529.20
2018/12/26	1.001	1.001	0.954	0.969	212300	204972.20
2018/12/27	0.976	0.980	0.945	0.950	424000	412475.09
2018/12/28	0.956	0.966	0.946	0.958	345472	332345.63
2019/01/02	0.953	0.953	0.942	0.944	447900	425748.41
2019/01/03	0.961	0.961	0.932	0.942	438500	413915.81
2019/01/04	0.943	0.967	0.930	0.965	577800	551396.13
2019/01/07	0.964	0.986	0.963	0.986	314400	306581.91
2019/01/08	0.976	0.989	0.976	0.986	340300	333822.41
2019/01/09	0.980	1.010	0.980	1.002	724400	724236.50
2019/01/10	0.983	1.001	0.983	0.990	144100	142524.41
2019/01/11	0.981	0.999	0.981	0.999	396800	395057.41
2019/01/14	0.995	0.995	0.984	0.991	223700	221383.80
2019/01/15	0.984	1.036	0.980	1.035	342100	342867.19
2019/01/16	1.019	1.019	0.998	1.007	99000	99390.10
2019/01/17	0.999	1.006	0.997	0.999	194700	194782.91
2019/01/18	1.015	1.015	0.998	1.011	192900	193216.59
2019/01/21	1.002	1.019	1.002	1.014	63300	64033.40
2019/01/22	1.000	1.001	0.991	1.001	104100	103464.00
2019/01/23	0.993	1.000	0.989	1.000	172300	171216.70
2019/01/24	0.990	1.009	0.990	1.009	322200	323421.31
2019/01/25	1.006	1.018	1.006	1.012	127600	128819.40
2019/01/28	1.009	1.019	1.009	1.010	382200	388107.19
2019/01/29	1.003	1.007	0.981	0.997	383500	379467.31
2019/01/30	1.014	1.014	0.989	0.990	28300	28107.60
2019/01/31	1.012	1.012	0.976	0.988	344700	340419.09
2019/02/01	1.000	1.014	0.989	1.012	547700	550942.31
2019/02/11	1.024	1.045	1.024	1.045	594200	616935.63
2019/02/12	1.045	1.058	1.033	1.058	346500	363393.00
2019/02/13	1.048	1.156	1.048	1.076	235600	252542.80
2019/02/14	1.075	1.083	1.064	1.076	152300	163327.70
2019/02/15	1.067	1.076	1.067	1.073	184900	198244.41
2019/02/18	1.073	1.114	1.073	1.114	299200	330083.91
2019/02/19	1.118	1.128	1.106	1.118	552000	616977.13
2019/02/20	1.110	1.123	1.106	1.119	204000	228049.80
2019/02/21	1.116	1.143	1.110	1.120	465600	526180.63
2019/02/22	1.119	1.150	1.109	1.150	352500	398266.00
2019/02/25	1.162	1.240	1.162	1.210	995000	1177548.75
2019/02/26	1.210	1.223	1.125	1.213	834900	1005705.63
数据来源:通达信
