159941 纳指ETF 日线 前复权
      日期	    开盘	    最高	    最低	    收盘	    成交量	    成交额
2015/07/13	0.950	0.987	0.902	0.958	52934367	49614504.00
2015/07/14	0.970	0.975	0.953	0.967	28642346	27593316.00
2015/07/15	0.963	0.980	0.960	0.963	16483791	15926969.00
2015/07/16	0.963	0.970	0.961	0.966	10938713	10564361.00
2015/07/17	0.968	0.999	0.968	0.989	6495588	6379479.00
2015/07/20	0.988	0.997	0.981	0.990	5619749	5570725.50
2015/07/21	0.988	0.995	0.988	0.994	16217489	16113325.00
2015/07/22	0.990	1.002	0.990	1.002	15820528	15801524.00
2015/07/23	1.004	1.008	0.998	1.006	23314853	23390138.00
2015/07/24	1.001	1.011	1.001	1.007	8040016	8096419.00
2015/07/27	0.999	1.001	0.983	0.993	13662368	13597618.00
2015/07/28	0.992	0.992	0.950	0.978	1670835	1630480.63
2015/07/29	0.979	0.991	0.979	0.988	2921102	2889097.75
2015/07/30	0.993	0.993	0.986	0.988	574012	569071.06
2015/07/31	0.988	1.000	0.985	0.985	1936861	1915272.50
2015/08/03	0.995	0.995	0.980	0.991	5462692	5406127.00
2015/08/04	0.987	0.993	0.987	0.988	480116	474500.00
2015/08/05	0.986	0.993	0.985	0.986	1221429	1207690.50
2015/08/06	0.988	0.996	0.988	0.991	597830	591901.00
2015/08/07	0.985	0.987	0.978	0.980	1156902	1133828.50
2015/08/10	0.979	0.979	0.972	0.975	1042535	1016154.25
2015/08/11	0.983	1.010	0.983	1.004	5932251	5902757.50
2015/08/12	0.997	1.010	0.989	0.992	4551026	4530558.00
2015/08/13	0.996	1.010	0.995	0.999	5084980	5100234.50
2015/08/14	0.991	1.010	0.991	1.000	3241720	3245488.50
2015/08/17	0.998	0.998	0.992	0.993	637505	633380.06
2015/08/18	0.997	1.002	0.996	0.998	2236525	2236998.50
2015/08/19	0.997	0.997	0.989	0.995	605610	601262.44
2015/08/20	0.989	0.989	0.979	0.989	1757013	1731559.25
2015/08/21	0.968	0.968	0.943	0.944	1735213	1649536.63
2015/08/24	0.900	0.912	0.856	0.862	2819975	2484567.00
2015/08/25	0.830	0.880	0.786	0.855	4623823	3958550.00
2015/08/26	0.855	0.878	0.845	0.860	2331668	2004056.13
2015/08/27	0.897	0.900	0.890	0.899	296304	264778.47
2015/08/28	0.919	0.925	0.916	0.921	1340092	1231325.50
2015/08/31	0.921	0.937	0.920	0.929	1085163	1002482.44
2015/09/01	0.916	0.925	0.903	0.909	1492200	1367439.63
2015/09/02	0.880	0.900	0.880	0.898	328700	294165.91
2015/09/07	0.896	0.912	0.896	0.910	406303	368365.63
2015/09/08	0.917	0.917	0.905	0.915	197300	180220.20
2015/09/09	0.939	0.939	0.918	0.920	560600	517654.09
2015/09/10	0.914	0.918	0.914	0.914	373000	341507.19
2015/09/11	0.919	0.930	0.919	0.920	3059384	2826736.50
2015/09/14	0.932	0.935	0.929	0.929	937380	874128.13
2015/09/15	0.932	0.932	0.900	0.912	590400	545351.81
2015/09/16	0.935	0.942	0.935	0.940	984438	922463.31
2015/09/17	0.945	0.945	0.939	0.941	1679001	1579893.00
2015/09/18	0.945	0.951	0.945	0.948	921012	874034.38
2015/09/21	0.927	0.933	0.927	0.933	166500	155126.09
2015/09/22	0.937	0.941	0.931	0.935	1081708	1012626.88
2015/09/23	0.922	0.926	0.913	0.926	310400	284256.09
2015/09/24	0.920	0.920	0.915	0.915	5011104	4590163.50
2015/09/25	0.891	0.916	0.891	0.915	309436	281895.81
2015/09/28	0.908	0.908	0.902	0.906	352200	319162.31
2015/09/29	0.868	0.877	0.868	0.871	1524912	1331798.63
2015/09/30	0.874	0.878	0.873	0.878	822654	720268.75
2015/10/08	0.956	0.956	0.919	0.924	1122840	1035744.63
2015/10/09	0.928	0.930	0.923	0.927	832600	772795.63
2015/10/12	0.928	0.931	0.924	0.929	661001	613605.25
2015/10/13	0.927	0.933	0.927	0.930	418708	389411.53
2015/10/14	0.930	0.930	0.927	0.929	288412	267646.25
2015/10/15	0.927	0.931	0.925	0.926	614917	569608.13
2015/10/16	0.934	0.942	0.934	0.941	690309	648316.63
2015/10/19	0.939	0.944	0.939	0.942	662000	623609.50
2015/10/20	0.945	0.953	0.944	0.949	1302424	1235198.00
2015/10/21	0.949	0.953	0.945	0.945	1277005	1212483.75
2015/10/22	0.940	0.944	0.938	0.940	209700	197121.00
2015/10/23	0.950	0.978	0.950	0.970	3145818	3052820.25
2015/10/26	0.990	0.991	0.983	0.985	802101	792626.38
2015/10/27	0.965	0.986	0.965	0.983	788005	775914.50
2015/10/28	0.986	0.989	0.986	0.989	1487816	1469187.13
2015/10/29	0.995	1.000	0.993	0.997	947239	944198.88
2015/10/30	0.995	0.998	0.994	0.996	623952	621190.81
2015/11/02	0.989	0.989	0.986	0.986	305133	301392.97
2015/11/03	1.000	1.002	0.999	0.999	844349	844390.06
2015/11/04	0.989	1.001	0.989	1.000	1108600	1106068.38
2015/11/05	0.988	0.998	0.982	0.994	469500	467170.69
2015/11/06	0.995	1.000	0.994	1.000	409611	408083.63
2015/11/09	1.000	1.006	0.994	1.002	6001161	6005856.50
2015/11/10	0.994	0.995	0.992	0.992	299559	297240.38
2015/11/11	0.992	0.992	0.987	0.990	140104	138516.45
2015/11/12	0.985	0.995	0.984	0.989	216808	214773.91
2015/11/13	0.988	0.988	0.973	0.986	439002	429142.56
2015/11/16	0.958	0.969	0.958	0.969	24700	23762.40
2015/11/17	0.979	0.985	0.975	0.977	267800	262339.88
2015/11/18	0.976	0.978	0.970	0.978	71500	69361.80
2015/11/19	0.988	1.000	0.988	1.000	453610	452320.53
2015/11/20	0.999	0.999	0.989	0.998	125402	124635.98
2015/11/23	0.998	1.002	0.983	1.000	826805	824962.75
2015/11/24	0.997	1.006	0.997	1.005	2020802	2024393.38
2015/11/25	0.993	1.000	0.993	0.997	448008	446480.06
2015/11/26	1.000	1.006	1.000	1.003	1108515	1112558.38
2015/11/27	1.003	1.009	1.002	1.002	1154344	1160366.50
2015/11/30	1.006	1.006	0.995	0.999	322609	322257.09
2015/12/01	0.998	1.008	0.998	1.006	1725878	1732738.00
2015/12/02	1.008	1.018	1.008	1.017	1708281	1729304.63
2015/12/03	1.017	1.017	1.001	1.002	190400	190857.80
2015/12/04	0.999	0.999	0.991	0.995	42501	42186.49
2015/12/07	1.017	1.017	1.002	1.005	167312	168161.39
2015/12/08	1.005	1.005	0.997	1.001	286652	286063.69
2015/12/09	1.001	1.008	1.001	1.008	629494	632179.00
2015/12/10	0.999	0.999	0.993	0.997	87404	86947.17
2015/12/11	0.996	1.002	0.996	1.002	24700	24730.60
2015/12/14	0.976	0.987	0.976	0.986	829646	817963.06
2015/12/15	0.995	0.995	0.985	0.985	27900	27510.50
2015/12/16	1.003	1.003	0.993	0.994	72995	72578.13
2015/12/17	1.006	1.010	1.001	1.002	492760	494013.00
2015/12/18	1.000	1.000	0.992	0.997	338716	337466.97
2015/12/21	0.988	0.989	0.981	0.989	182817	180336.61
2015/12/22	0.997	0.997	0.982	0.988	413800	409427.03
2015/12/23	0.991	0.992	0.988	0.988	172100	170264.09
2015/12/24	0.993	0.998	0.993	0.996	190104	189332.78
2015/12/25	0.996	0.996	0.991	0.994	162040	161195.70
2015/12/28	0.992	0.995	0.991	0.991	64800	64296.80
2015/12/29	0.993	0.993	0.990	0.993	164500	162980.50
2015/12/30	0.997	1.004	0.997	1.004	1561143	1562778.25
2015/12/31	1.003	1.006	0.990	1.006	2281495	2288466.00
2016/01/04	1.010	1.010	0.992	0.996	223297	223243.98
2016/01/05	0.968	0.994	0.968	0.977	137497	134787.67
2016/01/06	0.983	0.987	0.978	0.979	186800	183255.09
2016/01/07	0.970	0.983	0.968	0.968	214600	209383.80
2016/01/08	0.946	1.004	0.945	0.965	710300	680011.19
2016/01/11	0.900	0.965	0.900	0.935	181001	169823.59
2016/01/12	0.941	0.958	0.941	0.955	866091	823720.00
2016/01/13	0.950	0.965	0.950	0.961	618200	591193.13
2016/01/14	0.906	0.944	0.906	0.940	1242602	1151634.88
2016/01/15	0.932	0.956	0.928	0.941	1343401	1258728.63
2016/01/18	0.909	0.955	0.907	0.938	283802	262818.31
2016/01/19	0.911	0.932	0.911	0.932	452560	418573.13
2016/01/20	0.925	0.934	0.914	0.914	48100	44012.50
2016/01/21	0.916	0.921	0.901	0.914	22700	20823.70
2016/01/22	0.926	0.935	0.913	0.917	60100	55215.25
2016/01/25	0.937	0.937	0.917	0.918	539030	496072.97
2016/01/26	0.915	0.919	0.909	0.910	611200	557923.19
2016/01/27	0.919	0.921	0.904	0.910	710800	647839.13
2016/01/28	0.904	0.907	0.898	0.906	111501	100460.40
2016/01/29	0.909	0.918	0.907	0.918	111116	101351.46
2016/02/01	0.921	0.932	0.921	0.923	60600	56065.90
2016/02/02	0.929	0.931	0.923	0.931	107100	99651.40
2016/02/03	0.910	0.920	0.903	0.917	43300	39703.50
2016/02/04	0.905	0.919	0.905	0.916	66301	60512.02
2016/02/05	0.918	0.927	0.910	0.916	206766	189366.36
2016/02/15	0.899	0.899	0.890	0.891	184400	164628.50
2016/02/16	0.893	0.948	0.893	0.905	336211	309347.03
2016/02/17	0.919	0.930	0.902	0.918	256300	233579.41
2016/02/18	0.910	0.923	0.910	0.911	92000	83800.10
2016/02/19	0.910	0.914	0.905	0.911	26800	24359.20
2016/02/22	0.904	0.914	0.904	0.914	6310	5741.46
2016/02/23	0.923	0.928	0.916	0.922	224200	206242.09
2016/02/24	0.919	0.919	0.908	0.914	64500	58742.10
2016/02/25	0.911	0.928	0.901	0.914	36600	33227.80
2016/02/26	0.925	0.925	0.915	0.923	89800	82790.10
2016/02/29	0.910	0.926	0.910	0.911	35501	32480.61
2016/03/01	0.914	0.915	0.912	0.914	43900	40122.80
2016/03/02	0.929	0.940	0.923	0.934	270824	252745.86
2016/03/03	0.934	0.940	0.934	0.940	202700	190178.91
2016/03/04	0.940	0.945	0.938	0.944	139000	130894.00
2016/03/07	0.942	0.942	0.942	0.942	91600	86287.20
2016/03/08	0.942	0.942	0.932	0.937	27700	25961.10
2016/03/09	0.922	0.929	0.921	0.929	183400	169426.00
2016/03/10	0.934	0.934	0.923	0.934	114804	106622.30
2016/03/11	0.922	0.934	0.919	0.934	62600	58102.79
2016/03/14	0.935	0.947	0.935	0.943	262211	246748.94
2016/03/15	0.928	0.944	0.928	0.940	165800	155619.59
2016/03/16	0.937	0.940	0.937	0.940	48900	45917.80
2016/03/17	0.950	0.958	0.944	0.953	320700	304243.09
2016/03/18	0.950	0.958	0.948	0.950	299701	285190.34
2016/03/21	0.951	0.951	0.947	0.950	174844	165718.14
2016/03/22	0.945	0.953	0.942	0.943	343907	325348.69
2016/03/23	0.949	0.950	0.946	0.950	101804	96579.32
2016/03/24	0.942	0.947	0.939	0.939	200700	188978.09
2016/03/25	0.936	0.942	0.936	0.941	82168	77151.78
2016/03/28	0.940	0.943	0.936	0.942	386906	363802.81
2016/03/29	0.942	0.944	0.939	0.943	86800	81765.90
2016/03/30	0.945	0.956	0.944	0.955	384700	366360.81
2016/03/31	0.957	0.959	0.948	0.948	218502	208870.00
2016/04/01	0.951	0.955	0.950	0.953	177300	168799.41
2016/04/05	0.956	0.958	0.951	0.957	110101	105101.65
2016/04/06	0.951	0.955	0.951	0.955	152101	144941.95
2016/04/07	0.955	0.964	0.955	0.962	110300	105969.30
2016/04/08	0.960	0.960	0.953	0.955	71900	68767.20
2016/04/11	0.945	0.956	0.945	0.953	75102	71343.70
2016/04/12	0.948	0.951	0.946	0.951	55700	52853.20
2016/04/13	0.955	0.957	0.953	0.954	132200	126403.60
2016/04/14	0.958	0.969	0.958	0.966	372654	359747.88
2016/04/15	0.968	0.970	0.965	0.969	237476	229583.20
2016/04/18	0.965	0.965	0.955	0.955	142802	136528.81
2016/04/19	0.956	0.973	0.956	0.973	564802	546778.31
2016/04/20	0.989	0.989	0.961	0.961	298600	290794.91
2016/04/21	0.957	0.968	0.957	0.967	200036	192765.13
2016/04/22	0.961	0.968	0.961	0.963	166515	160602.53
2016/04/25	0.966	0.973	0.952	0.966	695184	670687.13
2016/04/26	0.959	0.966	0.959	0.966	83068	80134.52
2016/04/27	0.951	0.966	0.951	0.961	66900	64341.20
2016/04/28	0.961	0.961	0.948	0.953	173768	165358.86
2016/04/29	0.950	0.956	0.941	0.949	96005	91018.52
2016/05/03	0.950	0.951	0.941	0.941	161808	152859.42
2016/05/04	0.941	0.941	0.936	0.936	43700	41019.00
2016/05/05	0.929	0.936	0.927	0.936	76803	71574.20
2016/05/06	0.934	0.934	0.923	0.926	82300	76195.00
2016/05/09	0.932	0.938	0.930	0.933	57200	53433.40
2016/05/10	0.937	0.943	0.937	0.940	131000	123116.20
2016/05/11	0.941	0.949	0.941	0.947	94004	88881.48
2016/05/12	0.945	0.945	0.938	0.945	63003	59354.62
2016/05/13	0.945	0.945	0.939	0.940	31200	29353.90
2016/05/16	0.939	0.939	0.929	0.933	6001	5589.23
2016/05/17	0.940	0.950	0.940	0.944	38903	36741.25
2016/05/18	0.932	0.944	0.931	0.935	69804	65078.21
2016/05/19	0.935	0.938	0.934	0.935	28000	26172.30
2016/05/20	0.934	0.940	0.930	0.936	214300	200086.41
2016/05/23	0.936	0.956	0.936	0.949	125204	118656.98
2016/05/24	0.959	0.959	0.939	0.945	74801	70420.94
2016/05/25	0.948	0.961	0.948	0.958	317005	303651.97
2016/05/26	0.976	0.976	0.962	0.967	104100	100693.90
2016/05/27	0.972	0.972	0.964	0.969	137800	133146.70
2016/05/30	0.974	0.976	0.970	0.976	250199	243602.42
2016/05/31	0.976	0.979	0.971	0.978	194100	189517.20
2016/06/01	0.953	0.982	0.953	0.978	140200	137155.09
2016/06/02	0.980	0.980	0.975	0.975	45900	44885.79
2016/06/03	0.980	1.010	0.971	0.988	1291026	1267582.38
2016/06/06	0.958	0.979	0.958	0.976	76400	74545.10
2016/06/07	0.978	0.984	0.978	0.979	41800	40980.20
2016/06/08	0.979	0.984	0.970	0.978	208506	203682.52
2016/06/13	0.978	0.978	0.961	0.970	168800	162842.09
2016/06/14	0.962	0.964	0.961	0.961	62099	59805.54
2016/06/15	0.962	0.967	0.962	0.962	56900	54768.30
2016/06/16	0.963	0.965	0.955	0.957	151300	145135.50
2016/06/17	0.965	0.965	0.960	0.961	7800	7522.50
2016/06/20	0.965	0.969	0.965	0.969	69300	67086.50
2016/06/21	0.976	0.976	0.957	0.966	13700	13231.20
2016/06/22	0.967	0.968	0.955	0.961	52303	50043.27
2016/06/23	0.956	0.975	0.956	0.965	700	674.70
2016/06/24	0.996	0.996	0.937	0.953	151500	143636.70
2016/06/27	0.954	0.959	0.941	0.957	58071	55278.78
2016/06/28	0.936	0.968	0.936	0.947	43400	41074.80
2016/06/29	0.941	0.954	0.938	0.952	73800	69676.00
2016/06/30	0.980	0.980	0.956	0.969	7500	7230.00
2016/07/01	0.979	0.979	0.961	0.970	93440	90382.83
2016/07/04	0.952	0.976	0.952	0.966	278927	267678.72
2016/07/05	0.971	0.971	0.957	0.965	1161504	1120837.63
2016/07/06	0.953	0.971	0.953	0.968	1000	960.20
2016/07/07	0.978	0.978	0.962	0.968	38600	37290.20
2016/07/08	0.979	0.979	0.965	0.974	75235	72843.38
2016/07/11	0.974	0.990	0.972	0.988	519559	509380.00
2016/07/12	1.000	1.000	0.988	0.993	326202	323190.59
2016/07/13	1.000	1.006	0.993	1.006	852389	851574.56
2016/07/14	0.997	1.013	0.997	1.013	880509	888102.25
2016/07/15	1.013	1.025	1.009	1.020	550406	560936.88
2016/07/18	1.020	1.020	1.001	1.019	23100	23449.00
2016/07/19	1.018	1.019	1.013	1.014	77214	78342.08
2016/07/20	1.014	1.018	1.005	1.018	113700	115372.40
2016/07/21	1.018	1.031	1.018	1.030	4188581	4300247.50
2016/07/22	1.028	1.028	1.014	1.016	52100	52950.60
2016/07/25	1.034	1.034	1.024	1.025	113600	116438.10
2016/07/26	1.029	1.031	1.017	1.031	400316	410970.09
2016/07/27	1.034	1.040	1.022	1.028	744090	769969.31
2016/07/28	1.036	1.041	1.028	1.041	1167900	1213728.25
2016/07/29	1.038	1.040	1.030	1.036	694307	719209.44
2016/08/01	1.036	1.042	1.036	1.041	295606	307520.25
2016/08/02	1.082	1.082	1.031	1.050	524924	548293.94
2016/08/03	1.048	1.048	1.029	1.033	262700	271041.31
2016/08/04	1.040	1.044	1.027	1.038	288125	298810.53
2016/08/05	1.033	1.038	1.033	1.035	125200	129755.90
2016/08/08	1.050	1.050	1.040	1.049	129204	135241.27
2016/08/09	1.041	1.053	1.041	1.053	278900	292961.19
2016/08/10	1.048	1.055	0.980	1.048	1015800	1053698.75
2016/08/11	1.048	1.050	1.048	1.048	71700	75165.00
2016/08/12	1.050	1.060	1.050	1.053	856648	904094.50
2016/08/15	1.058	1.059	1.043	1.050	476888	499144.13
2016/08/16	1.050	1.054	1.050	1.052	259253	272464.47
2016/08/17	1.047	1.051	1.047	1.048	133600	140250.08
2016/08/18	1.057	1.057	1.049	1.049	123401	129890.85
2016/08/19	1.049	1.051	1.047	1.049	25600	26840.70
2016/08/22	1.050	1.050	1.046	1.049	74306	77904.39
2016/08/23	1.048	1.052	1.048	1.052	86002	90347.80
2016/08/24	1.054	1.063	1.047	1.062	311310	328316.22
2016/08/25	1.042	1.053	1.042	1.053	68900	72324.13
2016/08/26	1.053	1.053	1.048	1.053	2185006	2294421.25
2016/08/29	1.046	1.053	1.046	1.052	62601	65753.55
2016/08/30	1.051	1.056	1.051	1.056	213819	225445.72
2016/08/31	1.054	1.058	1.049	1.056	1160006	1226522.75
2016/09/01	1.054	1.054	1.050	1.054	211101	222155.75
2016/09/02	1.054	1.056	1.052	1.056	232200	244345.41
2016/09/05	1.058	1.062	1.055	1.059	514333	543914.00
2016/09/06	1.057	1.060	1.056	1.059	96800	102431.00
2016/09/07	1.056	1.067	1.056	1.065	126100	134163.70
2016/09/08	1.065	1.067	1.062	1.065	487640	519106.84
2016/09/09	1.062	1.063	1.056	1.063	28000	29725.30
2016/09/12	1.039	1.042	1.028	1.037	136900	142283.00
2016/09/13	1.034	1.061	1.034	1.041	182500	190712.41
2016/09/14	1.045	1.050	1.041	1.046	92300	96196.50
2016/09/19	1.064	1.064	1.052	1.060	457711	484299.03
2016/09/20	1.058	1.059	1.052	1.054	83011	87413.38
2016/09/21	1.063	1.063	1.056	1.060	72207	76508.70
2016/09/22	1.077	1.077	1.064	1.065	619472	661154.50
2016/09/23	1.078	1.078	1.069	1.077	801228	862338.69
2016/09/26	1.076	1.076	1.063	1.066	256200	273147.50
2016/09/27	1.065	1.102	1.051	1.074	300604	322893.47
2016/09/28	1.077	1.085	1.072	1.074	229798	247338.75
2016/09/29	1.074	1.078	1.073	1.075	420200	451530.91
2016/09/30	1.063	1.073	1.063	1.071	114400	122340.23
2016/10/10	1.078	1.079	1.073	1.076	180100	194063.70
2016/10/11	1.077	1.097	1.077	1.088	866430	938289.88
2016/10/12	1.084	1.085	1.069	1.083	107499	116237.72
2016/10/13	1.088	1.088	1.079	1.082	80000	86418.00
2016/10/14	1.081	1.084	1.081	1.084	55000	59540.00
2016/10/17	1.084	1.084	1.071	1.081	190900	205700.91
2016/10/18	1.076	1.086	1.076	1.083	131900	142659.59
2016/10/19	1.081	1.098	1.081	1.084	171805	186317.31
2016/10/20	1.088	1.095	1.086	1.089	169300	184119.19
2016/10/21	1.090	1.091	1.085	1.091	208305	226789.66
2016/10/24	1.090	1.092	1.083	1.092	621600	675920.88
2016/10/25	1.100	1.124	1.099	1.104	354913	391669.91
2016/10/26	1.113	1.113	1.100	1.100	387499	426954.69
2016/10/27	1.104	1.104	1.093	1.099	81100	88950.50
2016/10/28	1.098	1.114	1.091	1.096	172195	188713.22
2016/10/31	1.099	1.099	1.087	1.088	215000	234407.20
2016/11/01	1.093	1.093	1.090	1.090	24200	26393.00
2016/11/02	1.084	1.084	1.074	1.077	321800	346454.19
2016/11/03	1.069	1.074	1.067	1.073	683011	731154.19
2016/11/04	1.072	1.072	1.056	1.065	185200	196260.59
2016/11/07	1.067	1.082	1.067	1.075	171500	184712.33
2016/11/08	1.079	1.093	1.079	1.083	149412	161394.14
2016/11/09	1.086	1.088	1.035	1.055	492226	520881.00
2016/11/10	1.076	1.092	1.076	1.088	337100	365170.09
2016/11/11	1.062	1.079	1.062	1.072	258087	276691.50
2016/11/14	1.076	1.076	1.069	1.075	91905	98625.75
2016/11/15	1.070	1.074	1.061	1.074	163900	174817.00
2016/11/16	1.078	1.101	1.076	1.101	832513	906530.44
2016/11/17	1.101	1.111	1.094	1.098	64600	71113.40
2016/11/18	1.099	1.120	1.060	1.099	647210	708841.50
2016/11/21	1.098	1.099	1.091	1.098	82403	90463.09
2016/11/22	1.104	1.115	1.104	1.115	373488	415792.97
2016/11/23	1.121	1.124	1.115	1.118	179019	200225.13
2016/11/24	1.116	1.139	1.116	1.121	311421	351027.34
2016/11/25	1.110	1.138	1.110	1.131	392900	444658.09
2016/11/28	1.142	1.166	1.128	1.162	800532	922121.63
2016/11/29	1.153	1.180	1.118	1.132	252100	286938.69
2016/11/30	1.129	1.165	1.129	1.150	273100	313582.19
2016/12/01	1.145	1.145	1.113	1.117	573200	643478.50
2016/12/02	1.105	1.105	1.093	1.097	1688188	1850902.88
2016/12/05	1.094	1.110	1.094	1.096	263500	289677.91
2016/12/06	1.100	1.115	1.100	1.108	426800	471568.69
2016/12/07	1.115	1.125	1.106	1.112	1756300	1954272.13
2016/12/08	1.123	1.180	1.115	1.143	3505099	3954540.50
2016/12/09	1.143	1.145	1.123	1.124	1944300	2202050.50
2016/12/12	1.125	1.142	1.125	1.137	491362	556003.44
2016/12/13	1.127	1.169	1.126	1.136	21306205	24057464.00
2016/12/14	1.137	1.180	1.137	1.163	1237430	1434861.13
2016/12/15	1.151	1.163	1.131	1.158	925616	1066324.13
2016/12/16	1.159	1.180	1.155	1.162	898106	1042607.31
2016/12/19	1.160	1.162	1.150	1.162	1013527	1171972.13
2016/12/20	1.161	1.170	1.161	1.170	323600	377343.91
2016/12/21	1.170	1.223	1.170	1.214	1449694	1748463.13
2016/12/22	1.222	1.230	1.216	1.223	2115500	2580347.25
2016/12/23	1.201	1.225	1.184	1.221	775800	938935.69
2016/12/26	1.221	1.320	1.221	1.291	2220530	2853013.75
2016/12/27	1.300	1.301	1.271	1.285	938500	1205190.75
2016/12/28	1.286	1.306	1.269	1.272	871600	1113574.25
2016/12/29	1.230	1.261	1.230	1.256	942685	1181716.00
2016/12/30	1.255	1.268	1.254	1.261	356100	448301.06
2017/01/03	1.222	1.263	1.221	1.242	1789291	2232448.00
2017/01/04	1.257	1.257	1.208	1.220	425415	524020.81
2017/01/05	1.221	1.227	1.202	1.203	779672	942596.19
2017/01/06	1.203	1.210	1.180	1.180	974701	1157660.13
2017/01/09	1.198	1.200	1.176	1.185	266500	316045.00
2017/01/10	1.187	1.197	1.184	1.197	296303	351868.06
2017/01/11	1.213	1.235	1.206	1.229	349097	425646.16
2017/01/12	1.242	1.290	1.183	1.259	1155101	1427762.25
2017/01/13	1.259	1.259	1.224	1.239	263300	324730.50
2017/01/16	1.271	1.271	1.238	1.242	207800	259248.59
2017/01/17	1.260	1.271	1.230	1.249	543900	674045.31
2017/01/18	1.170	1.246	1.170	1.233	336800	414333.59
2017/01/19	1.240	1.267	1.212	1.215	396600	489991.00
2017/01/20	1.222	1.258	1.201	1.213	266804	322555.41
2017/01/23	1.255	1.255	1.190	1.208	224200	270180.31
2017/01/24	1.208	1.250	1.188	1.199	155800	186481.70
2017/01/25	1.246	1.246	1.202	1.209	265600	320472.00
2017/01/26	1.222	1.264	1.213	1.262	994100	1240896.75
2017/02/03	1.264	1.264	1.234	1.244	366500	458652.69
2017/02/06	1.261	1.282	1.250	1.254	242900	304899.50
2017/02/07	1.261	1.261	1.249	1.253	78200	97971.40
2017/02/08	1.253	1.259	1.218	1.259	788000	985370.19
2017/02/09	1.259	1.261	1.250	1.260	226500	284400.50
2017/02/10	1.299	1.299	1.256	1.267	623600	788962.81
2017/02/13	1.262	1.279	1.262	1.270	119900	152043.50
2017/02/14	1.269	1.275	1.261	1.270	463600	588739.50
2017/02/15	1.273	1.273	1.264	1.265	2583672	3277285.00
2017/02/16	1.295	1.295	1.265	1.268	1114400	1424898.25
2017/02/17	1.268	1.292	1.252	1.292	563400	714100.69
2017/02/20	1.289	1.300	1.283	1.299	355401	459661.28
2017/02/21	1.314	1.314	1.289	1.299	456600	591312.81
2017/02/22	1.299	1.305	1.294	1.305	416100	541121.13
2017/02/23	1.295	1.312	1.290	1.305	1140600	1481502.25
2017/02/24	1.299	1.313	1.291	1.294	1804700	2341835.25
2017/02/27	1.304	1.304	1.291	1.293	431705	558453.81
2017/02/28	1.293	1.298	1.286	1.297	686506	888616.69
2017/03/01	1.301	1.301	1.292	1.298	466700	604630.63
2017/03/02	1.298	1.380	1.294	1.300	4166632	5433099.50
2017/03/03	1.291	1.306	1.290	1.296	1041800	1352172.38
2017/03/06	1.335	1.335	1.295	1.305	2241800	2919428.25
2017/03/07	1.305	1.305	1.287	1.301	2152700	2791514.75
2017/03/08	1.299	1.299	1.291	1.293	1227128	1587313.38
2017/03/09	1.299	1.299	1.291	1.293	302800	391238.69
2017/03/10	1.290	1.302	1.290	1.294	500928	648795.00
2017/03/13	1.303	1.365	1.290	1.295	1472900	1906392.13
2017/03/14	1.295	1.298	1.293	1.297	1243788	1610955.63
2017/03/15	1.294	1.298	1.294	1.297	133200	172531.00
2017/03/16	1.309	1.310	1.297	1.301	510500	663371.50
2017/03/17	1.301	1.301	1.297	1.298	343500	446388.50
2017/03/20	1.298	1.300	1.294	1.298	94400	122456.60
2017/03/21	1.298	1.302	1.293	1.301	285300	370290.81
2017/03/22	1.296	1.296	1.271	1.285	262804	336939.41
2017/03/23	1.286	1.300	1.280	1.286	151400	194722.80
2017/03/24	1.272	1.290	1.272	1.278	305608	389658.59
2017/03/27	1.272	1.280	1.267	1.267	343500	436332.59
2017/03/28	1.290	1.296	1.265	1.274	179000	227863.59
2017/03/29	1.283	1.295	1.283	1.294	170900	220996.80
2017/03/30	1.310	1.310	1.268	1.278	184000	236192.59
2017/03/31	1.291	1.301	1.283	1.289	290500	374141.19
2017/04/05	1.290	1.297	1.278	1.285	329400	422737.50
2017/04/06	1.294	1.294	1.277	1.281	147700	189222.59
2017/04/07	1.304	1.304	1.281	1.282	69900	89842.90
2017/04/10	1.298	1.298	1.276	1.284	64100	82261.00
2017/04/11	1.284	1.286	1.282	1.285	28200	36242.20
2017/04/12	1.280	1.288	1.274	1.283	156800	200400.70
2017/04/13	1.280	1.280	1.268	1.275	94300	120105.30
2017/04/14	1.273	1.275	1.269	1.270	161700	205827.30
2017/04/17	1.268	1.268	1.217	1.245	122900	152131.91
2017/04/18	1.250	1.259	1.250	1.255	131000	164346.00
2017/04/19	1.258	1.258	1.230	1.231	345500	427382.50
2017/04/20	1.231	1.254	1.231	1.235	159100	196632.30
2017/04/21	1.241	1.296	1.236	1.236	470400	583384.19
2017/04/24	1.236	1.290	1.236	1.285	1644614	2065063.88
2017/04/25	1.280	1.348	1.280	1.314	1167000	1533315.75
2017/04/26	1.349	1.349	1.311	1.320	748700	986129.00
2017/04/27	1.275	1.318	1.275	1.301	177900	230891.00
2017/04/28	1.329	1.329	1.288	1.311	168900	220704.50
2017/05/02	1.366	1.430	1.297	1.315	239604	314344.47
2017/05/03	1.335	1.335	1.300	1.311	176100	230287.09
2017/05/04	1.310	1.310	1.291	1.310	336800	437652.81
2017/05/05	1.312	1.314	1.297	1.308	449300	585834.31
2017/05/08	1.290	1.350	1.290	1.319	689600	907871.63
2017/05/09	1.319	1.329	1.308	1.317	296100	389384.00
2017/05/10	1.327	1.327	1.315	1.320	223200	294173.59
2017/05/11	1.324	1.324	1.316	1.320	364600	480288.50
2017/05/12	1.319	1.319	1.303	1.315	104300	136776.59
2017/05/15	1.322	1.322	1.309	1.312	130800	171550.41
2017/05/16	1.311	1.319	1.311	1.316	465704	611783.25
2017/05/17	1.323	1.323	1.293	1.295	2486100	3221842.75
2017/05/18	1.281	1.290	1.267	1.286	629900	804139.88
2017/05/19	1.307	1.307	1.286	1.287	139200	179483.50
2017/05/22	1.288	1.299	1.282	1.285	1361903	1750481.00
2017/05/23	1.287	1.301	1.280	1.292	2494530	3208892.75
2017/05/24	1.292	1.293	1.287	1.291	1175665	1516081.13
2017/05/25	1.299	1.303	1.295	1.300	1052700	1367470.75
2017/05/26	1.306	1.326	1.306	1.317	969400	1275194.75
2017/05/31	1.317	1.370	1.316	1.319	1058600	1397117.88
2017/06/01	1.317	1.317	1.310	1.314	875110	1149943.25
2017/06/02	1.318	1.330	1.318	1.328	645200	856137.38
2017/06/05	1.332	1.345	1.329	1.337	585600	781436.88
2017/06/06	1.330	1.341	1.324	1.330	81400	108450.50
2017/06/07	1.322	1.323	1.310	1.317	503400	663059.31
2017/06/08	1.318	1.321	1.318	1.320	301300	397631.91
2017/06/09	1.322	1.333	1.322	1.323	645700	855381.13
2017/06/12	1.308	1.308	1.298	1.302	398000	518200.81
2017/06/13	1.288	1.299	1.282	1.290	319900	412813.41
2017/06/14	1.295	1.300	1.288	1.295	727400	939332.13
2017/06/15	1.287	1.300	1.278	1.278	326100	418733.09
2017/06/16	1.280	1.280	1.273	1.280	383248	489466.06
2017/06/19	1.275	1.280	1.275	1.279	89748	114700.20
2017/06/20	1.290	1.332	1.290	1.301	239200	310874.81
2017/06/21	1.281	1.291	1.281	1.285	89300	114732.80
2017/06/22	1.295	1.300	1.295	1.300	309000	401065.91
2017/06/23	1.297	1.300	1.295	1.299	217900	282661.50
2017/06/26	1.309	1.309	1.301	1.302	252566	329253.34
2017/06/27	1.302	1.302	1.296	1.299	247600	321207.19
2017/06/28	1.279	1.279	1.272	1.272	719100	916457.38
2017/06/29	1.293	1.293	1.280	1.282	339666	436170.22
2017/06/30	1.268	1.268	1.261	1.263	219600	277453.41
2017/07/03	1.261	1.263	1.260	1.263	92700	116968.70
2017/07/04	1.259	1.259	1.248	1.248	251400	314241.19
2017/07/05	1.243	1.254	1.243	1.254	151600	189724.70
2017/07/06	1.255	1.260	1.255	1.259	45200	56901.40
2017/07/07	1.252	1.256	1.250	1.252	64100	80311.30
2017/07/10	1.262	1.267	1.253	1.259	2149304	2695362.50
2017/07/11	1.260	1.266	1.260	1.265	377003	476340.41
2017/07/12	1.263	1.272	1.263	1.272	506600	642287.50
2017/07/13	1.283	1.290	1.282	1.288	390400	502938.91
2017/07/14	1.289	1.308	1.273	1.282	6682212	8568661.00
2017/07/17	1.294	1.294	1.284	1.287	338902	435887.16
2017/07/18	1.302	1.302	1.274	1.285	1633038	2095498.38
2017/07/19	1.291	1.296	1.290	1.294	1419311	1835579.38
2017/07/20	1.307	1.316	1.304	1.310	616206	806045.13
2017/07/21	1.310	1.310	1.300	1.306	294930	385010.50
2017/07/24	1.306	1.306	1.293	1.302	49900	64853.00
2017/07/25	1.308	1.310	1.305	1.309	467500	611222.69
2017/07/26	1.303	1.307	1.303	1.305	33200	43365.60
2017/07/27	1.314	1.317	1.310	1.313	309904	407439.34
2017/07/28	1.307	1.307	1.298	1.300	145704	189572.39
2017/07/31	1.300	1.302	1.297	1.302	1225803	1593399.13
2017/08/01	1.297	1.301	1.290	1.301	287704	371856.88
2017/08/02	1.314	1.314	1.301	1.307	82100	107158.70
2017/08/03	1.306	1.310	1.298	1.300	103700	135562.20
2017/08/04	1.295	1.303	1.294	1.295	62201	80533.09
2017/08/07	1.299	1.310	1.296	1.303	427120	555128.75
2017/08/08	1.305	1.308	1.305	1.305	136513	178206.27
2017/08/09	1.296	1.304	1.294	1.300	192100	249715.00
2017/08/10	1.294	1.303	1.290	1.294	315200	407805.09
2017/08/11	1.283	1.283	1.264	1.270	347201	440333.56
2017/08/14	1.286	1.286	1.266	1.279	273502	347878.22
2017/08/15	1.293	1.297	1.292	1.294	242100	313034.19
2017/08/16	1.290	1.299	1.290	1.294	125900	162943.20
2017/08/17	1.294	1.294	1.287	1.290	42800	55194.90
2017/08/18	1.277	1.279	1.275	1.278	59700	76202.10
2017/08/21	1.274	1.287	1.272	1.286	19600	24975.90
2017/08/22	1.271	1.283	1.270	1.273	300700	382522.00
2017/08/23	1.292	1.292	1.279	1.281	102108	130846.46
2017/08/24	1.285	1.285	1.274	1.274	15708	20088.43
2017/08/25	1.275	1.280	1.270	1.275	108700	138273.09
2017/08/28	1.290	1.290	1.266	1.272	445828	566362.50
2017/08/29	1.275	1.275	1.269	1.273	55000	69899.80
2017/08/30	1.273	1.277	1.272	1.273	51200	65241.80
2017/08/31	1.282	1.289	1.282	1.285	65800	84498.20
2017/09/01	1.290	1.297	1.290	1.294	47300	61132.00
2017/09/04	1.294	1.294	1.284	1.287	76600	98552.50
2017/09/05	1.287	1.287	1.286	1.287	96000	123483.60
2017/09/06	1.285	1.285	1.270	1.273	237500	301924.50
2017/09/07	1.273	1.274	1.269	1.272	172800	219513.50
2017/09/08	1.270	1.272	1.268	1.270	89010	113095.58
2017/09/11	1.270	1.272	1.255	1.263	96113	121593.94
2017/09/12	1.279	1.279	1.269	1.270	185400	236024.91
2017/09/13	1.278	1.278	1.270	1.273	107300	136550.41
2017/09/14	1.277	1.277	1.273	1.276	357900	456388.91
2017/09/15	1.275	1.275	1.271	1.274	211700	269188.91
2017/09/18	1.276	1.285	1.276	1.285	186900	239553.20
2017/09/19	1.281	1.288	1.281	1.286	41700	53595.00
2017/09/20	1.289	1.289	1.280	1.287	149908	192261.78
2017/09/21	1.278	1.288	1.278	1.287	146608	188029.27
2017/09/22	1.273	1.296	1.273	1.280	272708	349639.38
2017/09/25	1.304	1.304	1.277	1.277	37200	48033.29
2017/09/26	1.286	1.286	1.267	1.269	113599	144026.14
2017/09/27	1.270	1.276	1.270	1.272	29100	37044.70
2017/09/28	1.275	1.286	1.275	1.285	46600	59492.20
2017/09/29	1.285	1.285	1.282	1.282	6000	7699.80
2017/10/09	1.310	1.311	1.293	1.304	1081600	1415632.00
2017/10/10	1.311	1.311	1.300	1.302	304700	396424.50
2017/10/11	1.303	1.332	1.300	1.302	383500	499719.41
2017/10/12	1.306	1.306	1.303	1.304	110600	144192.20
2017/10/13	1.304	1.304	1.297	1.301	244500	317398.31
2017/10/16	1.309	1.309	1.300	1.304	95600	124613.50
2017/10/17	1.310	1.326	1.305	1.322	814405	1070816.38
2017/10/18	1.322	1.329	1.322	1.323	1505500	1992114.25
2017/10/19	1.328	1.328	1.316	1.316	40900	54062.40
2017/10/20	1.320	1.322	1.316	1.316	245300	322901.50
2017/10/23	1.318	1.328	1.318	1.325	345315	456095.50
2017/10/24	1.311	1.319	1.311	1.319	300300	395165.41
2017/10/25	1.326	1.326	1.318	1.318	565800	746866.13
2017/10/26	1.318	1.333	1.314	1.315	69300	91312.00
2017/10/27	1.323	1.338	1.316	1.318	102601	135351.22
2017/10/30	1.344	1.348	1.340	1.348	772852	1040350.69
2017/10/31	1.352	1.374	1.352	1.362	33900	46037.80
2017/11/01	1.363	1.383	1.359	1.370	200400	274276.59
2017/11/02	1.369	1.369	1.358	1.364	136200	185057.00
2017/11/03	1.382	1.382	1.357	1.367	76700	105175.30
2017/11/06	1.374	1.391	1.366	1.370	81600	111650.90
2017/11/07	1.388	1.388	1.369	1.378	53701	73961.87
2017/11/08	1.378	1.379	1.369	1.376	45401	62481.87
2017/11/09	1.429	1.429	1.375	1.379	504745	696252.69
2017/11/10	1.370	1.379	1.370	1.379	115901	159228.77
2017/11/13	1.375	1.399	1.374	1.374	29100	40000.50
2017/11/14	1.379	1.379	1.372	1.378	76500	105242.10
2017/11/15	1.377	1.377	1.374	1.376	200100	275365.19
2017/11/16	1.369	1.378	1.358	1.375	61300	83450.60
2017/11/17	1.375	1.381	1.375	1.380	237348	327147.09
2017/11/20	1.379	1.379	1.369	1.371	279300	382729.69
2017/11/21	1.371	1.378	1.371	1.374	40300	55481.70
2017/11/22	1.383	1.396	1.383	1.389	59945	83240.76
2017/11/23	1.388	1.388	1.381	1.381	145707	201468.39
2017/11/24	1.382	1.388	1.380	1.382	76850	106122.20
2017/11/27	1.384	1.392	1.380	1.385	286600	396549.00
2017/11/28	1.382	1.387	1.382	1.384	234500	324694.50
2017/11/29	1.386	1.398	1.386	1.396	323346	449962.16
2017/11/30	1.395	1.395	1.373	1.378	56245	77398.88
2017/12/01	1.384	1.387	1.381	1.387	102100	141406.09
2017/12/04	1.410	1.410	1.389	1.393	870800	1215819.75
2017/12/05	1.382	1.382	1.357	1.360	240350	327452.00
2017/12/06	1.368	1.368	1.353	1.357	52700	71556.30
2017/12/07	1.364	1.368	1.358	1.364	80500	109830.90
2017/12/08	1.368	1.380	1.368	1.380	442350	608079.94
2017/12/11	1.389	1.395	1.375	1.385	30800	42497.70
2017/12/12	1.417	1.417	1.383	1.395	47400	66756.30
2017/12/13	1.389	1.398	1.381	1.393	37800	52592.40
2017/12/14	1.392	1.409	1.386	1.395	38400	53568.80
2017/12/15	1.383	1.396	1.344	1.396	76300	105492.80
2017/12/18	1.396	1.410	1.396	1.400	215800	302237.00
2017/12/19	1.408	1.415	1.407	1.414	122800	173396.70
2017/12/20	1.404	1.412	1.404	1.410	46605	65576.83
2017/12/21	1.400	1.402	1.394	1.394	402800	562669.19
2017/12/22	1.398	1.400	1.392	1.395	26700	37255.80
2017/12/25	1.394	1.399	1.381	1.397	80300	111911.15
2017/12/26	1.397	1.400	1.383	1.398	30800	42975.60
2017/12/27	1.407	1.407	1.373	1.384	114900	159201.09
2017/12/28	1.372	1.387	1.371	1.386	125300	173197.66
2017/12/29	1.381	1.387	1.381	1.386	33703	46563.94
2018/01/02	1.416	1.416	1.381	1.397	35205	49164.41
2018/01/03	1.400	1.405	1.393	1.398	200500	280382.00
2018/01/04	1.409	1.418	1.401	1.408	79200	111575.10
2018/01/05	1.397	1.408	1.397	1.400	201970	283081.19
2018/01/08	1.409	1.429	1.405	1.417	441513	620986.44
2018/01/09	1.427	1.427	1.418	1.424	254106	361276.91
2018/01/10	1.426	1.449	1.426	1.433	119200	170664.30
2018/01/11	1.428	1.435	1.410	1.433	141300	200983.91
2018/01/12	1.421	1.448	1.421	1.437	643013	923646.50
2018/01/15	1.485	1.485	1.444	1.449	143900	208176.00
2018/01/16	1.456	1.456	1.450	1.451	86500	125450.90
2018/01/17	1.440	1.447	1.435	1.445	18700	26938.84
2018/01/18	1.477	1.477	1.442	1.454	115900	168154.80
2018/01/19	1.456	1.456	1.446	1.451	50000	72570.00
2018/01/22	1.445	1.454	1.442	1.447	109600	158587.30
2018/01/23	1.467	1.467	1.453	1.462	313900	457340.09
2018/01/24	1.463	1.480	1.463	1.476	217527	319502.97
2018/01/25	1.477	1.477	1.430	1.459	327200	476353.50
2018/01/26	1.459	1.465	1.444	1.465	50600	73953.30
2018/01/29	1.482	1.482	1.467	1.478	186886	274800.66
2018/01/30	1.471	1.471	1.440	1.466	20900	30504.00
2018/01/31	1.436	1.452	1.436	1.450	142606	206271.70
2018/02/01	1.450	1.450	1.446	1.449	54900	79456.70
2018/02/02	1.456	1.456	1.401	1.447	102600	148189.09
2018/02/05	1.409	1.409	1.375	1.393	430018	598975.44
2018/02/06	1.369	1.369	1.307	1.313	622719	817828.56
2018/02/07	1.357	1.357	1.326	1.331	446201	600580.25
2018/02/08	1.339	1.339	1.316	1.337	194400	258517.59
2018/02/09	1.273	1.300	1.273	1.276	223100	285502.91
2018/02/12	1.273	1.324	1.273	1.324	952648	1245230.00
2018/02/13	1.338	1.367	1.337	1.347	365685	493622.13
2018/02/14	1.369	1.370	1.349	1.356	151600	205032.52
2018/02/22	1.381	1.392	1.380	1.385	121800	168656.80
2018/02/23	1.390	1.400	1.376	1.400	924003	1288698.25
2018/02/26	1.477	1.477	1.426	1.440	66600	95524.00
2018/02/27	1.446	1.470	1.446	1.462	295600	431348.19
2018/02/28	1.456	1.456	1.424	1.432	58800	84389.70
2018/03/01	1.419	1.438	1.419	1.427	27000	38552.40
2018/03/02	1.406	1.426	1.405	1.417	123997	175830.30
2018/03/05	1.435	1.435	1.411	1.420	34500	48912.60
2018/03/06	1.433	1.434	1.429	1.431	43400	62129.40
2018/03/07	1.401	1.447	1.401	1.442	20900	30128.00
2018/03/08	1.432	1.448	1.432	1.441	108306	156308.38
2018/03/09	1.445	1.445	1.443	1.443	47900	69195.40
2018/03/12	1.454	1.548	1.454	1.476	320700	480520.50
2018/03/13	1.510	1.510	1.467	1.473	277900	413041.50
2018/03/14	1.458	1.465	1.450	1.458	118800	173121.00
2018/03/15	1.458	1.465	1.442	1.465	242270	353626.34
2018/03/16	1.478	1.478	1.466	1.473	51566	75935.62
2018/03/19	1.473	1.473	1.466	1.466	45400	66642.70
2018/03/20	1.425	1.448	1.425	1.435	207200	298523.31
2018/03/21	1.437	1.468	1.436	1.442	43500	62843.10
2018/03/22	1.441	1.445	1.432	1.444	53900	77707.00
2018/03/23	1.442	1.442	1.362	1.389	228200	316817.91
2018/03/26	1.388	1.448	1.352	1.397	339200	462200.69
2018/03/27	1.404	1.437	1.397	1.406	126000	177851.41
2018/03/28	1.344	1.378	1.344	1.377	120666	164403.52
2018/03/29	1.377	1.377	1.336	1.355	76206	103110.38
2018/03/30	1.370	1.420	1.357	1.362	52809	72256.53
2018/04/02	1.366	1.366	1.362	1.362	44800	61072.20
2018/04/03	1.318	1.362	1.318	1.357	73408	98188.95
2018/04/04	1.357	1.398	1.357	1.358	34700	48412.50
2018/04/09	1.449	1.449	1.345	1.356	235900	328980.81
2018/04/10	1.343	1.392	1.343	1.368	91700	124923.80
2018/04/11	1.382	1.415	1.376	1.381	20300	28064.80
2018/04/12	1.385	1.385	1.379	1.380	26700	36860.50
2018/04/13	1.383	1.388	1.374	1.375	25300	34838.40
2018/04/16	1.367	1.377	1.367	1.376	31200	42890.20
2018/04/17	1.486	1.486	1.376	1.386	50000	69228.20
2018/04/18	1.407	1.412	1.395	1.400	254500	356843.50
2018/04/19	1.407	1.411	1.399	1.401	213600	299676.09
2018/04/20	1.405	1.405	1.390	1.391	40100	55948.40
2018/04/23	1.373	1.376	1.372	1.375	94001	129071.48
2018/04/24	1.369	1.390	1.369	1.388	67600	93543.10
2018/04/25	1.364	1.366	1.353	1.359	129076	175579.95
2018/04/26	1.359	1.368	1.359	1.368	44400	60468.57
2018/04/27	1.369	1.380	1.361	1.372	525800	719616.88
2018/05/02	1.370	1.389	1.367	1.380	801021	1100303.63
2018/05/03	1.386	1.386	1.374	1.380	532000	734238.00
2018/05/04	1.381	1.396	1.380	1.396	192300	267423.00
2018/05/07	1.400	1.414	1.400	1.410	254106	356745.72
2018/05/08	1.407	1.414	1.407	1.414	139300	196686.91
2018/05/09	1.421	1.428	1.419	1.425	220602	313431.63
2018/05/10	1.479	1.479	1.437	1.440	150600	217030.00
2018/05/11	1.492	1.492	1.454	1.465	248700	364646.41
2018/05/14	1.465	1.471	1.465	1.466	124600	182651.30
2018/05/15	1.472	1.472	1.466	1.472	276400	406003.91
2018/05/16	1.471	1.497	1.460	1.460	74099	108312.34
2018/05/17	1.470	1.475	1.461	1.469	170800	250665.59
2018/05/18	1.471	1.520	1.464	1.466	202900	299820.19
2018/05/21	1.462	1.479	1.460	1.479	284013	416667.41
2018/05/22	1.479	1.518	1.466	1.467	32300	47516.70
2018/05/23	1.457	1.469	1.430	1.448	266300	383098.41
2018/05/24	1.468	1.478	1.451	1.458	155201	226457.45
2018/05/25	1.421	1.461	1.421	1.460	31100	45193.00
2018/05/28	1.460	1.519	1.455	1.480	322100	486790.31
2018/05/29	1.518	1.518	1.472	1.472	1900	2819.20
2018/05/30	1.493	1.493	1.462	1.462	4400	6506.90
2018/05/31	1.468	1.499	1.468	1.477	86638	128152.28
2018/06/01	1.491	1.491	1.473	1.476	110500	163859.09
2018/06/04	1.500	1.517	1.500	1.511	98600	148674.09
2018/06/05	1.519	1.544	1.519	1.525	75081	114549.14
2018/06/06	1.649	1.649	1.530	1.536	64381	99553.31
2018/06/07	1.617	1.617	1.537	1.540	167166	258715.08
2018/06/08	1.543	1.543	1.520	1.520	39900	60764.40
2018/06/11	1.599	1.599	1.514	1.533	66000	100152.60
2018/06/12	1.535	1.536	1.520	1.535	291500	445680.81
2018/06/13	1.549	1.549	1.539	1.546	5000	7706.30
2018/06/14	1.537	1.544	1.534	1.544	124400	191080.50
2018/06/15	1.544	1.590	1.544	1.580	207703	327730.72
2018/06/19	1.580	1.580	1.535	1.535	41000	64101.10
2018/06/20	1.590	1.590	1.554	1.554	7900	12318.10
2018/06/21	1.585	1.585	1.567	1.584	186038	294017.28
2018/06/22	1.579	1.579	1.557	1.577	91800	144720.00
2018/06/25	1.578	1.587	1.565	1.575	45800	72311.80
2018/06/26	1.530	1.562	1.530	1.538	146213	225091.00
2018/06/27	1.539	1.547	1.532	1.538	59400	91461.40
2018/06/28	1.538	1.538	1.506	1.531	87700	132675.00
2018/06/29	1.531	1.580	1.523	1.565	220053	342480.03
2018/07/02	1.575	1.575	1.536	1.555	163200	251655.00
2018/07/03	1.560	1.600	1.560	1.571	171210	269363.09
2018/07/04	1.588	1.588	1.547	1.572	88800	139699.30
2018/07/05	1.593	1.593	1.555	1.570	23200	36209.40
2018/07/06	1.590	1.606	1.571	1.590	175800	279713.69
2018/07/09	1.593	1.625	1.593	1.607	156900	252288.41
2018/07/10	1.632	1.632	1.592	1.622	175466	283558.41
2018/07/11	1.621	1.638	1.621	1.632	60766	98814.48
2018/07/12	1.631	1.639	1.623	1.637	127600	208291.20
2018/07/13	1.665	1.665	1.643	1.651	106400	175556.20
2018/07/16	1.635	1.666	1.635	1.663	38000	63094.50
2018/07/17	1.664	1.680	1.618	1.625	482700	791741.31
2018/07/18	1.650	1.650	1.635	1.638	147900	242780.80
2018/07/19	1.644	1.644	1.636	1.640	168200	275689.19
2018/07/20	1.636	1.648	1.636	1.640	337300	552642.31
2018/07/23	1.633	1.635	1.625	1.627	233000	379365.50
2018/07/24	1.647	1.660	1.633	1.654	480004	792127.75
2018/07/25	1.656	1.660	1.648	1.652	757600	1251321.38
2018/07/26	1.674	1.674	1.662	1.668	278200	464372.19
2018/07/27	1.666	1.687	1.653	1.680	1147700	1923857.25
2018/07/30	1.678	1.678	1.646	1.649	906100	1500715.38
2018/07/31	1.640	1.640	1.611	1.619	626300	1012503.13
2018/08/01	1.620	1.637	1.620	1.633	727100	1182811.50
2018/08/02	1.638	1.639	1.630	1.636	752600	1230163.38
2018/08/03	1.660	1.680	1.657	1.680	577800	966168.31
2018/08/06	1.687	1.698	1.670	1.692	1300100	2197454.50
2018/08/07	1.700	1.720	1.690	1.699	3843000	6544834.00
2018/08/08	1.699	1.717	1.682	1.686	1528100	2580639.00
2018/08/09	1.687	1.687	1.580	1.675	887400	1482953.00
2018/08/10	1.675	1.688	1.669	1.676	782700	1309308.88
2018/08/13	1.650	1.670	1.623	1.666	349200	580288.63
2018/08/14	1.660	1.677	1.660	1.675	261700	436467.69
2018/08/15	1.690	1.703	1.683	1.692	1126600	1911731.50
2018/08/16	1.668	1.689	1.666	1.678	552700	927032.69
2018/08/17	1.688	1.695	1.680	1.695	450805	761132.56
2018/08/20	1.696	1.697	1.680	1.687	761400	1285631.38
2018/08/21	1.683	1.686	1.671	1.675	778800	1307771.38
2018/08/22	1.670	1.675	1.666	1.670	431400	720454.38
2018/08/23	1.674	1.682	1.674	1.676	386500	648490.50
2018/08/24	1.676	1.678	1.671	1.677	172400	288960.19
2018/08/27	1.681	1.684	1.675	1.681	758000	1273616.13
2018/08/28	1.690	1.706	1.690	1.703	982000	1670410.63
2018/08/29	1.700	1.712	1.700	1.709	281215	480582.03
2018/08/30	1.716	1.798	1.716	1.733	540200	935148.69
2018/08/31	1.732	1.732	1.708	1.730	536500	926112.38
2018/09/03	1.730	1.740	1.730	1.736	600600	1042210.31
2018/09/04	1.737	1.744	1.733	1.743	548700	955407.81
2018/09/05	1.744	1.744	1.736	1.738	424300	737990.69
2018/09/06	1.721	1.733	1.698	1.698	1277200	2174267.00
2018/09/07	1.688	1.688	1.669	1.679	537400	901399.50
2018/09/10	1.672	1.693	1.672	1.685	763500	1284419.88
2018/09/11	1.688	1.720	1.688	1.702	348500	592829.69
2018/09/12	1.720	1.721	1.710	1.715	1047900	1795474.88
2018/09/13	1.704	1.710	1.696	1.697	474000	805927.88
2018/09/14	1.709	1.711	1.705	1.710	314500	537361.69
2018/09/17	1.705	1.710	1.699	1.709	192600	328580.81
2018/09/18	1.691	1.691	1.672	1.689	484700	813079.63
2018/09/19	1.709	1.709	1.693	1.695	606300	1029004.50
2018/09/20	1.686	1.695	1.686	1.693	312700	529080.38
2018/09/21	1.707	1.707	1.703	1.704	361701	616629.50
2018/09/25	1.703	1.703	1.695	1.701	433100	735766.00
2018/09/26	1.701	1.707	1.701	1.706	383802	654201.13
2018/09/27	1.706	1.706	1.698	1.704	298100	507740.00
2018/09/28	1.716	1.729	1.715	1.727	715200	1233020.13
2018/10/08	1.690	1.690	1.676	1.677	631500	1060165.75
2018/10/09	1.667	1.699	1.667	1.681	452700	763299.00
2018/10/10	1.685	1.696	1.677	1.682	1168600	1962146.63
2018/10/11	1.637	1.637	1.560	1.578	2125900	3360615.25
2018/10/12	1.578	1.611	1.561	1.609	813831	1293391.75
2018/10/15	1.622	1.639	1.603	1.605	463900	748710.38
2018/10/16	1.606	1.611	1.601	1.606	85700	137413.30
2018/10/17	1.648	1.666	1.646	1.666	455780	753432.56
2018/10/18	1.648	1.651	1.643	1.646	273600	450363.28
2018/10/19	1.617	1.629	1.617	1.629	840090	1361510.63
2018/10/22	1.627	1.627	1.610	1.618	928452	1498982.00
2018/10/23	1.614	1.618	1.597	1.601	991900	1595106.25
2018/10/24	1.604	1.611	1.600	1.608	182100	292443.91
2018/10/25	1.541	1.555	1.535	1.554	894641	1384705.63
2018/10/26	1.585	1.586	1.548	1.556	748600	1165467.75
2018/10/29	1.556	1.566	1.547	1.556	344900	536723.81
2018/10/30	1.546	1.546	1.527	1.537	999900	1536694.75
2018/10/31	1.552	1.553	1.547	1.551	447300	693020.69
2018/11/01	1.571	1.582	1.569	1.574	1020701	1611266.63
2018/11/02	1.584	1.600	1.584	1.597	1002400	1596154.13
2018/11/05	1.591	1.591	1.568	1.573	585600	920708.88
2018/11/06	1.568	1.573	1.567	1.570	319200	501088.69
2018/11/07	1.575	1.587	1.575	1.580	604200	956081.81
2018/11/08	1.612	1.623	1.612	1.615	603500	976523.13
2018/11/09	1.608	1.614	1.608	1.613	160500	258689.30
2018/11/12	1.602	1.607	1.586	1.605	190405	304520.59
2018/11/13	1.571	1.574	1.548	1.558	502200	781344.38
2018/11/14	1.554	1.556	1.552	1.555	125700	195327.50
2018/11/15	1.548	1.548	1.536	1.542	1139800	1753464.25
2018/11/16	1.553	1.553	1.544	1.547	608700	942641.13
2018/11/19	1.548	1.551	1.546	1.551	217200	336277.00
2018/11/20	1.524	1.524	1.495	1.500	743205	1116729.50
2018/11/21	1.470	1.497	1.470	1.487	949548	1406758.13
2018/11/22	1.487	1.490	1.478	1.483	327400	484904.00
2018/11/23	1.481	1.483	1.473	1.473	182200	268618.91
2018/11/26	1.480	1.485	1.475	1.485	189400	280757.81
2018/11/27	1.499	1.500	1.495	1.500	357300	535289.38
2018/11/28	1.505	1.525	1.505	1.523	1804500	2742218.00
2018/11/29	1.548	1.557	1.548	1.549	460283	714136.94
2018/11/30	1.555	1.555	1.551	1.555	310420	482159.78
2018/12/03	1.580	1.603	1.580	1.600	831280	1325143.63
2018/12/04	1.596	1.596	1.565	1.565	671200	1059875.75
2018/12/05	1.528	1.530	1.520	1.530	1135900	1733546.38
2018/12/06	1.515	1.515	1.501	1.505	213000	321027.19
2018/12/07	1.520	1.535	1.520	1.529	46800	71612.90
2018/12/10	1.529	1.529	1.476	1.479	599900	887875.00
2018/12/11	1.495	1.515	1.495	1.501	412400	619433.19
2018/12/12	1.508	1.519	1.506	1.518	786500	1190154.00
2018/12/13	1.533	1.533	1.523	1.528	283800	434140.00
2018/12/14	1.525	1.525	1.507	1.513	162300	245772.41
2018/12/17	1.492	1.493	1.487	1.492	392300	584288.31
2018/12/18	1.475	1.479	1.455	1.463	268800	393079.19
2018/12/19	1.460	1.464	1.460	1.464	78700	114955.50
2018/12/20	1.444	1.444	1.418	1.418	874300	1245252.50
2018/12/21	1.408	1.414	1.405	1.414	541900	763170.31
2018/12/24	1.380	1.380	1.356	1.372	631200	865693.38
2018/12/25	1.340	1.340	1.316	1.326	631952	837167.69
2018/12/26	1.327	1.332	1.320	1.324	1111600	1471508.25
2018/12/27	1.399	1.410	1.388	1.394	1378800	1922476.50
2018/12/28	1.401	1.410	1.401	1.407	414600	583241.38
2019/01/02	1.418	1.423	1.394	1.397	482100	679866.00
2019/01/03	1.398	1.398	1.387	1.387	283200	393263.91
2019/01/04	1.351	1.388	1.351	1.388	435900	596385.19
2019/01/07	1.419	1.443	1.419	1.430	153700	220309.09
2019/01/08	1.442	1.455	1.442	1.451	1068200	1550178.75
2019/01/09	1.460	1.470	1.460	1.464	184500	270590.69
2019/01/10	1.464	1.464	1.450	1.450	182500	265808.91
2019/01/11	1.465	1.466	1.459	1.459	49900	72943.60
2019/01/14	1.451	1.454	1.445	1.446	51100	73970.90
2019/01/15	1.446	1.455	1.446	1.455	90300	130910.90
2019/01/16	1.464	1.473	1.464	1.473	200000	294098.59
2019/01/17	1.465	1.466	1.461	1.463	180400	264157.00
2019/01/18	1.481	1.489	1.481	1.486	430500	639124.50
2019/01/21	1.495	1.498	1.494	1.494	33105	49487.67
2019/01/22	1.497	1.498	1.484	1.485	125600	187181.20
2019/01/23	1.452	1.477	1.452	1.472	131100	192839.50
2019/01/24	1.470	1.473	1.470	1.472	17500	25729.80
2019/01/25	1.474	1.482	1.474	1.480	437600	647058.81
2019/01/28	1.490	1.490	1.478	1.479	559800	829703.31
2019/01/29	1.462	1.469	1.462	1.465	76500	111906.00
2019/01/30	1.460	1.464	1.460	1.463	60800	88998.20
2019/01/31	1.550	1.550	1.477	1.496	95100	142186.70
2019/02/01	1.508	1.519	1.504	1.519	748200	1131646.63
2019/02/11	1.519	1.525	1.517	1.520	668200	1014993.88
2019/02/12	1.525	1.528	1.522	1.524	650300	991397.88
2019/02/13	1.541	1.545	1.541	1.544	148100	228389.30
2019/02/14	1.540	1.540	1.535	1.540	336100	516510.00
2019/02/15	1.534	1.538	1.527	1.527	166800	255192.80
2019/02/18	1.534	1.549	1.534	1.549	190200	293812.00
2019/02/19	1.547	1.549	1.540	1.549	115500	178581.09
2019/02/20	1.550	1.550	1.543	1.544	124700	192554.20
2019/02/21	1.544	1.544	1.539	1.542	145400	224180.70
2019/02/22	1.537	1.537	1.533	1.536	129300	198397.00
2019/02/25	1.549	1.553	1.535	1.553	528200	815642.38
2019/02/26	1.553	1.553	1.535	1.541	604200	931988.81
数据来源:通达信
