159912 深300ETF 日线 前复权
      日期	    开盘	    最高	    最低	    收盘	    成交量	    成交额
2011/11/24	0.956	0.973	0.952	0.966	139313226	133460360.00
2011/11/25	0.960	0.975	0.955	0.962	17425190	16800592.00
2011/11/28	0.956	0.967	0.952	0.960	12735490	12223685.00
2011/11/29	0.963	0.975	0.963	0.974	22349333	21618220.00
2011/11/30	0.960	0.972	0.932	0.937	23449920	22079080.00
2011/12/01	0.957	0.978	0.950	0.960	26557385	25636220.00
2011/12/02	0.955	0.955	0.938	0.943	2851339	2697592.00
2011/12/05	0.930	0.940	0.916	0.916	2943368	2714380.50
2011/12/06	0.896	0.923	0.896	0.916	2710377	2477500.00
2011/12/07	0.917	0.924	0.915	0.919	1362791	1253553.25
2011/12/08	0.919	0.930	0.906	0.909	1113195	1021894.13
2011/12/09	0.909	0.921	0.906	0.911	4761270	4340739.50
2011/12/12	0.909	0.911	0.896	0.896	1296442	1174041.38
2011/12/13	0.896	0.896	0.875	0.880	3072767	2712133.25
2011/12/14	0.872	0.881	0.862	0.864	2031836	1766771.63
2011/12/15	0.856	0.859	0.840	0.843	20731845	17615930.00
2011/12/16	0.848	0.864	0.841	0.862	2135447	1814335.38
2011/12/19	0.854	0.867	0.842	0.865	2434845	2075785.88
2011/12/20	0.868	0.875	0.860	0.860	2600115	2254467.00
2011/12/21	0.870	0.872	0.810	0.846	1757346	1519305.00
2011/12/22	0.816	0.846	0.816	0.844	911230	758059.13
2011/12/23	0.837	0.858	0.837	0.847	1235735	1052218.63
2011/12/26	0.844	0.852	0.840	0.840	10251466	8681284.00
2011/12/27	0.836	0.839	0.820	0.820	1435196	1190336.38
2011/12/28	0.818	0.821	0.804	0.820	1506412	1227814.13
2011/12/29	0.802	0.826	0.802	0.824	6877218	5653637.00
2011/12/30	0.829	0.837	0.829	0.835	3987063	3321504.50
2012/01/04	0.834	0.846	0.819	0.819	1632929	1364642.50
2012/01/05	0.808	0.812	0.793	0.795	1816526	1462961.25
2012/01/06	0.804	0.810	0.783	0.800	1656230	1310807.88
2012/01/09	0.797	0.830	0.793	0.830	4808715	3945114.00
2012/01/10	0.828	0.866	0.828	0.860	180219686	154277312.00
2012/01/11	0.860	0.863	0.851	0.857	5951693	5118766.00
2012/01/12	0.852	0.868	0.852	0.858	72728182	62779664.00
2012/01/13	0.858	0.858	0.824	0.835	1678031	1406599.25
2012/01/16	0.821	0.832	0.812	0.816	14119115	11619550.00
2012/01/17	0.812	0.857	0.808	0.855	192931090	163251664.00
2012/01/18	0.855	0.866	0.830	0.834	64572895	55669340.00
2012/01/19	0.834	0.853	0.831	0.847	4077604	3461580.25
2012/01/20	0.850	0.863	0.849	0.863	33752879	28892850.00
2012/01/30	0.863	0.865	0.852	0.852	3984373	3419114.75
2012/01/31	0.854	0.854	0.845	0.852	1346732	1144502.88
2012/02/01	0.852	0.860	0.842	0.843	600005	511010.28
2012/02/02	0.852	0.862	0.845	0.862	37694824	32326490.00
2012/02/03	0.860	0.871	0.856	0.871	63713049	55181180.00
2012/02/06	0.870	0.879	0.868	0.872	6412735	5603999.50
2012/02/07	0.866	0.866	0.852	0.855	984970	846644.00
2012/02/08	0.857	0.886	0.854	0.882	103450049	90389800.00
2012/02/09	0.882	0.893	0.878	0.884	57027357	50449088.00
2012/02/10	0.884	0.906	0.884	0.906	89382651	80055696.00
2012/02/13	0.888	0.901	0.874	0.892	28902845	25796776.00
2012/02/14	0.892	0.894	0.886	0.893	55320240	49305500.00
2012/02/15	0.890	0.909	0.888	0.905	103408489	93084032.00
2012/02/16	0.904	0.912	0.896	0.901	5764220	5231367.00
2012/02/17	0.905	0.910	0.894	0.901	18853961	16999566.00
2012/02/20	0.910	0.914	0.899	0.901	27116036	24733940.00
2012/02/21	0.899	0.911	0.893	0.911	24848964	22409936.00
2012/02/22	0.911	0.930	0.911	0.927	82026298	75608392.00
2012/02/23	0.928	0.937	0.925	0.932	9278665	8679776.00
2012/02/24	0.929	0.949	0.929	0.948	3778082	3552665.75
2012/02/27	0.948	0.967	0.948	0.952	38139382	36511320.00
2012/02/28	0.950	0.955	0.941	0.948	5205890	4937113.50
2012/02/29	0.938	0.951	0.935	0.937	2409945	2266553.25
2012/03/01	0.938	0.945	0.936	0.939	5880623	5553362.50
2012/03/02	0.946	0.960	0.946	0.960	3450273	3295373.50
2012/03/05	0.961	0.968	0.958	0.958	6559152	6306335.00
2012/03/06	0.952	0.954	0.940	0.945	3464743	3282664.00
2012/03/07	0.925	0.950	0.925	0.939	2042077	1922714.75
2012/03/08	0.939	0.956	0.939	0.953	4997039	4756800.00
2012/03/09	0.953	0.965	0.951	0.962	2710899	2603896.25
2012/03/12	0.960	0.970	0.960	0.966	2293434	2209347.75
2012/03/13	0.967	0.976	0.963	0.976	3749779	3633000.50
2012/03/14	0.980	0.987	0.935	0.944	9366440	9094215.00
2012/03/15	0.944	0.948	0.923	0.935	2712528	2529077.25
2012/03/16	0.935	0.955	0.932	0.955	1359453	1284410.00
2012/03/19	0.960	0.960	0.947	0.958	1009665	962811.00
2012/03/20	0.958	0.958	0.940	0.941	1976757	1869674.88
2012/03/21	0.940	0.949	0.932	0.940	1100352	1032907.56
2012/03/22	0.936	0.940	0.932	0.934	409612	383714.91
2012/03/23	0.925	0.933	0.917	0.921	1117504	1033623.50
2012/03/26	0.920	0.924	0.914	0.918	1460135	1338935.13
2012/03/27	0.923	0.928	0.916	0.916	1134819	1048050.81
2012/03/28	0.900	0.911	0.882	0.884	1430037	1278825.63
2012/03/29	0.878	0.884	0.862	0.869	2157924	1880993.00
2012/03/30	0.873	0.878	0.865	0.872	6986662	6080298.00
2012/04/05	0.870	0.899	0.868	0.898	1274303	1124436.88
2012/04/06	0.895	0.907	0.890	0.902	942104	847275.81
2012/04/09	0.895	0.901	0.892	0.896	421800	378986.59
2012/04/10	0.808	0.899	0.808	0.899	706000	627347.38
2012/04/11	0.891	0.914	0.891	0.904	1973606	1790415.88
2012/04/12	0.908	0.922	0.900	0.922	15155608	13714555.00
2012/04/13	0.925	0.934	0.924	0.929	2774006	2577798.75
2012/04/16	0.919	0.930	0.919	0.928	1923324	1780848.38
2012/04/17	0.927	0.930	0.914	0.915	630518	579262.13
2012/04/18	0.915	0.937	0.915	0.936	2149758	1995039.13
2012/04/19	0.933	0.938	0.928	0.930	780618	727618.44
2012/04/20	0.931	0.940	0.929	0.938	5662526	5289953.50
2012/04/23	0.937	0.940	0.925	0.930	1284434	1197123.50
2012/04/24	0.922	0.936	0.903	0.923	1586864	1455645.63
2012/04/25	0.923	0.937	0.921	0.930	2930091	2724280.50
2012/04/26	0.931	0.941	0.931	0.933	4089032	3829269.00
2012/04/27	0.933	0.937	0.930	0.932	1546948	1443495.00
2012/05/02	0.937	0.955	0.936	0.949	5886439	5562011.50
2012/05/03	0.951	0.957	0.943	0.954	1828537	1740163.75
2012/05/04	0.954	0.965	0.951	0.963	1585970	1517176.88
2012/05/07	0.992	0.992	0.952	0.969	1482350	1428828.25
2012/05/08	0.969	0.975	0.955	0.964	2153703	2075641.38
2012/05/09	0.965	0.965	0.945	0.946	1509185	1434306.13
2012/05/10	0.958	0.958	0.946	0.947	732707	696095.25
2012/05/11	0.944	0.954	0.944	0.945	873910	828074.50
2012/05/14	0.944	0.952	0.937	0.939	1204720	1139268.88
2012/05/15	0.930	0.939	0.928	0.938	1859465	1732838.00
2012/05/16	0.937	0.938	0.925	0.925	1085610	1012168.63
2012/05/17	0.920	0.938	0.920	0.938	1039100	969107.88
2012/05/18	0.932	0.936	0.920	0.922	568446	527163.44
2012/05/21	0.922	0.932	0.917	0.928	738034	682426.13
2012/05/22	0.930	0.942	0.930	0.942	1886814	1767798.38
2012/05/23	0.930	0.947	0.930	0.940	832555	781550.69
2012/05/24	0.940	0.945	0.927	0.932	425305	397426.50
2012/05/25	0.934	0.935	0.918	0.923	1322301	1223226.13
2012/05/28	0.950	0.950	0.908	0.939	4175665	3857872.25
2012/05/29	0.939	0.955	0.937	0.951	1825008	1729616.63
2012/05/30	0.949	0.953	0.947	0.947	1121651	1065773.25
2012/05/31	0.943	0.955	0.943	0.948	1610202	1527644.88
2012/06/01	0.948	0.956	0.947	0.948	1146294	1092722.25
2012/06/04	0.950	0.950	0.925	0.925	596000	554748.81
2012/06/05	0.924	0.931	0.918	0.921	1860303	1719224.63
2012/06/06	0.930	0.945	0.916	0.917	1015801	934791.63
2012/06/07	0.927	0.929	0.913	0.916	1660503	1535492.63
2012/06/08	0.920	0.922	0.910	0.912	2239600	2055025.75
2012/06/11	0.913	0.927	0.910	0.926	1119458	1027913.31
2012/06/12	0.921	0.929	0.920	0.923	338429	312545.81
2012/06/13	0.923	0.937	0.923	0.937	2041718	1903176.25
2012/06/14	0.936	0.941	0.932	0.932	1145564	1074037.38
2012/06/15	0.934	0.937	0.918	0.932	1011610	935316.81
2012/06/18	0.934	0.941	0.934	0.938	1008716	946874.31
2012/06/19	0.933	0.937	0.928	0.928	418840	390941.59
2012/06/20	0.937	0.937	0.925	0.925	156200	144729.59
2012/06/21	0.925	0.925	0.911	0.913	1021800	934132.31
2012/06/25	0.914	0.914	0.890	0.893	963403	868051.25
2012/06/26	0.893	0.894	0.880	0.892	895808	796580.81
2012/06/27	0.895	0.901	0.890	0.890	354202	316797.59
2012/06/28	0.887	0.893	0.882	0.884	414612	368756.94
2012/06/29	0.882	0.894	0.879	0.894	319605	282970.53
2012/07/02	0.900	0.906	0.895	0.900	292609	263938.13
2012/07/03	0.890	0.910	0.890	0.901	866402	785732.69
2012/07/04	0.901	0.905	0.898	0.898	561902	506485.81
2012/07/05	0.891	0.893	0.880	0.885	333006	294878.31
2012/07/06	0.910	0.910	0.883	0.907	551201	494106.00
2012/07/09	0.830	0.910	0.820	0.890	606207	544246.19
2012/07/10	0.890	0.890	0.882	0.884	352300	311814.09
2012/07/11	0.882	0.892	0.882	0.892	479601	425437.09
2012/07/12	0.888	0.910	0.888	0.910	516804	466624.50
2012/07/13	0.904	0.912	0.904	0.906	311706	282755.94
2012/07/16	0.902	0.902	0.878	0.878	506301	448299.59
2012/07/17	0.870	0.883	0.860	0.879	525018	459533.47
2012/07/18	0.879	0.883	0.863	0.880	972711	850318.63
2012/07/19	0.888	0.893	0.880	0.885	353202	313029.97
2012/07/20	0.892	0.892	0.875	0.876	634405	557421.38
2012/07/23	0.864	0.870	0.861	0.863	1131000	976258.63
2012/07/24	0.861	0.875	0.861	0.869	113401	98441.37
2012/07/25	0.867	0.870	0.864	0.864	228004	197690.28
2012/07/26	0.867	0.875	0.858	0.858	247301	213587.27
2012/07/27	0.860	0.860	0.851	0.853	222324	189886.06
2012/07/30	0.855	0.856	0.843	0.847	257700	219390.09
2012/07/31	0.840	0.847	0.835	0.838	389810	327864.13
2012/08/01	0.846	0.854	0.846	0.850	1973001	1670892.50
2012/08/02	0.849	0.850	0.835	0.839	409115	344517.53
2012/08/03	0.840	0.850	0.840	0.850	484923	410992.94
2012/08/06	0.856	0.871	0.854	0.870	2260700	1957614.13
2012/08/07	0.865	0.875	0.865	0.872	862297	752473.31
2012/08/08	0.873	0.877	0.867	0.870	279303	243402.91
2012/08/09	0.869	0.883	0.869	0.883	1040727	914777.63
2012/08/10	0.873	0.883	0.873	0.878	240508	210883.30
2012/08/13	0.883	0.897	0.860	0.860	371300	321077.91
2012/08/14	0.858	0.863	0.848	0.863	727706	623513.06
2012/08/15	0.858	0.862	0.858	0.861	616503	530715.88
2012/08/16	0.856	0.860	0.852	0.852	592300	505751.81
2012/08/17	0.850	0.852	0.841	0.843	496811	420171.19
2012/08/20	0.840	0.850	0.836	0.847	10492151	8801976.00
2012/08/21	0.847	0.858	0.847	0.856	609793	521555.28
2012/08/22	0.856	0.856	0.845	0.845	181804	154144.69
2012/08/23	0.851	0.851	0.841	0.850	106700	90339.50
2012/08/24	0.844	0.844	0.832	0.835	334300	280096.91
2012/08/27	0.830	0.830	0.813	0.813	475302	389559.44
2012/08/28	0.812	0.820	0.811	0.814	1265308	1033687.50
2012/08/29	0.817	0.817	0.807	0.810	796608	645468.81
2012/08/30	0.811	0.811	0.790	0.796	369800	295493.09
2012/08/31	0.796	0.801	0.796	0.801	188701	150736.30
2012/09/03	0.801	0.815	0.801	0.813	425911	344910.41
2012/09/04	0.813	0.814	0.802	0.802	278303	225069.14
2012/09/05	0.799	0.807	0.797	0.806	805619	646864.25
2012/09/06	0.811	0.814	0.808	0.811	49500	40106.00
2012/09/07	0.822	0.858	0.822	0.846	1521413	1289491.38
2012/09/10	0.850	0.857	0.847	0.852	712380	607377.88
2012/09/11	0.845	0.848	0.841	0.848	124000	104793.40
2012/09/12	0.860	0.860	0.845	0.854	745200	633666.31
2012/09/13	0.822	0.856	0.822	0.845	307106	261745.22
2012/09/14	0.862	0.862	0.841	0.844	446705	378327.22
2012/09/17	0.839	0.844	0.824	0.824	1943919	1618120.13
2012/09/18	0.818	0.821	0.814	0.814	362876	296607.47
2012/09/19	0.817	0.822	0.815	0.821	236200	192979.09
2012/09/20	0.815	0.815	0.799	0.800	546600	441157.50
2012/09/21	0.799	0.804	0.796	0.797	305600	244252.41
2012/09/24	0.790	0.808	0.786	0.806	773300	620857.13
2012/09/25	0.806	0.809	0.800	0.801	541401	435542.19
2012/09/26	0.801	0.802	0.787	0.787	2053414	1619618.88
2012/09/27	0.787	0.814	0.787	0.811	645056	518613.94
2012/09/28	0.809	0.826	0.809	0.825	429466	352265.69
2012/10/08	0.828	0.828	0.816	0.816	141001	115691.82
2012/10/09	0.816	0.839	0.816	0.835	754634	627556.19
2012/10/10	0.833	0.843	0.833	0.843	291803	244563.81
2012/10/11	0.838	0.842	0.834	0.835	162600	136250.50
2012/10/12	0.830	0.844	0.824	0.833	797202	667776.94
2012/10/15	0.829	0.830	0.820	0.826	1776000	1463586.25
2012/10/16	0.827	0.835	0.827	0.831	116000	96410.00
2012/10/17	0.829	0.833	0.820	0.831	342889	282932.47
2012/10/18	0.835	0.846	0.833	0.843	956995	806042.00
2012/10/19	0.849	0.849	0.842	0.845	925900	783161.50
2012/10/22	0.837	0.846	0.837	0.845	328118	275723.31
2012/10/23	0.846	0.846	0.836	0.836	147832	124392.88
2012/10/24	0.837	0.839	0.831	0.832	352016	293078.53
2012/10/25	0.831	0.840	0.826	0.827	343801	284912.63
2012/10/26	0.821	0.821	0.805	0.809	600003	487302.66
2012/10/29	0.805	0.811	0.802	0.805	109837	88577.02
2012/10/30	0.812	0.814	0.806	0.807	174100	141012.70
2012/10/31	0.810	0.814	0.808	0.814	106400	86293.20
2012/11/01	0.816	0.830	0.813	0.828	404904	333486.88
2012/11/02	0.828	0.832	0.828	0.830	21104	17498.41
2012/11/05	0.834	0.834	0.826	0.826	136100	112869.80
2012/11/06	0.823	0.826	0.811	0.821	222402	182187.03
2012/11/07	0.823	0.825	0.815	0.817	158500	129551.50
2012/11/08	0.820	0.820	0.800	0.800	652612	527289.81
2012/11/09	0.800	0.802	0.796	0.797	172801	138283.09
2012/11/12	0.802	0.802	0.795	0.795	278800	222587.91
2012/11/13	0.802	0.802	0.785	0.786	451304	357157.97
2012/11/14	0.786	0.789	0.782	0.787	106204	83390.53
2012/11/15	0.781	0.787	0.775	0.778	392115	306889.19
2012/11/16	0.771	0.772	0.766	0.771	298900	229669.50
2012/11/19	0.769	0.770	0.761	0.766	287704	219936.14
2012/11/20	0.766	0.778	0.766	0.771	162105	125371.95
2012/11/21	0.751	0.776	0.751	0.776	177505	136975.03
2012/11/22	0.768	0.773	0.767	0.767	94500	72664.60
2012/11/23	0.770	0.776	0.769	0.770	109100	84246.30
2012/11/26	0.768	0.768	0.761	0.761	212299	162165.83
2012/11/27	0.754	0.754	0.745	0.745	241819	181060.50
2012/11/28	0.730	0.740	0.730	0.732	383204	281510.63
2012/11/29	0.736	0.739	0.727	0.727	243500	178812.50
2012/11/30	0.729	0.740	0.725	0.736	1275800	936869.13
2012/12/03	0.738	0.739	0.719	0.719	1317830	963707.00
2012/12/04	0.719	0.730	0.715	0.729	237100	170692.09
2012/12/05	0.733	0.762	0.733	0.757	599610	451523.09
2012/12/06	0.763	0.763	0.753	0.758	997302	754258.50
2012/12/07	0.760	0.770	0.760	0.770	1051682	803503.19
2012/12/10	0.772	0.780	0.768	0.779	311300	241302.00
2012/12/11	0.776	0.780	0.773	0.774	253798	196835.95
2012/12/12	0.774	0.777	0.768	0.774	131502	101708.65
2012/12/13	0.771	0.776	0.767	0.769	261400	201584.59
2012/12/14	0.769	0.802	0.769	0.800	908426	721792.81
2012/12/17	0.804	0.807	0.801	0.803	543950	437376.94
2012/12/18	0.800	0.813	0.799	0.801	648800	521615.69
2012/12/19	0.800	0.809	0.800	0.807	827801	666090.69
2012/12/20	0.802	0.813	0.798	0.813	234603	188465.02
2012/12/21	0.816	0.823	0.810	0.811	303601	247672.13
2012/12/24	0.812	0.815	0.809	0.812	456188	370594.84
2012/12/25	0.810	0.836	0.808	0.833	663650	549257.19
2012/12/26	0.835	0.842	0.835	0.842	712404	596947.75
2012/12/27	0.850	0.850	0.837	0.838	962002	808774.50
2012/12/28	0.840	0.847	0.839	0.847	158202	133457.78
2012/12/31	0.849	0.857	0.825	0.856	12024801	10181741.00
2013/01/04	0.864	0.864	0.843	0.852	819646	699600.94
2013/01/07	0.853	0.856	0.850	0.856	1893801	1612865.88
2013/01/08	0.856	0.864	0.850	0.862	502920	430911.63
2013/01/09	0.863	0.870	0.860	0.866	776606	670680.69
2013/01/10	0.871	0.875	0.866	0.868	452317	393153.72
2013/01/11	0.869	0.869	0.851	0.853	1281472	1105084.25
2013/01/14	0.855	0.880	0.854	0.872	814904	708738.19
2013/01/15	0.880	0.901	0.873	0.896	2251537	2016359.50
2013/01/16	0.893	0.900	0.880	0.891	1828906	1622581.38
2013/01/17	0.890	0.895	0.881	0.884	1749668	1553464.25
2013/01/18	0.896	0.904	0.887	0.901	456401	409851.00
2013/01/21	0.901	0.904	0.897	0.904	383733	345671.44
2013/01/22	0.905	0.907	0.895	0.898	1045808	943881.63
2013/01/23	0.897	0.905	0.890	0.902	1232455	1102163.13
2013/01/24	0.902	0.914	0.882	0.889	1014934	912281.19
2013/01/25	0.900	0.900	0.882	0.883	579106	512231.88
2013/01/28	0.885	0.908	0.885	0.907	432004	389166.22
2013/01/29	0.907	0.918	0.907	0.916	23437702	21437430.00
2013/01/30	0.916	0.920	0.912	0.919	10017964	9181475.00
2013/01/31	0.918	0.918	0.910	0.913	625628	570770.44
2013/02/01	0.913	0.923	0.912	0.923	891712	820411.31
2013/02/04	0.922	0.927	0.915	0.917	1286173	1181354.50
2013/02/05	0.914	0.931	0.914	0.931	1079223	995492.81
2013/02/06	0.933	0.935	0.930	0.930	478204	446189.44
2013/02/07	0.932	0.938	0.928	0.936	471726	440148.25
2013/02/08	0.939	0.956	0.939	0.947	1766203	1681238.38
2013/02/18	0.960	0.960	0.939	0.940	2808009	2649252.75
2013/02/19	0.939	0.939	0.915	0.918	1052500	973686.88
2013/02/20	0.936	0.936	0.919	0.934	738821	684229.88
2013/02/21	0.919	0.925	0.903	0.911	1287632	1172408.00
2013/02/22	0.909	0.916	0.905	0.906	597002	544541.25
2013/02/25	0.903	0.916	0.903	0.913	197507	179518.75
2013/02/26	0.908	0.918	0.897	0.899	504312	459487.66
2013/02/27	0.906	0.912	0.898	0.905	426706	385019.31
2013/02/28	0.940	0.940	0.904	0.927	608916	559258.00
2013/03/01	0.929	0.936	0.925	0.936	802300	747431.38
2013/03/04	0.915	0.920	0.890	0.894	533316	482847.41
2013/03/05	0.949	0.949	0.894	0.915	814414	736485.06
2013/03/06	0.917	0.928	0.917	0.927	552317	510446.38
2013/03/07	0.928	0.928	0.914	0.916	557301	513745.63
2013/03/08	0.920	0.921	0.907	0.908	334702	305703.22
2013/03/11	0.939	0.939	0.901	0.907	189307	171392.44
2013/03/12	0.909	0.917	0.881	0.890	611303	548099.25
2013/03/13	0.890	0.890	0.877	0.885	1509500	1332153.75
2013/03/14	0.920	0.920	0.882	0.886	142100	126549.60
2013/03/15	0.882	0.906	0.878	0.887	445600	398083.31
2013/03/18	0.892	0.892	0.878	0.878	704200	620978.88
2013/03/19	0.882	0.883	0.869	0.881	270100	235913.41
2013/03/20	0.910	0.910	0.880	0.908	930905	832596.19
2013/03/21	0.910	0.918	0.906	0.911	845009	771851.44
2013/03/22	0.913	0.916	0.908	0.915	727713	663871.69
2013/03/25	0.920	0.920	0.908	0.917	295435	269448.53
2013/03/26	0.901	0.905	0.896	0.904	232702	209267.11
2013/03/27	0.890	0.917	0.890	0.908	582902	532670.81
2013/03/28	0.915	0.915	0.885	0.885	1139493	1011060.69
2013/03/29	0.887	0.887	0.880	0.880	489251	431698.13
2013/04/01	0.825	0.888	0.825	0.888	1452700	1282686.63
2013/04/02	0.888	0.928	0.877	0.877	2556800	2264879.25
2013/04/03	0.900	0.900	0.871	0.875	640202	562326.38
2013/04/08	0.874	0.878	0.853	0.876	453700	391918.09
2013/04/09	0.880	0.889	0.880	0.883	291301	257924.28
2013/04/10	0.898	0.898	0.875	0.879	101600	89359.00
2013/04/11	0.882	0.890	0.878	0.880	72604	63946.73
2013/04/12	0.879	0.881	0.870	0.871	30500	26696.30
2013/04/15	0.863	0.865	0.856	0.858	5031340	4317096.50
2013/04/16	0.853	0.871	0.853	0.871	926600	797207.19
2013/04/17	0.875	0.880	0.870	0.880	551601	481838.56
2013/04/18	0.885	0.885	0.878	0.882	190100	167175.41
2013/04/19	0.884	0.902	0.875	0.895	195500	174936.50
2013/04/22	0.888	0.903	0.888	0.903	1137824	1020072.13
2013/04/23	0.899	0.899	0.868	0.876	1462468	1291623.88
2013/04/24	0.887	0.896	0.874	0.892	487226	427432.06
2013/04/25	0.900	0.900	0.878	0.878	360900	319436.69
2013/04/26	0.880	0.880	0.863	0.866	383601	333881.19
2013/05/02	0.889	0.889	0.859	0.867	429100	372212.31
2013/05/03	0.890	0.895	0.874	0.889	360700	319922.00
2013/05/06	0.892	0.903	0.890	0.901	712001	640495.00
2013/05/07	0.900	0.908	0.899	0.904	329403	297057.09
2013/05/08	0.913	0.915	0.907	0.913	734400	669902.88
2013/05/09	0.913	0.917	0.910	0.914	470500	429265.19
2013/05/10	0.909	0.918	0.909	0.915	285807	260786.09
2013/05/13	0.917	0.920	0.892	0.912	423550	381482.53
2013/05/14	0.894	0.903	0.894	0.900	156800	141219.91
2013/05/15	0.902	0.910	0.900	0.910	4405086	3977724.25
2013/05/16	0.912	0.925	0.901	0.925	967355	884825.31
2013/05/17	0.925	0.942	0.920	0.940	2592932	2418300.25
2013/05/20	0.941	0.953	0.932	0.950	985311	933933.06
2013/05/21	0.949	0.960	0.947	0.959	937049	892934.50
2013/05/22	0.960	0.965	0.950	0.950	955518	914082.50
2013/05/23	0.902	0.963	0.902	0.946	601315	573285.63
2013/05/24	0.952	0.958	0.945	0.958	504417	480130.06
2013/05/27	0.958	0.963	0.958	0.961	290010	278633.69
2013/05/28	0.962	0.970	0.955	0.969	1255713	1208912.25
2013/05/29	0.971	0.976	0.970	0.972	472747	460038.94
2013/05/30	0.971	0.975	0.966	0.974	771917	749528.81
2013/05/31	0.973	0.974	0.961	0.961	549401	530815.56
2013/06/03	0.965	0.965	0.952	0.955	376304	361236.56
2013/06/04	0.952	0.952	0.934	0.938	282001	264823.94
2013/06/05	0.938	0.940	0.933	0.940	35900	33723.80
2013/06/06	0.940	0.941	0.871	0.931	184901	172732.94
2013/06/07	0.931	0.931	0.899	0.901	315305	287894.59
2013/06/13	0.868	0.890	0.868	0.883	1721900	1515077.25
2013/06/14	0.889	0.900	0.888	0.900	1128802	1010564.50
2013/06/17	0.900	0.904	0.891	0.898	318692	286523.22
2013/06/18	0.901	0.904	0.894	0.900	349404	314865.91
2013/06/19	0.893	0.893	0.882	0.891	418550	372392.06
2013/06/20	0.889	0.891	0.865	0.865	1151311	1008286.44
2013/06/21	0.846	0.868	0.846	0.864	425000	365298.59
2013/06/24	0.858	0.858	0.805	0.806	1210400	997145.38
2013/06/25	0.802	0.870	0.786	0.806	2342511	1883374.63
2013/06/26	0.807	0.839	0.799	0.820	1352313	1096134.88
2013/06/27	0.839	0.839	0.809	0.809	538400	440966.59
2013/06/28	0.805	0.828	0.805	0.813	310208	252424.14
2013/07/01	0.807	0.827	0.807	0.827	536312	437426.53
2013/07/02	0.831	0.838	0.825	0.838	1004600	838178.38
2013/07/03	0.830	0.839	0.824	0.838	319790	264641.63
2013/07/04	0.837	0.854	0.830	0.845	583284	491349.13
2013/07/05	0.843	0.854	0.843	0.845	602100	512338.09
2013/07/08	0.788	0.837	0.788	0.818	932300	769116.69
2013/07/09	0.817	0.818	0.810	0.815	397001	323456.81
2013/07/10	0.816	0.841	0.816	0.841	238501	197858.83
2013/07/11	0.844	0.877	0.843	0.870	1392102	1196494.50
2013/07/12	0.873	0.879	0.860	0.860	361200	314494.81
2013/07/15	0.866	0.880	0.864	0.875	190654	166153.06
2013/07/16	0.876	0.884	0.871	0.883	242901	212874.69
2013/07/17	0.950	0.950	0.851	0.869	217232	192079.45
2013/07/18	0.866	0.871	0.858	0.860	676800	581510.50
2013/07/19	0.860	0.865	0.838	0.839	193800	164559.20
2013/07/22	0.835	0.848	0.835	0.848	16400	13778.30
2013/07/23	0.848	0.876	0.807	0.875	921506	769362.56
2013/07/24	0.870	0.880	0.865	0.878	814204	710255.31
2013/07/25	0.875	0.879	0.865	0.866	238714	207654.38
2013/07/26	0.862	0.865	0.855	0.861	424614	363516.97
2013/07/29	0.897	0.897	0.844	0.844	241911	204602.09
2013/07/30	0.842	0.852	0.830	0.844	250002	210097.97
2013/07/31	0.842	0.860	0.842	0.845	416244	355095.88
2013/08/01	0.849	0.869	0.849	0.869	238791	205879.95
2013/08/02	0.871	0.882	0.871	0.874	276718	242728.28
2013/08/05	0.877	0.884	0.872	0.884	178300	156555.91
2013/08/06	0.884	0.897	0.880	0.880	1042657	930803.13
2013/08/07	0.898	0.898	0.885	0.885	458735	408919.75
2013/08/08	0.888	0.894	0.885	0.888	150705	133783.73
2013/08/09	0.898	0.899	0.888	0.892	148013	132357.95
2013/08/12	0.897	0.908	0.897	0.908	427267	386307.41
2013/08/13	0.908	0.911	0.908	0.911	113800	103584.70
2013/08/14	0.914	0.918	0.904	0.904	61500	56152.80
2013/08/15	0.907	0.910	0.897	0.897	694620	630580.19
2013/08/16	0.893	0.914	0.880	0.882	420402	379191.56
2013/08/19	0.881	0.894	0.879	0.894	93200	82351.20
2013/08/20	0.898	0.899	0.887	0.887	103700	92919.90
2013/08/21	0.888	0.893	0.883	0.889	91004	80587.94
2013/08/22	0.889	0.896	0.889	0.892	363257	324372.00
2013/08/23	0.893	0.893	0.875	0.885	77400	68290.70
2013/08/26	0.891	0.905	0.891	0.904	612512	551219.81
2013/08/27	0.905	0.909	0.901	0.909	157501	142469.30
2013/08/28	0.899	0.905	0.897	0.897	168104	151150.59
2013/08/29	0.898	0.898	0.891	0.894	92803	82909.28
2013/08/30	0.895	0.898	0.884	0.884	79900	71366.60
2013/09/02	0.887	0.894	0.884	0.890	111400	98849.80
2013/09/03	0.894	0.907	0.894	0.907	384760	345998.53
2013/09/04	0.909	0.909	0.904	0.905	231402	209957.91
2013/09/05	0.905	0.906	0.903	0.906	331314	299312.06
2013/09/06	0.906	0.909	0.902	0.909	139401	126129.41
2013/09/09	0.909	0.923	0.840	0.917	565216	514934.16
2013/09/10	0.916	0.926	0.916	0.926	384500	354559.59
2013/09/11	0.927	0.928	0.921	0.923	288420	266424.16
2013/09/12	0.882	0.927	0.882	0.924	168014	154345.34
2013/09/13	0.927	0.931	0.925	0.929	202315	187774.23
2013/09/16	0.928	0.932	0.927	0.927	117156	108869.68
2013/09/17	0.923	0.926	0.914	0.914	277627	255375.03
2013/09/18	0.914	0.917	0.913	0.917	42451	38859.97
2013/09/23	0.926	0.939	0.926	0.938	375120	350180.22
2013/09/24	0.937	0.937	0.931	0.934	140504	131234.14
2013/09/25	0.934	0.936	0.927	0.929	117417	109494.76
2013/09/26	0.926	0.926	0.916	0.916	86600	79475.20
2013/09/27	0.917	0.922	0.917	0.920	100301	92207.52
2013/09/30	0.925	0.926	0.922	0.926	26702	24680.64
2013/10/08	0.926	0.943	0.926	0.943	560434	526022.44
2013/10/09	0.941	0.947	0.940	0.947	313922	296502.53
2013/10/10	0.947	0.950	0.941	0.941	415519	392413.38
2013/10/11	0.950	0.953	0.947	0.950	473703	449621.66
2013/10/14	0.951	0.961	0.951	0.956	693776	664706.38
2013/10/15	0.958	0.960	0.952	0.955	705469	673405.06
2013/10/16	0.891	0.952	0.891	0.931	736311	686329.88
2013/10/17	0.925	0.943	0.925	0.934	263210	246691.09
2013/10/18	0.935	0.942	0.932	0.942	305764	287608.13
2013/10/21	0.944	0.961	0.941	0.960	952341	912226.31
2013/10/22	0.960	0.962	0.948	0.950	921637	876534.88
2013/10/23	0.952	0.952	0.928	0.933	587700	549355.88
2013/10/24	0.931	0.931	0.920	0.925	159404	147646.20
2013/10/25	0.920	0.920	0.905	0.907	856000	778360.63
2013/10/28	0.912	0.912	0.903	0.907	817600	741596.81
2013/10/29	0.907	0.916	0.876	0.891	660301	595085.69
2013/10/30	0.853	0.960	0.853	0.909	175310	155461.53
2013/10/31	0.906	0.907	0.899	0.899	87308	79007.14
2013/11/01	0.895	0.901	0.890	0.898	210501	188054.80
2013/11/04	0.900	0.903	0.898	0.900	42201	37966.70
2013/11/05	0.889	0.908	0.886	0.908	17800	15948.70
2013/11/06	0.905	0.908	0.897	0.897	53904	48644.02
2013/11/07	0.896	0.896	0.883	0.888	134552	119221.81
2013/11/08	0.884	0.884	0.873	0.874	120300	105217.30
2013/11/11	0.871	0.882	0.869	0.879	50800	44368.00
2013/11/12	0.878	0.887	0.878	0.887	383800	338225.00
2013/11/13	0.879	0.883	0.870	0.870	227400	199187.30
2013/11/14	0.871	0.877	0.866	0.877	167001	145531.97
2013/11/15	0.895	0.904	0.893	0.893	573400	517478.81
2013/11/18	0.870	0.913	0.870	0.913	737636	665703.25
2013/11/19	0.913	0.914	0.910	0.911	426723	389677.03
2013/11/20	0.917	0.918	0.911	0.916	140005	127895.87
2013/11/21	0.875	0.930	0.875	0.915	235114	214238.05
2013/11/22	0.913	0.918	0.908	0.910	105069	95847.89
2013/11/25	0.880	0.914	0.880	0.905	115700	105054.60
2013/11/26	0.903	0.909	0.901	0.905	77819	70312.34
2013/11/27	0.905	0.917	0.905	0.915	3284533	3008110.75
2013/11/28	0.915	0.933	0.915	0.925	374671	348037.41
2013/11/29	0.928	0.932	0.926	0.930	235002	218713.56
2013/12/02	0.930	0.930	0.894	0.899	411102	373044.22
2013/12/03	0.898	0.915	0.896	0.913	89700	80745.30
2013/12/04	0.912	0.931	0.912	0.931	321806	298629.69
2013/12/05	0.924	0.924	0.919	0.923	70100	64663.90
2013/12/06	0.921	0.921	0.918	0.918	95803	88057.85
2013/12/09	0.926	0.926	0.923	0.926	71453	66101.13
2013/12/10	0.927	0.927	0.925	0.926	654836	606371.13
2013/12/11	0.919	0.919	0.910	0.913	305703	279216.34
2013/12/12	0.916	0.920	0.914	0.920	21400	19610.50
2013/12/13	0.918	0.922	0.918	0.919	136204	125204.38
2013/12/16	0.916	0.918	0.907	0.908	337600	307341.81
2013/12/17	0.907	0.907	0.901	0.902	262501	237425.00
2013/12/18	0.901	0.905	0.899	0.902	1095703	988185.00
2013/12/19	0.907	0.907	0.894	0.896	128100	115195.00
2013/12/20	0.895	0.895	0.880	0.882	633823	563756.06
2013/12/23	0.875	0.882	0.875	0.881	395700	348182.50
2013/12/24	0.881	0.889	0.881	0.885	77100	68352.10
2013/12/25	0.885	0.893	0.885	0.893	77000	68530.10
2013/12/26	0.866	0.893	0.866	0.879	915632	809741.88
2013/12/27	0.879	0.893	0.878	0.893	156104	138395.66
2013/12/30	0.895	0.898	0.892	0.892	485123	433944.94
2013/12/31	0.893	0.899	0.893	0.899	186405	166621.88
2014/01/02	0.895	0.901	0.895	0.901	97600	87649.80
2014/01/03	0.903	0.903	0.896	0.896	21600	19452.20
2014/01/06	0.871	0.888	0.871	0.878	145703	128100.14
2014/01/07	0.877	0.879	0.875	0.877	95800	84011.70
2014/01/08	0.887	0.887	0.880	0.882	107505	95010.52
2014/01/09	0.882	0.889	0.875	0.875	191113	168185.09
2014/01/10	0.866	0.868	0.858	0.861	427093	369968.44
2014/01/13	0.867	0.867	0.850	0.850	600300	514399.19
2014/01/14	0.850	0.869	0.850	0.869	1199200	1039996.63
2014/01/15	0.864	0.873	0.864	0.873	523000	455184.50
2014/01/16	0.872	0.876	0.870	0.872	168500	146964.50
2014/01/17	0.866	0.866	0.860	0.860	20500	17699.00
2014/01/20	0.859	0.860	0.850	0.855	105004	89295.60
2014/01/21	0.855	0.865	0.855	0.865	84902	73094.82
2014/01/22	0.866	0.886	0.866	0.886	182502	160128.36
2014/01/23	0.887	0.891	0.887	0.891	159026	141301.89
2014/01/24	0.894	0.904	0.894	0.900	263200	237485.09
2014/01/27	0.896	0.898	0.891	0.895	92001	82459.49
2014/01/28	0.890	0.891	0.886	0.891	258400	229889.41
2014/01/29	0.892	0.895	0.892	0.895	23400	20932.80
2014/01/30	0.890	0.891	0.884	0.884	103604	91818.86
2014/02/07	0.878	0.895	0.878	0.895	177520	157049.00
2014/02/10	0.895	0.920	0.895	0.920	756777	694877.13
2014/02/11	0.920	0.923	0.915	0.920	233796	215124.88
2014/02/12	0.922	0.928	0.915	0.928	593308	545984.19
2014/02/13	0.924	0.928	0.913	0.913	639700	590250.25
2014/02/14	0.917	0.923	0.915	0.923	322276	297004.59
2014/02/17	0.929	0.939	0.925	0.938	3784443	3537538.00
2014/02/18	0.929	0.932	0.928	0.932	157167	146097.14
2014/02/19	0.927	0.938	0.926	0.930	2015072	1875567.75
2014/02/20	0.931	0.934	0.920	0.920	250001	232093.83
2014/02/21	0.920	0.923	0.910	0.910	369908	337586.38
2014/02/24	0.903	0.904	0.893	0.904	314046	282418.72
2014/02/25	0.908	0.908	0.869	0.869	1074202	946722.88
2014/02/26	0.860	0.875	0.857	0.875	217100	188912.20
2014/02/27	0.877	0.886	0.860	0.860	117500	102647.80
2014/02/28	0.854	0.874	0.852	0.874	169400	145812.91
2014/03/03	0.878	0.882	0.876	0.881	150100	132020.70
2014/03/04	0.879	0.881	0.875	0.880	25200	22120.10
2014/03/05	0.881	0.881	0.874	0.876	500200	439479.00
2014/03/06	0.900	0.900	0.863	0.877	87603	76381.65
2014/03/07	0.878	0.882	0.875	0.875	34600	30390.60
2014/03/10	0.856	0.862	0.845	0.845	454913	388124.22
2014/03/11	0.843	0.850	0.842	0.846	228203	192415.73
2014/03/12	0.857	0.857	0.839	0.849	185700	156623.80
2014/03/13	0.852	0.861	0.852	0.861	87900	75504.40
2014/03/14	0.859	0.859	0.852	0.852	146800	125979.00
2014/03/17	0.861	0.868	0.861	0.868	152600	132276.80
2014/03/18	0.871	0.876	0.869	0.869	3401620	2969180.00
2014/03/19	0.866	0.866	0.856	0.857	81000	69507.40
2014/03/20	0.857	0.858	0.840	0.840	1884400	1608574.63
2014/03/21	0.835	0.858	0.829	0.857	325836	274451.31
2014/03/24	0.856	0.862	0.852	0.859	81902	69992.72
2014/03/25	0.863	0.864	0.857	0.857	91800	78955.00
2014/03/26	0.861	0.861	0.859	0.859	264400	227566.41
2014/03/27	0.853	0.859	0.848	0.848	294347	250868.59
2014/03/28	0.847	0.848	0.835	0.835	907800	762878.38
2014/03/31	0.840	0.841	0.834	0.834	110000	92142.50
2014/04/01	0.837	0.845	0.837	0.845	21920	18469.00
2014/04/02	0.850	0.851	0.847	0.847	226300	192016.50
2014/04/03	0.853	0.857	0.846	0.846	1687400	1441823.63
2014/04/04	0.846	0.856	0.846	0.856	50800	43465.20
2014/04/08	0.856	0.868	0.856	0.867	77300	67019.30
2014/04/09	0.871	0.874	0.870	0.872	296000	257672.20
2014/04/10	0.873	0.880	0.871	0.876	269000	235408.09
2014/04/11	0.872	0.876	0.872	0.874	43900	38349.40
2014/04/14	0.876	0.878	0.875	0.878	110401	96833.58
2014/04/15	0.890	0.890	0.868	0.869	1126000	983899.19
2014/04/16	0.867	0.870	0.864	0.870	37700	32629.50
2014/04/17	0.870	0.872	0.868	0.868	87503	76040.41
2014/04/18	0.868	0.868	0.867	0.867	54906	47657.41
2014/04/21	0.872	0.872	0.855	0.855	10500	9103.00
2014/04/22	0.858	0.858	0.843	0.852	104401	88579.65
2014/04/23	0.854	0.857	0.851	0.851	61700	52703.90
2014/04/24	0.850	0.855	0.848	0.850	245600	209430.20
2014/04/25	0.845	0.845	0.834	0.834	83100	69753.30
2014/04/28	0.832	0.832	0.815	0.815	364300	298726.09
2014/04/29	0.816	0.824	0.815	0.824	186400	152152.80
2014/04/30	0.824	0.832	0.824	0.830	318201	263583.22
2014/05/05	0.827	0.832	0.824	0.832	70805	58592.55
2014/05/06	0.831	0.843	0.831	0.836	607300	506402.81
2014/05/07	0.831	0.833	0.831	0.833	25000	20785.00
2014/05/08	0.829	0.836	0.823	0.824	608500	504789.59
2014/05/09	0.825	0.825	0.815	0.820	800800	656816.63
2014/05/12	0.820	0.840	0.820	0.837	222200	184822.70
2014/05/13	0.838	0.841	0.834	0.834	552906	463162.53
2014/05/14	0.837	0.839	0.837	0.838	27800	23296.70
2014/05/15	0.837	0.837	0.823	0.823	573500	474497.41
2014/05/16	0.821	0.823	0.815	0.821	159600	130589.50
2014/05/19	0.821	0.821	0.810	0.812	85600	69675.40
2014/05/20	0.818	0.825	0.815	0.816	50200	41208.70
2014/05/21	0.816	0.821	0.816	0.821	39800	32546.70
2014/05/22	0.825	0.832	0.824	0.824	217915	180275.08
2014/05/23	0.824	0.832	0.824	0.832	196000	162674.91
2014/05/26	0.840	0.841	0.838	0.841	222710	187018.30
2014/05/27	0.840	0.842	0.838	0.838	23000	19284.90
2014/05/28	0.839	0.854	0.839	0.854	2687102	2271080.25
2014/05/29	0.853	0.854	0.850	0.851	1161307	990080.06
2014/05/30	0.844	0.849	0.840	0.847	1826600	1540976.88
2014/06/03	0.849	0.849	0.849	0.849	41000	34809.00
2014/06/04	0.835	0.835	0.831	0.835	300600	250198.00
2014/06/05	0.836	0.846	0.836	0.844	55403	46547.71
2014/06/06	0.846	0.848	0.842	0.842	392723	331858.63
2014/06/09	0.842	0.849	0.841	0.842	1614200	1365181.38
2014/06/10	0.839	0.851	0.839	0.851	127706	108264.13
2014/06/11	0.851	0.854	0.850	0.854	24800	21124.80
2014/06/12	0.851	0.851	0.851	0.851	13800	11743.80
2014/06/13	0.852	0.863	0.852	0.862	1690700	1448413.25
2014/06/16	0.865	0.866	0.862	0.866	441300	381537.59
2014/06/17	0.860	0.862	0.857	0.857	132904	114289.14
2014/06/18	0.858	0.858	0.852	0.852	644411	550598.81
2014/06/19	0.853	0.853	0.830	0.833	99000	83191.30
2014/06/20	0.837	0.837	0.832	0.835	1913908	1601573.00
2014/06/23	0.845	0.847	0.843	0.843	118403	99975.03
2014/06/24	0.815	0.850	0.815	0.849	232818	197667.28
2014/06/25	0.847	0.847	0.844	0.845	70406	59479.16
2014/06/26	0.849	0.856	0.849	0.856	50600	43209.63
2014/06/27	0.857	0.862	0.857	0.862	129100	110848.80
2014/06/30	0.860	0.866	0.859	0.866	1736100	1500096.75
2014/07/01	0.867	0.868	0.865	0.868	320212	277766.41
2014/07/02	0.871	0.871	0.866	0.871	124909	108743.83
2014/07/03	0.871	0.880	0.871	0.880	1971404	1724837.00
2014/07/04	0.875	0.877	0.875	0.877	71902	62935.15
2014/07/07	0.877	0.877	0.871	0.874	6200	5405.60
2014/07/08	0.868	0.877	0.868	0.877	40600	35517.00
2014/07/09	0.875	0.877	0.874	0.875	52503	45912.12
2014/07/10	0.865	0.865	0.861	0.861	186111	160638.38
2014/07/11	0.859	0.867	0.859	0.862	547796	472327.56
2014/07/14	0.865	0.873	0.862	0.873	4041992	3497922.75
2014/07/15	0.873	0.876	0.870	0.876	947715	828574.88
2014/07/16	0.871	0.877	0.866	0.869	3364426	2944984.00
2014/07/17	0.867	0.867	0.859	0.859	73000	62810.00
2014/07/18	0.861	0.867	0.861	0.863	62906	54531.46
2014/07/21	0.865	0.865	0.865	0.865	34000	29410.00
2014/07/22	0.867	0.875	0.867	0.875	160003	139353.61
2014/07/23	0.879	0.880	0.872	0.872	140101	122691.57
2014/07/24	0.873	0.876	0.867	0.875	87201	76129.77
2014/07/25	0.876	0.883	0.876	0.883	190301	167571.89
2014/07/28	0.890	0.908	0.890	0.903	4521390	4072235.25
2014/07/29	0.901	0.916	0.901	0.913	1778840	1611271.00
2014/07/30	0.914	0.935	0.909	0.914	2357101	2153706.25
2014/07/31	0.914	0.922	0.914	0.922	165013	151617.52
2014/08/01	0.924	0.927	0.913	0.913	478621	440485.47
2014/08/04	0.921	0.925	0.921	0.924	56000	51664.70
2014/08/05	0.940	0.940	0.924	0.930	756404	700043.31
2014/08/06	0.929	0.938	0.925	0.935	251114	234218.58
2014/08/07	0.935	0.940	0.926	0.927	213101	199381.34
2014/08/08	0.925	0.932	0.925	0.928	125000	116301.40
2014/08/11	0.933	0.944	0.933	0.944	498328	466895.88
2014/08/12	0.942	0.944	0.940	0.944	1877358	1771161.13
2014/08/13	0.947	0.950	0.936	0.940	3400614	3200491.25
2014/08/14	0.944	0.977	0.935	0.935	10155203	9571150.00
2014/08/15	0.933	0.953	0.933	0.945	6815703	6438699.50
2014/08/18	0.952	0.970	0.951	0.970	6430304	6161689.00
2014/08/19	0.958	0.965	0.956	0.957	1660803	1599311.13
2014/08/20	0.960	0.964	0.959	0.960	3402704	3271994.75
2014/08/21	0.953	0.958	0.947	0.957	30400	28926.20
2014/08/22	0.960	0.970	0.960	0.963	7235961	6969200.50
2014/08/25	0.963	0.963	0.921	0.955	302532	288442.09
2014/08/26	0.926	0.956	0.925	0.934	166937	157333.55
2014/08/27	0.938	0.946	0.931	0.944	246415	230609.42
2014/08/28	0.940	0.956	0.930	0.935	543911	511350.34
2014/08/29	0.959	0.959	0.935	0.950	65700	62023.30
2014/09/01	0.960	0.960	0.934	0.960	112902	107667.11
2014/09/02	0.965	0.970	0.942	0.962	611516	589238.00
2014/09/03	0.965	0.973	0.956	0.969	385240	372653.34
2014/09/04	0.973	0.982	0.962	0.982	1801482	1749735.75
2014/09/05	0.980	0.995	0.972	0.993	693726	685712.81
2014/09/09	0.990	0.993	0.941	0.990	105407	103301.04
2014/09/10	0.980	0.986	0.971	0.985	47412	46314.55
2014/09/11	0.976	0.995	0.976	0.979	317248	314503.28
2014/09/12	0.992	0.992	0.957	0.985	168734	166187.92
2014/09/15	0.961	0.992	0.961	0.979	175148	171499.09
2014/09/16	0.969	0.975	0.953	0.962	363198	351884.28
2014/09/17	0.946	0.965	0.946	0.963	246729	235458.16
2014/09/18	0.954	0.974	0.950	0.974	188230	181462.83
2014/09/19	0.974	0.976	0.961	0.972	89900	87320.30
2014/09/22	0.966	0.975	0.950	0.960	195721	187989.77
2014/09/23	0.948	0.970	0.948	0.955	83903	80348.07
2014/09/24	0.956	0.993	0.956	0.980	1872470	1841984.00
2014/09/25	0.992	0.994	0.971	0.990	375947	372298.47
2014/09/26	0.961	0.990	0.961	0.990	371539	365157.09
2014/09/29	0.990	1.000	0.980	0.999	1692919	1682710.00
2014/09/30	0.990	0.995	0.980	0.995	196529	194905.83
2014/10/08	0.993	1.018	0.981	1.008	2017467	2022939.13
2014/10/09	1.007	1.012	1.000	1.012	781338	785808.75
2014/10/10	1.000	1.018	0.996	1.017	2363214	2385129.25
2014/10/13	1.010	1.017	0.991	1.010	343583	341828.63
2014/10/14	1.000	1.009	0.998	1.006	1043800	1044855.94
2014/10/15	1.010	1.020	0.994	1.020	1676872	1696327.00
2014/10/16	0.993	1.017	0.991	0.999	135973	135649.50
2014/10/17	0.999	0.999	0.968	0.988	87500	85778.20
2014/10/20	0.989	0.995	0.984	0.995	241914	239405.45
2014/10/21	0.997	0.997	0.988	0.988	107401	106715.65
2014/10/22	1.019	1.019	0.978	0.985	170505	170896.77
2014/10/23	0.982	0.982	0.973	0.973	46800	45787.70
2014/10/24	0.960	0.987	0.960	0.987	143000	138943.30
2014/10/27	0.962	0.968	0.952	0.961	123102	117855.11
2014/10/28	0.964	0.975	0.960	0.971	63806	61602.89
2014/10/29	0.987	0.995	0.980	0.990	226900	224027.98
2014/10/30	0.982	1.010	0.901	1.010	2292474	2188624.75
2014/10/31	1.002	1.030	0.990	1.000	2121114	2151908.50
2014/11/03	1.006	1.015	0.996	0.996	1691695	1712438.63
2014/11/04	0.982	1.010	0.982	1.002	3093	3082.83
2014/11/05	0.993	1.004	0.993	0.993	288702	287106.91
2014/11/06	0.995	1.002	0.995	1.001	67400	67293.90
2014/11/07	0.996	1.008	0.996	0.996	516905	519568.56
2014/11/10	1.000	1.005	0.991	1.001	166702	166186.59
2014/11/11	1.013	1.013	0.960	0.970	142600	140551.91
2014/11/12	0.985	0.995	0.975	0.995	252408	248891.56
2014/11/13	0.984	0.993	0.967	0.993	104700	103424.90
2014/11/14	0.972	0.990	0.972	0.988	80500	78253.70
2014/11/17	0.960	0.999	0.960	0.994	88701	86514.57
2014/11/18	0.987	0.992	0.973	0.990	289117	283463.88
2014/11/19	0.975	1.002	0.975	0.998	72308	71796.96
2014/11/20	0.973	0.998	0.973	0.997	151402	150378.84
2014/11/21	0.994	1.000	0.986	1.000	321172	319467.72
2014/11/24	1.000	1.027	1.000	1.027	2782338	2824716.75
2014/11/25	1.020	1.044	1.004	1.044	3259490	3359060.50
2014/11/26	1.043	1.059	1.030	1.050	917124	958515.31
2014/11/27	1.048	1.058	1.042	1.056	1118981	1183015.00
2014/11/28	1.032	1.070	1.032	1.070	1775291	1887126.38
2014/12/01	1.070	1.070	1.043	1.069	435419	460857.84
2014/12/02	1.059	1.098	1.050	1.098	912363	980597.50
2014/12/03	1.072	1.150	1.072	1.135	1357456	1520690.00
2014/12/04	1.101	1.155	1.101	1.150	1198940	1365639.88
2014/12/05	1.150	1.160	1.093	1.130	2501956	2807281.50
2014/12/08	1.123	1.130	1.081	1.120	1485527	1649337.88
2014/12/09	1.120	1.232	1.071	1.161	4760365	5582217.00
2014/12/10	1.261	1.261	1.102	1.196	1433527	1726808.38
2014/12/11	1.180	1.200	1.180	1.196	816830	974726.31
2014/12/12	1.141	1.191	1.140	1.179	832476	971683.31
2014/12/15	1.160	1.261	1.135	1.208	2094836	2466533.50
2014/12/16	1.157	1.197	1.157	1.188	570152	673517.31
2014/12/17	1.190	1.190	1.159	1.186	554102	651196.44
2014/12/18	1.157	1.200	1.157	1.180	2863264	3412438.00
2014/12/19	1.161	1.180	1.161	1.174	388733	453988.16
2014/12/22	1.116	1.200	1.116	1.156	228597	269170.31
2014/12/23	1.153	1.189	1.114	1.143	147000	169909.38
2014/12/24	1.131	1.170	1.120	1.138	298800	338539.19
2014/12/25	1.130	1.150	1.130	1.150	1268302	1445404.00
2014/12/26	1.179	1.180	1.125	1.170	1551647	1818650.25
2014/12/29	1.170	1.188	1.141	1.163	2087162	2441805.00
2014/12/30	1.186	1.186	1.144	1.170	243000	282248.19
2014/12/31	1.132	1.184	1.132	1.176	88800	103921.10
2015/01/05	1.162	1.213	1.161	1.210	1608134	1914248.00
2015/01/06	1.210	1.255	1.199	1.239	2504457	3056459.75
2015/01/07	1.241	1.271	1.218	1.225	2785308	3460076.00
2015/01/08	1.245	1.245	1.191	1.203	851600	1025334.88
2015/01/09	1.181	1.240	1.181	1.212	2071361	2515430.25
2015/01/12	1.229	1.229	1.190	1.196	1663100	2013097.38
2015/01/13	1.170	1.204	1.170	1.188	285802	339806.97
2015/01/14	1.179	1.209	1.179	1.206	710197	849895.63
2015/01/15	1.209	1.212	1.190	1.212	733097	883122.13
2015/01/16	1.215	1.233	1.211	1.224	770201	940937.50
2015/01/19	1.200	1.220	1.141	1.151	677700	800469.81
2015/01/20	1.151	1.210	1.151	1.202	763950	911994.44
2015/01/21	1.202	1.263	1.202	1.244	7937148	9902596.00
2015/01/22	1.250	1.250	1.210	1.247	2227797	2758010.25
2015/01/23	1.247	1.250	1.230	1.237	609001	755345.06
2015/01/26	1.217	1.268	1.217	1.258	1182359	1481801.38
2015/01/27	1.247	1.299	1.247	1.283	2216255	2807514.00
2015/01/28	1.291	1.291	1.261	1.266	321804	407707.34
2015/01/29	1.266	1.279	1.222	1.241	422500	528946.50
2015/01/30	1.240	1.269	1.238	1.240	1941304	2415775.25
2015/02/02	1.225	1.250	1.162	1.249	2144973	2639619.50
2015/02/03	1.239	1.242	1.212	1.240	242767	298336.19
2015/02/04	1.230	1.245	1.230	1.233	259308	320661.56
2015/02/05	1.233	1.293	1.233	1.236	431213	536077.06
2015/02/06	1.203	1.228	1.203	1.209	433206	525027.44
2015/02/09	1.171	1.208	1.171	1.184	407605	485217.13
2015/02/10	1.180	1.208	1.180	1.207	749009	898269.69
2015/02/11	1.220	1.280	1.211	1.240	1775289	2197610.75
2015/02/12	1.289	1.289	1.244	1.259	183300	230976.59
2015/02/13	1.260	1.270	1.260	1.268	325073	412104.66
2015/02/16	1.268	1.280	1.266	1.272	256903	327649.56
2015/02/17	1.288	1.309	1.285	1.309	1063443	1378964.75
2015/02/25	1.310	1.310	1.275	1.282	317302	407686.16
2015/02/26	1.268	1.314	1.268	1.312	463489	599740.25
2015/02/27	1.310	1.333	1.300	1.318	608113	801467.94
2015/03/02	1.315	1.350	1.315	1.343	1105415	1483891.88
2015/03/03	1.343	1.343	1.302	1.320	186038	247608.83
2015/03/04	1.283	1.335	1.283	1.335	357648	471802.47
2015/03/05	1.332	1.332	1.311	1.318	1725963	2285233.50
2015/03/06	1.329	1.336	1.310	1.312	1636900	2181077.25
2015/03/09	1.284	1.329	1.284	1.328	52500	68892.70
2015/03/10	1.328	1.356	1.311	1.325	296000	390983.91
2015/03/11	1.325	1.350	1.313	1.329	1763418	2356738.75
2015/03/12	1.196	1.334	1.196	1.329	230922	305567.91
2015/03/13	1.329	1.346	1.305	1.346	2275643	3043206.25
2015/03/16	1.336	1.395	1.336	1.386	537223	734298.63
2015/03/17	1.510	1.510	1.390	1.400	842503	1184306.50
2015/03/18	1.400	1.433	1.400	1.419	524052	739269.50
2015/03/19	1.419	1.435	1.414	1.419	511807	727073.81
2015/03/20	1.445	1.450	1.416	1.450	440460	632763.06
2015/03/23	1.450	1.489	1.424	1.488	578601	854702.44
2015/03/24	1.488	1.550	1.428	1.499	781434	1149678.25
2015/03/25	1.496	1.518	1.461	1.486	666904	993783.63
2015/03/26	1.480	1.509	1.462	1.496	694847	1032132.06
2015/03/27	1.472	1.510	1.401	1.509	566242	845379.00
2015/03/30	1.503	1.551	1.503	1.551	729622	1111596.50
2015/03/31	1.560	1.650	1.551	1.605	2244559	3648515.75
2015/04/01	1.560	1.748	1.500	1.566	9525193	14866055.00
2015/04/02	1.563	1.584	1.563	1.576	1328356	2086773.50
2015/04/03	1.577	1.598	1.560	1.582	1095600	1733710.75
2015/04/07	1.581	1.700	1.580	1.656	1776680	2892455.75
2015/04/08	1.650	1.656	1.621	1.635	935812	1532299.88
2015/04/09	1.628	1.628	1.581	1.600	1062124	1689834.25
2015/04/10	1.594	1.620	1.590	1.611	490318	788507.38
2015/04/13	1.630	1.660	1.601	1.658	1457291	2381744.25
2015/04/14	1.661	1.666	1.638	1.658	924200	1532357.25
2015/04/15	1.649	1.649	1.600	1.608	549209	889247.13
2015/04/16	1.607	1.620	1.561	1.614	766260	1226128.13
2015/04/17	1.616	1.628	1.601	1.619	567709	915352.19
2015/04/20	1.603	1.650	1.583	1.604	1584898	2561674.25
2015/04/21	1.583	1.670	1.580	1.650	1562795	2550833.25
2015/04/22	1.669	1.745	1.669	1.738	1553077	2665800.25
2015/04/23	1.742	1.777	1.730	1.749	704301	1231601.38
2015/04/24	1.740	1.748	1.710	1.720	581905	1003161.50
2015/04/27	1.720	1.775	1.720	1.736	485200	847054.50
2015/04/28	1.738	1.760	1.684	1.690	814827	1396261.13
2015/04/29	1.719	1.748	1.671	1.740	684499	1179691.63
2015/04/30	1.726	1.770	1.726	1.742	968950	1704416.00
2015/05/04	1.722	1.783	1.722	1.760	776000	1361104.75
2015/05/05	1.760	1.760	1.685	1.720	594400	1020873.63
2015/05/06	1.720	1.740	1.680	1.690	361229	617250.88
2015/05/07	1.660	1.705	1.660	1.667	149500	250084.41
2015/05/08	1.667	1.727	1.667	1.726	2186974	3752442.25
2015/05/11	1.727	1.829	1.701	1.823	2926924	5205472.50
2015/05/12	1.824	1.893	1.800	1.851	5864694	10666080.00
2015/05/13	1.848	1.848	1.800	1.807	555233	1005928.63
2015/05/14	1.806	1.843	1.806	1.825	45472566	83403256.00
2015/05/15	1.810	1.810	1.753	1.780	714885	1262653.88
2015/05/18	1.778	1.808	1.765	1.808	946470	1696323.25
2015/05/19	1.792	1.880	1.792	1.861	898688	1649316.13
2015/05/20	1.859	1.970	1.859	1.951	1100000	2121542.50
2015/05/21	1.939	1.990	1.900	1.990	440401	859372.69
2015/05/22	1.990	2.180	1.980	1.999	1848105	3725514.00
2015/05/25	2.099	2.099	1.963	2.028	3981014	8065631.50
2015/05/26	2.028	2.090	2.012	2.083	1834062	3765367.75
2015/05/27	2.083	2.150	2.033	2.129	975257	2029105.50
2015/05/28	2.110	2.150	2.001	2.001	792500	1652887.88
2015/05/29	2.047	2.049	1.850	1.990	57489983	115058704.00
2015/06/01	1.990	2.080	1.987	2.080	1782000	3615974.25
2015/06/02	2.080	2.190	2.054	2.123	1766903	3733443.50
2015/06/03	2.145	2.220	2.125	2.214	1311905	2850266.00
2015/06/04	2.217	2.217	2.100	2.180	571800	1243458.63
2015/06/05	2.280	2.280	2.132	2.172	1102500	2438046.50
2015/06/08	2.180	2.189	2.100	2.160	1430802	3047826.25
2015/06/09	2.104	2.370	2.104	2.160	1245467	2704535.25
2015/06/10	2.150	2.192	2.120	2.166	1378100	2962934.25
2015/06/11	2.200	2.200	2.142	2.180	1953095	4261040.50
2015/06/12	2.156	2.200	2.156	2.181	771993	1682794.75
2015/06/15	2.176	2.190	2.140	2.168	619548	1341870.50
2015/06/16	2.120	2.138	2.040	2.096	646477	1352966.38
2015/06/17	2.041	2.140	2.030	2.140	566502	1186895.25
2015/06/18	2.140	2.148	2.081	2.081	337600	712829.50
2015/06/19	2.049	2.049	1.950	1.950	257600	515152.81
2015/06/23	1.865	2.000	1.865	1.960	394102	763306.31
2015/06/24	1.975	1.999	1.936	1.977	507046	1006407.75
2015/06/25	1.960	1.998	1.930	1.933	272194	536735.50
2015/06/26	1.931	1.931	1.740	1.760	682000	1226753.25
2015/06/29	1.763	1.810	1.610	1.698	1160438	2023306.50
2015/06/30	1.695	1.839	1.590	1.839	5024235	8898284.00
2015/07/01	1.781	1.920	1.680	1.702	2665397	4826289.50
2015/07/02	1.702	1.780	1.603	1.610	1144564	1903458.00
2015/07/03	1.552	1.642	1.500	1.554	1314032	2041725.50
2015/07/06	1.709	1.709	1.460	1.546	13762337	21669918.00
2015/07/07	1.540	1.540	1.391	1.391	5025105	7250654.00
2015/07/08	1.252	1.299	1.252	1.252	860000	1077190.00
2015/07/09	1.127	1.377	1.127	1.377	6063362	7528048.50
2015/07/10	1.377	1.515	1.371	1.515	7106562	10559889.00
2015/07/13	1.525	1.667	1.525	1.650	13701746	22231666.00
2015/07/14	1.640	1.648	1.500	1.546	9276471	14734153.00
2015/07/15	1.544	1.600	1.400	1.460	5128453	7841029.50
2015/07/16	1.391	1.537	1.353	1.477	1526303	2266177.00
2015/07/17	1.432	1.605	1.432	1.597	2755202	4263665.00
2015/07/20	1.596	1.650	1.561	1.618	5717002	9245614.00
2015/07/21	1.582	1.630	1.537	1.602	1504303	2404814.00
2015/07/22	1.613	1.640	1.575	1.607	2509536	4059933.75
2015/07/23	1.610	1.655	1.607	1.651	1918433	3142406.00
2015/07/24	1.651	1.721	1.647	1.651	4564109	7687956.00
2015/07/27	1.620	1.635	1.505	1.509	1327684	2098433.50
2015/07/28	1.499	1.529	1.408	1.499	1405419	2073785.38
2015/07/29	1.499	1.550	1.468	1.550	1045004	1585185.88
2015/07/30	1.560	1.570	1.521	1.547	1133592	1748456.50
2015/07/31	1.535	1.540	1.466	1.500	743700	1123084.88
2015/08/03	1.467	1.504	1.431	1.452	791130	1144985.00
2015/08/04	1.497	1.526	1.433	1.525	743616	1108036.25
2015/08/05	1.524	1.543	1.499	1.500	468417	711274.00
2015/08/06	1.460	1.510	1.460	1.496	272400	409413.91
2015/08/07	1.519	1.532	1.510	1.528	474092	720729.25
2015/08/10	1.523	1.665	1.523	1.633	4228453	6738285.00
2015/08/11	1.608	1.668	1.601	1.624	20395412	33771940.00
2015/08/12	1.599	1.655	1.599	1.630	5527956	9055107.00
2015/08/13	1.630	1.670	1.581	1.638	320501	521331.91
2015/08/14	1.638	1.648	1.621	1.645	1189230	1944557.63
2015/08/17	1.622	1.639	1.622	1.633	174004	283226.59
2015/08/18	1.615	1.637	1.523	1.538	795156	1280312.63
2015/08/19	1.528	1.677	1.473	1.560	850201	1285707.38
2015/08/20	1.534	1.568	1.525	1.525	181999	280575.53
2015/08/21	1.490	1.500	1.465	1.470	357423	529480.88
2015/08/24	1.451	1.451	1.323	1.324	517500	698896.38
2015/08/25	1.236	1.259	1.200	1.200	357800	438118.59
2015/08/26	1.289	1.289	1.162	1.204	686200	847430.69
2015/08/27	1.200	1.268	1.168	1.235	633000	770650.19
2015/08/28	1.268	1.300	1.213	1.299	766200	958855.50
2015/08/31	1.299	1.305	1.202	1.254	739203	919284.25
2015/09/01	1.233	1.289	1.200	1.222	239300	292586.31
2015/09/02	1.155	1.244	1.155	1.200	234293	280472.22
2015/09/07	1.240	1.257	1.205	1.205	368700	456069.00
2015/09/08	1.191	1.252	1.191	1.250	267864	325935.94
2015/09/09	1.246	1.296	1.246	1.290	456200	582045.50
2015/09/10	1.270	1.281	1.254	1.260	542400	687390.13
2015/09/11	1.248	1.284	1.241	1.262	181100	229055.00
2015/09/14	1.297	1.302	1.210	1.213	635500	809006.69
2015/09/15	1.152	1.185	1.122	1.135	585100	666052.63
2015/09/16	1.130	1.245	1.125	1.202	502414	587812.75
2015/09/17	1.190	1.219	1.178	1.210	267523	321064.13
2015/09/18	1.209	1.209	1.185	1.205	156614	186793.70
2015/09/21	1.200	1.235	1.181	1.235	316600	381991.50
2015/09/22	1.232	1.265	1.212	1.246	243000	299169.31
2015/09/23	1.237	1.237	1.218	1.226	156800	191729.41
2015/09/24	1.210	1.247	1.210	1.221	47100	57584.80
2015/09/25	1.204	1.232	1.203	1.203	181400	219086.41
2015/09/28	1.178	1.213	1.178	1.210	34900	41904.20
2015/09/29	1.182	1.200	1.182	1.199	44999	53472.32
2015/09/30	1.216	1.216	1.196	1.198	21000	25348.20
2015/10/08	1.277	1.277	1.225	1.239	216700	267477.41
2015/10/09	1.239	1.250	1.224	1.250	241500	299125.50
2015/10/12	1.240	1.315	1.240	1.300	755200	969453.81
2015/10/13	1.300	1.312	1.286	1.310	451900	587238.31
2015/10/14	1.285	1.327	1.285	1.292	294900	384381.31
2015/10/15	1.278	1.320	1.278	1.320	362500	473920.69
2015/10/16	1.311	1.344	1.311	1.340	460602	612064.63
2015/10/19	1.326	1.375	1.303	1.374	1010839	1352356.13
2015/10/20	1.350	1.399	1.345	1.399	743842	1015812.13
2015/10/21	1.371	1.420	1.324	1.350	689100	959533.13
2015/10/22	1.321	1.379	1.300	1.358	253400	345042.19
2015/10/23	1.340	1.413	1.340	1.395	303500	415688.91
2015/10/26	1.386	1.407	1.386	1.394	101500	141790.80
2015/10/27	1.390	1.420	1.354	1.381	208900	288849.09
2015/10/28	1.390	1.390	1.358	1.358	81500	111929.70
2015/10/29	1.356	1.381	1.356	1.362	25600	34840.20
2015/10/30	1.360	1.375	1.360	1.375	28700	39411.80
2015/11/02	1.370	1.370	1.355	1.355	91000	123852.70
2015/11/03	1.353	1.375	1.353	1.370	72500	99180.90
2015/11/04	1.366	1.420	1.365	1.415	381418	532188.50
2015/11/05	1.435	1.447	1.401	1.434	432304	617126.94
2015/11/06	1.424	1.470	1.423	1.464	437204	629267.06
2015/11/09	1.450	1.490	1.448	1.475	645425	949627.06
2015/11/10	1.451	1.524	1.451	1.500	1290410	1928076.00
2015/11/11	1.500	1.541	1.500	1.541	842856	1288293.13
2015/11/12	1.536	1.589	1.513	1.540	619500	956182.31
2015/11/13	1.506	1.538	1.491	1.521	203700	306296.09
2015/11/16	1.460	1.517	1.460	1.517	198809	294353.50
2015/11/17	1.521	1.549	1.510	1.513	406509	622536.63
2015/11/18	1.477	1.530	1.477	1.500	138100	207260.30
2015/11/19	1.462	1.519	1.462	1.513	41100	61250.20
2015/11/20	1.513	1.519	1.481	1.519	36700	55425.80
2015/11/23	1.489	1.539	1.489	1.500	155800	236468.70
2015/11/24	1.482	1.517	1.482	1.489	98200	147211.30
2015/11/25	1.526	1.545	1.498	1.543	1024950	1569193.00
2015/11/26	1.550	1.567	1.530	1.533	627066	972204.38
2015/11/27	1.496	1.558	1.471	1.471	418400	637180.31
2015/11/30	1.495	1.495	1.395	1.460	125400	181212.00
2015/12/01	1.473	1.473	1.421	1.439	522900	750650.81
2015/12/02	1.468	1.480	1.430	1.480	198100	289719.41
2015/12/03	1.450	1.482	1.450	1.481	189900	280918.19
2015/12/04	1.445	1.500	1.445	1.469	131100	194792.30
2015/12/07	1.469	1.507	1.469	1.476	33100	49023.30
2015/12/08	1.458	1.504	1.458	1.462	57500	85734.70
2015/12/09	1.486	1.500	1.470	1.496	655300	971209.38
2015/12/10	1.525	1.525	1.461	1.502	42700	64140.20
2015/12/11	1.499	1.499	1.453	1.490	58200	85188.00
2015/12/14	1.435	1.517	1.435	1.499	69400	103155.10
2015/12/15	1.459	1.503	1.459	1.503	89800	134740.00
2015/12/16	1.507	1.536	1.501	1.504	1687840	2589702.00
2015/12/17	1.500	1.532	1.500	1.515	211317	320772.22
2015/12/18	1.543	1.543	1.509	1.517	145500	223402.80
2015/12/21	1.569	1.574	1.505	1.562	134800	208479.70
2015/12/22	1.562	1.594	1.542	1.594	671200	1063878.75
2015/12/23	1.594	1.650	1.574	1.588	376200	605845.06
2015/12/24	1.597	1.597	1.563	1.582	283600	444307.91
2015/12/25	1.538	1.593	1.538	1.590	56400	89219.20
2015/12/28	1.590	1.598	1.570	1.570	140300	220977.50
2015/12/29	1.530	1.582	1.530	1.580	31900	49203.50
2015/12/30	1.556	1.576	1.556	1.576	4000	6244.00
2015/12/31	1.551	1.584	1.551	1.580	66200	103149.30
2016/01/04	1.532	1.582	1.532	1.532	30500	46830.70
2016/01/05	1.532	1.650	1.515	1.530	282500	441103.09
2016/01/06	1.550	1.605	1.458	1.522	69000	106342.80
2016/01/07	1.490	1.490	1.453	1.453	16000	23293.00
2016/01/08	1.455	1.521	1.413	1.440	218900	325598.00
2016/01/11	1.390	1.500	1.390	1.395	330900	463805.69
2016/01/12	1.449	1.449	1.337	1.339	530300	725819.69
2016/01/13	1.341	1.370	1.330	1.358	84400	113632.00
2016/01/14	1.255	1.395	1.245	1.367	205301	276432.56
2016/01/15	1.365	1.365	1.300	1.329	72900	97126.30
2016/01/18	1.367	1.367	1.264	1.342	35500	47826.40
2016/01/19	1.359	1.359	1.269	1.330	205300	272432.59
2016/01/20	1.251	1.330	1.251	1.290	44600	58676.90
2016/01/21	1.210	1.349	1.210	1.335	180400	231666.20
2016/01/22	1.275	1.319	1.275	1.284	110399	142431.11
2016/01/25	1.329	1.329	1.285	1.285	43900	56672.90
2016/01/26	1.285	1.289	1.200	1.249	126700	159038.20
2016/01/27	1.206	1.232	1.180	1.200	178400	212683.70
2016/01/28	1.170	1.200	1.170	1.195	56900	67643.00
2016/01/29	1.241	1.241	1.125	1.233	121100	145032.09
2016/02/01	1.233	1.280	1.175	1.258	96200	120217.60
2016/02/02	1.200	1.282	1.200	1.265	60500	74619.30
2016/02/03	1.215	1.257	1.215	1.256	51600	64344.10
2016/02/04	1.215	1.291	1.215	1.287	63800	80289.30
2016/02/05	1.287	1.310	1.221	1.289	284700	362015.59
2016/02/15	1.237	1.270	1.182	1.270	476500	589941.63
2016/02/16	1.268	1.268	1.232	1.261	374400	469177.69
2016/02/17	1.261	1.268	1.245	1.265	232000	289850.41
2016/02/18	1.252	1.264	1.251	1.251	82700	103650.90
2016/02/19	1.222	1.257	1.222	1.253	86400	107360.40
2016/02/22	1.251	1.274	1.238	1.274	185400	233969.09
2016/02/23	1.274	1.278	1.251	1.251	84500	106792.40
2016/02/24	1.250	1.265	1.241	1.265	55900	69994.80
2016/02/25	1.240	1.262	1.206	1.208	826350	1009250.50
2016/02/26	1.249	1.249	1.208	1.220	25300	30711.00
2016/02/29	1.175	1.249	1.175	1.240	82000	99828.00
2016/03/01	1.200	1.249	1.200	1.244	53400	66169.20
2016/03/02	1.248	1.249	1.240	1.249	258950	323012.34
2016/03/03	1.253	1.253	1.230	1.235	92500	115419.70
2016/03/04	1.244	1.245	1.202	1.230	80300	98554.00
2016/03/07	1.280	1.280	1.217	1.244	13958	17542.15
2016/03/08	1.198	1.257	1.198	1.244	77000	94605.50
2016/03/10	1.210	1.242	1.209	1.211	71500	86525.10
2016/03/11	1.170	1.238	1.150	1.205	93250	112043.15
2016/03/14	1.205	1.249	1.205	1.240	141950	175572.20
2016/03/15	1.215	1.231	1.213	1.230	53400	64943.10
2016/03/16	1.233	1.233	1.213	1.219	20800	25459.50
2016/03/17	1.208	1.250	1.208	1.230	117200	144499.41
2016/03/18	1.242	1.250	1.236	1.247	666700	828414.88
2016/03/21	1.244	1.264	1.244	1.260	179100	225191.30
2016/03/22	1.229	1.271	1.229	1.249	256300	324772.09
2016/03/23	1.252	1.270	1.247	1.256	196250	246320.55
2016/03/24	1.241	1.263	1.241	1.249	98700	123730.70
2016/03/25	1.222	1.256	1.222	1.242	180300	224485.50
2016/03/28	1.269	1.269	1.244	1.244	61900	77505.90
2016/03/29	1.242	1.249	1.225	1.233	85100	105156.30
2016/03/30	1.245	1.260	1.245	1.260	35200	44144.10
2016/03/31	1.265	1.268	1.258	1.264	116850	147689.05
2016/04/01	1.240	1.261	1.240	1.257	263100	327557.59
2016/04/05	1.251	1.276	1.234	1.273	295401	373912.28
2016/04/06	1.248	1.275	1.248	1.271	171300	217856.91
2016/04/07	1.265	1.275	1.260	1.266	638100	811036.88
2016/04/08	1.253	1.285	1.253	1.259	47000	59351.70
2016/04/11	1.275	1.320	1.270	1.299	1324551	1700563.13
2016/04/12	1.280	1.300	1.278	1.297	25500	32789.60
2016/04/13	1.350	1.350	1.283	1.310	51100	68137.10
2016/04/14	1.309	1.310	1.290	1.308	66900	86926.20
2016/04/15	1.342	1.342	1.293	1.320	362601	481005.09
2016/04/18	1.289	1.328	1.289	1.296	147952	192017.80
2016/04/19	1.300	1.300	1.289	1.294	44100	57240.70
2016/04/20	1.254	1.324	1.246	1.308	181600	228599.50
2016/04/21	1.270	1.305	1.270	1.280	38000	48843.40
2016/04/22	1.302	1.302	1.264	1.288	13200	16952.10
2016/04/25	1.260	1.299	1.260	1.288	18100	22973.40
2016/04/26	1.270	1.280	1.260	1.261	21500	27254.70
2016/04/27	1.261	1.280	1.261	1.279	9300	11768.10
2016/04/28	1.210	1.296	1.210	1.280	5600	7183.90
2016/04/29	1.272	1.288	1.272	1.287	2200	2830.10
2016/05/03	1.280	1.290	1.279	1.283	124452	159614.27
2016/05/04	1.288	1.297	1.255	1.291	106958	137747.67
2016/05/05	1.290	1.290	1.264	1.285	9800	12581.70
2016/05/06	1.281	1.287	1.281	1.285	28100	36026.20
2016/05/09	1.255	1.350	1.255	1.266	71100	90184.80
2016/05/10	1.251	1.298	1.250	1.280	37600	47652.10
2016/05/11	1.295	1.295	1.188	1.270	30600	37747.90
2016/05/12	1.189	1.287	1.189	1.270	37000	45685.70
2016/05/13	1.247	1.272	1.247	1.247	5800	7245.10
2016/05/16	1.210	1.258	1.210	1.249	95533	117239.23
2016/05/17	1.221	1.245	1.221	1.240	2800	3473.20
2016/05/18	1.240	1.240	1.215	1.223	21900	26753.60
2016/05/19	1.223	1.264	1.223	1.239	36300	44905.20
2016/05/20	1.239	1.239	1.228	1.239	13500	16695.50
2016/05/23	1.245	1.249	1.245	1.245	42000	52290.40
2016/05/24	1.222	1.246	1.222	1.240	15800	19535.20
2016/05/25	1.300	1.300	1.216	1.243	28102	34566.37
2016/05/26	1.260	1.260	1.208	1.242	36900	45731.90
2016/05/27	1.230	1.231	1.230	1.231	2900	3569.70
2016/05/30	1.245	1.245	1.244	1.244	11500	14316.40
2016/05/31	1.231	1.298	1.231	1.293	118149	151956.95
2016/06/01	1.272	1.290	1.240	1.270	80300	101461.40
2016/06/02	1.238	1.273	1.238	1.262	65258	81335.32
2016/06/03	1.250	1.260	1.250	1.260	36800	46248.60
2016/06/06	1.289	1.289	1.263	1.283	114951	147423.28
2016/06/07	1.252	1.293	1.251	1.293	89500	113756.90
2016/06/08	1.292	1.292	1.259	1.292	16900	21516.90
2016/06/13	1.292	1.292	1.252	1.263	66500	84040.40
2016/06/14	1.255	1.260	1.250	1.260	36700	46113.90
2016/06/15	1.281	1.281	1.238	1.277	40300	50471.90
2016/06/16	1.256	1.272	1.256	1.272	14600	18491.20
2016/06/17	1.300	1.300	1.237	1.278	75200	93379.90
2016/06/20	1.254	1.277	1.254	1.271	68600	87008.30
2016/06/21	1.250	1.270	1.250	1.251	39000	48986.80
2016/06/22	1.290	1.290	1.232	1.273	96700	120201.50
2016/06/23	1.262	1.262	1.246	1.262	9300	11659.60
2016/06/24	1.247	1.257	1.226	1.257	52200	64995.10
2016/06/27	1.250	1.273	1.241	1.270	74100	92674.90
2016/06/28	1.254	1.277	1.252	1.272	38000	47902.20
2016/06/29	1.243	1.273	1.243	1.271	16100	20165.10
2016/06/30	1.252	1.275	1.252	1.270	27900	35151.60
2016/07/01	1.271	1.271	1.265	1.265	12300	15632.10
2016/07/04	1.274	1.291	1.268	1.290	190500	243806.09
2016/07/05	1.273	1.285	1.273	1.285	200	255.80
2016/07/06	1.287	1.288	1.268	1.287	68900	88636.90
2016/07/07	1.274	1.293	1.274	1.293	166700	214950.80
2016/07/08	1.293	1.293	1.280	1.282	22800	29325.00
2016/07/11	1.290	1.297	1.289	1.297	303250	391806.84
2016/07/12	1.289	1.325	1.285	1.325	23000	29767.60
2016/07/13	1.299	1.326	1.299	1.326	201700	265342.31
2016/07/14	1.313	1.325	1.280	1.325	21800	28181.50
2016/07/15	1.310	1.322	1.298	1.318	64900	84617.64
2016/07/18	1.309	1.317	1.305	1.305	46900	61322.60
2016/07/19	1.326	1.326	1.293	1.302	17000	22104.60
2016/07/20	1.320	1.320	1.301	1.312	85700	111720.90
2016/07/21	1.290	1.319	1.290	1.314	46600	60893.30
2016/07/22	1.312	1.312	1.289	1.311	30900	40136.20
2016/07/25	1.306	1.308	1.303	1.308	8800	11481.20
2016/07/26	1.300	1.320	1.300	1.307	106158	138745.36
2016/07/27	1.329	1.329	1.283	1.299	109500	141963.20
2016/07/28	1.324	1.324	1.279	1.299	93000	119170.40
2016/07/29	1.268	1.296	1.268	1.294	51700	65602.40
2016/08/01	1.259	1.287	1.253	1.285	77500	97627.40
2016/08/02	1.283	1.284	1.283	1.284	11800	15149.40
2016/08/03	1.284	1.284	1.268	1.284	6800	8651.20
2016/08/04	1.248	1.285	1.248	1.281	3100	3923.90
2016/08/05	1.282	1.282	1.268	1.273	27000	34334.80
2016/08/08	1.232	1.290	1.232	1.285	48300	59918.00
2016/08/09	1.298	1.325	1.284	1.299	69800	91942.10
2016/08/10	1.271	1.300	1.271	1.291	9300	12081.60
2016/08/11	1.289	1.301	1.289	1.295	31100	40272.70
2016/08/12	1.327	1.327	1.292	1.315	45100	58297.70
2016/08/15	1.306	1.345	1.306	1.336	123600	165326.00
2016/08/16	1.335	1.349	1.318	1.344	573231	766635.44
2016/08/17	1.393	1.393	1.349	1.360	541302	741131.00
2016/08/18	1.327	1.388	1.327	1.361	53900	73678.30
2016/08/19	1.371	1.378	1.339	1.343	133600	180764.20
2016/08/22	1.340	1.341	1.334	1.341	35800	47816.10
2016/08/23	1.374	1.374	1.324	1.341	32100	42869.50
2016/08/24	1.340	1.340	1.320	1.335	117900	155839.20
2016/08/25	1.301	1.332	1.301	1.319	22400	29500.40
2016/08/26	1.337	1.337	1.319	1.324	20700	27443.70
2016/08/29	1.337	1.337	1.306	1.322	35100	46277.30
2016/08/30	1.347	1.347	1.308	1.341	51700	68524.30
2016/08/31	1.323	1.344	1.320	1.331	23174	30694.32
2016/09/01	1.339	1.339	1.325	1.325	13200	17588.40
2016/09/02	1.325	1.325	1.319	1.320	35500	46885.30
2016/09/05	1.306	1.320	1.306	1.319	15974	21053.17
2016/09/06	1.319	1.350	1.315	1.350	25900	34209.60
2016/09/07	1.338	1.341	1.325	1.337	69700	93289.80
2016/09/08	1.323	1.337	1.323	1.337	8000	10620.70
2016/09/09	1.337	1.337	1.322	1.329	28200	37467.60
2016/09/12	1.302	1.349	1.290	1.290	60000	78433.20
2016/09/13	1.282	1.335	1.282	1.299	16000	20716.50
2016/09/14	1.290	1.301	1.290	1.291	26200	33832.00
2016/09/19	1.290	1.307	1.290	1.301	5300	6873.60
2016/09/20	1.291	1.301	1.291	1.301	1600	2067.40
2016/09/21	1.300	1.304	1.300	1.300	40000	52005.20
2016/09/22	1.300	1.320	1.296	1.317	342500	448686.69
2016/09/23	1.310	1.328	1.310	1.328	8000	10616.80
2016/09/26	1.312	1.312	1.282	1.304	11200	14599.10
2016/09/27	1.330	1.330	1.229	1.310	40200	52443.40
2016/09/28	1.330	1.330	1.281	1.287	9300	11989.50
2016/09/29	1.319	1.319	1.300	1.318	27501	36001.10
2016/09/30	1.349	1.349	1.268	1.319	54100	70374.10
2016/10/10	1.283	1.325	1.283	1.325	24700	32455.10
2016/10/11	1.339	1.339	1.307	1.317	12300	16194.20
2016/10/12	1.319	1.335	1.318	1.327	61400	81319.30
2016/10/13	1.322	1.326	1.322	1.326	51600	68267.20
2016/10/14	1.326	1.326	1.312	1.325	21500	28275.50
2016/10/17	1.314	1.338	1.314	1.320	8300	10994.50
2016/10/18	1.319	1.328	1.315	1.320	24600	32500.80
2016/10/19	1.337	1.337	1.320	1.327	43100	57005.80
2016/10/20	1.316	1.319	1.316	1.319	2600	3423.40
2016/10/21	1.323	1.325	1.311	1.320	9200	12129.50
2016/10/24	1.329	1.342	1.328	1.339	62000	82626.70
2016/10/25	1.340	1.362	1.330	1.338	73900	99816.60
2016/10/26	1.342	1.342	1.324	1.329	11400	15202.90
2016/10/27	1.333	1.334	1.331	1.331	3100	4130.70
2016/10/28	1.330	1.361	1.320	1.333	14900	19906.00
2016/10/31	1.283	1.363	1.278	1.349	15500	20276.50
2016/11/01	1.325	1.353	1.325	1.350	109931	147863.70
2016/11/02	1.326	1.331	1.326	1.331	9500	12633.00
2016/11/03	1.325	1.367	1.325	1.337	4200	5641.10
2016/11/04	1.369	1.369	1.324	1.330	24500	32537.10
2016/11/07	1.321	1.337	1.321	1.328	5000	6610.70
2016/11/08	1.329	1.331	1.329	1.330	59800	79538.10
2016/11/09	1.350	1.350	1.342	1.342	5700	7661.20
2016/11/10	1.345	1.345	1.322	1.329	27600	36968.10
2016/11/11	1.345	1.345	1.322	1.340	44600	59421.40
2016/11/14	1.340	1.353	1.318	1.353	306841	407410.03
2016/11/15	1.352	1.352	1.301	1.344	164740	221536.36
2016/11/16	1.364	1.364	1.339	1.346	36800	49418.90
2016/11/17	1.330	1.358	1.330	1.344	35200	47259.60
2016/11/18	1.323	1.340	1.322	1.339	36500	48846.30
2016/11/21	1.330	1.351	1.330	1.351	32540	43472.00
2016/11/22	1.325	1.347	1.325	1.340	14000	18797.60
2016/11/23	1.346	1.349	1.310	1.347	232300	310786.50
2016/11/24	1.336	1.366	1.335	1.364	298900	400650.19
2016/11/25	1.363	1.363	1.338	1.355	21400	28813.00
2016/11/28	1.354	1.368	1.343	1.366	86700	117696.30
2016/11/29	1.364	1.368	1.348	1.368	147700	201483.30
2016/11/30	1.364	1.368	1.350	1.354	26400	35786.50
2016/12/01	1.361	1.369	1.356	1.356	137100	186218.41
2016/12/02	1.463	1.463	1.340	1.343	239700	326636.50
2016/12/05	1.343	1.356	1.307	1.342	118000	155104.20
2016/12/06	1.300	1.344	1.238	1.330	34000	43802.30
2016/12/07	1.328	1.334	1.301	1.334	50300	66488.70
2016/12/08	1.330	1.338	1.328	1.334	75300	100436.40
2016/12/09	1.325	1.330	1.325	1.330	73700	97863.30
2016/12/12	1.329	1.329	1.282	1.282	144500	187673.20
2016/12/13	1.282	1.284	1.270	1.284	51600	66049.20
2016/12/14	1.286	1.286	1.278	1.281	9300	11925.70
2016/12/15	1.265	1.292	1.263	1.292	27000	34182.20
2016/12/16	1.294	1.298	1.289	1.298	22600	29247.90
2016/12/19	1.273	1.297	1.272	1.297	19000	24420.60
2016/12/20	1.275	1.306	1.275	1.302	23600	30268.00
2016/12/21	1.256	1.298	1.256	1.294	37600	48440.20
2016/12/22	1.260	1.291	1.259	1.280	13700	17438.50
2016/12/23	1.286	1.286	1.262	1.264	5500	6952.00
2016/12/26	1.251	1.279	1.250	1.273	1400	1776.10
2016/12/27	1.257	1.272	1.250	1.272	107903	135706.77
2016/12/28	1.269	1.275	1.250	1.250	82200	103137.90
2016/12/29	1.253	1.271	1.250	1.250	59900	75056.20
2016/12/30	1.251	1.251	1.250	1.250	23000	28753.60
2017/01/03	1.250	1.262	1.250	1.262	7500	9391.30
2017/01/04	1.258	1.266	1.258	1.266	117433	148098.78
2017/01/05	1.260	1.267	1.260	1.267	16600	21011.00
2017/01/06	1.258	1.272	1.258	1.269	4600	5822.60
2017/01/09	1.258	1.266	1.258	1.266	55515	70147.19
2017/01/10	1.269	1.269	1.269	1.269	78600	99743.40
2017/01/11	1.253	1.269	1.250	1.268	62500	78251.00
2017/01/12	1.266	1.266	1.247	1.249	67900	84992.40
2017/01/13	1.248	1.256	1.237	1.250	48900	60877.30
2017/01/16	1.250	1.254	1.210	1.211	448700	556128.13
2017/01/17	1.212	1.226	1.188	1.210	85002	102679.38
2017/01/18	1.219	1.221	1.210	1.217	12400	15051.30
2017/01/19	1.225	1.228	1.209	1.212	25900	31557.70
2017/01/20	1.221	1.228	1.213	1.225	22500	27512.50
2017/01/23	1.220	1.238	1.219	1.238	162500	200790.41
2017/01/24	1.246	1.246	1.226	1.228	58100	72091.00
2017/01/25	1.229	1.256	1.229	1.242	30200	37470.30
2017/01/26	1.242	1.256	1.229	1.254	15600	19365.60
2017/02/03	1.253	1.253	1.232	1.234	5700	7087.60
2017/02/06	1.234	1.253	1.234	1.251	139400	173905.30
2017/02/07	1.253	1.253	1.241	1.249	46800	58268.60
2017/02/08	1.249	1.255	1.233	1.255	22000	27276.80
2017/02/09	1.255	1.255	1.234	1.248	120000	150165.20
2017/02/10	1.248	1.256	1.241	1.251	104600	130596.10
2017/02/13	1.243	1.258	1.241	1.258	428315	536215.25
2017/02/14	1.258	1.258	1.248	1.252	137600	172763.20
2017/02/15	1.254	1.262	1.246	1.254	157400	197266.09
2017/02/16	1.251	1.254	1.245	1.252	61320	76721.36
2017/02/17	1.253	1.259	1.249	1.250	26200	32878.00
2017/02/20	1.250	1.259	1.243	1.259	60600	76054.40
2017/02/21	1.260	1.269	1.250	1.269	282100	354947.50
2017/02/22	1.269	1.273	1.257	1.272	147900	187393.50
2017/02/23	1.272	1.280	1.272	1.276	149100	190181.20
2017/02/24	1.274	1.279	1.269	1.275	30400	38799.10
2017/02/27	1.275	1.285	1.269	1.280	49600	63461.40
2017/02/28	1.280	1.284	1.270	1.277	116900	148801.30
2017/03/01	1.275	1.284	1.267	1.282	64802	82770.95
2017/03/02	1.282	1.287	1.265	1.270	126200	160542.00
2017/03/03	1.270	1.277	1.266	1.267	15200	19285.10
2017/03/06	1.266	1.394	1.266	1.299	271200	354316.50
2017/03/07	1.299	1.350	1.295	1.329	272215	356183.19
2017/03/08	1.329	1.337	1.300	1.326	69600	92381.00
2017/03/09	1.326	1.326	1.264	1.301	345211	449795.72
2017/03/10	1.298	1.323	1.274	1.320	95501	124656.40
2017/03/13	1.319	1.329	1.261	1.301	255783	338959.59
2017/03/14	1.303	1.338	1.285	1.331	66100	87516.90
2017/03/15	1.331	1.360	1.309	1.331	207700	278235.91
2017/03/16	1.334	1.358	1.330	1.341	32300	43299.90
2017/03/17	1.341	1.358	1.327	1.340	68500	92025.90
2017/03/20	1.340	1.358	1.318	1.346	41400	55187.60
2017/03/21	1.346	1.354	1.325	1.349	37501	50560.93
2017/03/22	1.349	1.352	1.318	1.342	56500	75280.20
2017/03/23	1.342	1.353	1.317	1.339	37700	50314.30
2017/03/24	1.338	1.358	1.318	1.352	152002	205058.91
2017/03/27	1.352	1.358	1.323	1.349	17300	23247.00
2017/03/28	1.349	1.358	1.326	1.345	14200	19107.90
2017/03/29	1.345	1.357	1.328	1.336	60000	80930.40
2017/03/30	1.337	1.356	1.330	1.335	15900	21308.40
2017/03/31	1.320	1.350	1.318	1.325	21226	28274.72
2017/04/05	1.325	1.359	1.321	1.340	49500	66241.90
2017/04/06	1.340	1.354	1.321	1.331	50000	66802.50
2017/04/07	1.331	1.358	1.317	1.338	85926	114147.09
2017/04/10	1.335	1.353	1.315	1.335	121100	161173.50
2017/04/11	1.335	1.335	1.310	1.333	208481	273997.78
2017/04/12	1.331	1.331	1.313	1.314	18800	24733.00
2017/04/13	1.323	1.323	1.300	1.313	105805	138089.30
2017/04/14	1.313	1.316	1.298	1.298	42400	55171.70
2017/04/17	1.298	1.298	1.291	1.296	40400	52352.50
2017/04/18	1.292	1.303	1.288	1.297	19000	24644.20
2017/04/19	1.290	1.291	1.277	1.290	57601	73999.79
2017/04/20	1.290	1.294	1.273	1.290	21800	28069.79
2017/04/21	1.289	1.296	1.285	1.295	16700	21597.20
2017/04/24	1.268	1.289	1.214	1.281	98000	121744.90
2017/04/25	1.260	1.276	1.238	1.270	79600	100184.90
2017/04/26	1.269	1.269	1.250	1.256	236700	296350.19
2017/04/27	1.256	1.263	1.252	1.260	36900	46267.10
2017/04/28	1.245	1.256	1.245	1.254	124000	155437.39
2017/05/02	1.254	1.265	1.254	1.256	81200	102340.40
2017/05/03	1.256	1.263	1.252	1.259	87000	109382.60
2017/05/04	1.244	1.260	1.244	1.259	19800	24858.20
2017/05/05	1.241	1.258	1.241	1.252	9300	11653.30
2017/05/08	1.252	1.258	1.237	1.243	63000	78538.40
2017/05/09	1.240	1.249	1.230	1.243	97700	120811.50
2017/05/10	1.243	1.255	1.228	1.238	23899	29535.36
2017/05/11	1.228	1.252	1.210	1.228	49300	60304.80
2017/05/12	1.226	1.255	1.222	1.239	47800	59186.70
2017/05/15	1.225	1.248	1.225	1.239	65699	81709.36
2017/05/16	1.228	1.246	1.228	1.245	100004	124227.37
2017/05/17	1.233	1.255	1.233	1.248	13520	16879.12
2017/05/18	1.225	1.253	1.225	1.243	50823	63157.39
2017/05/19	1.243	1.248	1.231	1.245	6900	8585.00
2017/05/22	1.245	1.253	1.235	1.240	25600	31911.90
2017/05/23	1.249	1.250	1.230	1.234	142600	177400.31
2017/05/24	1.256	1.256	1.217	1.235	31300	38494.40
2017/05/25	1.221	1.249	1.221	1.249	62300	77084.30
2017/05/26	1.239	1.252	1.239	1.243	14700	18311.80
2017/05/31	1.241	1.249	1.233	1.244	38600	47889.90
2017/06/01	1.247	1.248	1.243	1.245	50100	62368.30
2017/06/02	1.226	1.254	1.226	1.252	18400	22703.40
2017/06/05	1.237	1.252	1.227	1.245	25300	31344.30
2017/06/06	1.231	1.255	1.231	1.254	78600	97906.00
2017/06/07	1.244	1.273	1.244	1.269	31600	39955.40
2017/06/08	1.269	1.284	1.269	1.278	135900	173986.91
2017/06/09	1.287	1.292	1.266	1.292	83080	106997.06
2017/06/12	1.272	1.298	1.272	1.297	222501	288365.00
2017/06/13	1.311	1.311	1.200	1.308	118900	151549.20
2017/06/14	1.282	1.293	1.282	1.288	37700	48550.30
2017/06/15	1.281	1.281	1.273	1.275	117900	150691.80
2017/06/16	1.275	1.286	1.275	1.279	9100	11627.90
2017/06/19	1.291	1.291	1.276	1.290	51900	66648.10
2017/06/20	1.296	1.297	1.288	1.291	56900	73624.20
2017/06/21	1.298	1.298	1.291	1.296	31800	41206.40
2017/06/22	1.305	1.305	1.295	1.295	36100	46921.50
2017/06/23	1.308	1.308	1.282	1.298	25200	32618.60
2017/06/26	1.298	1.315	1.298	1.315	388283	508682.53
2017/06/27	1.303	1.317	1.303	1.317	76381	100280.20
2017/06/28	1.302	1.314	1.302	1.306	112800	147361.20
2017/06/29	1.309	1.315	1.303	1.305	147181	192230.14
2017/06/30	1.307	1.307	1.296	1.305	258100	335335.50
2017/07/03	1.306	1.308	1.300	1.306	33512	43716.30
2017/07/04	1.300	1.303	1.291	1.298	41000	53146.00
2017/07/05	1.298	1.309	1.288	1.309	56712	73424.27
2017/07/06	1.305	1.306	1.300	1.303	111995	146056.48
2017/07/07	1.297	1.303	1.290	1.303	25700	33271.40
2017/07/10	1.293	1.301	1.293	1.301	11100	14393.70
2017/07/11	1.299	1.305	1.290	1.303	65295	85030.18
2017/07/12	1.299	1.299	1.293	1.298	21200	27434.20
2017/07/13	1.298	1.310	1.294	1.301	69500	90647.00
2017/07/14	1.300	1.304	1.298	1.303	13900	18063.40
2017/07/17	1.303	1.303	1.273	1.278	109600	142068.50
2017/07/18	1.277	1.278	1.269	1.272	78700	100269.80
2017/07/19	1.272	1.288	1.272	1.282	56000	71771.70
2017/07/20	1.288	1.291	1.278	1.291	64700	83268.00
2017/07/21	1.290	1.306	1.289	1.297	31500	40670.30
2017/07/24	1.295	1.304	1.291	1.302	33200	43114.40
2017/07/25	1.295	1.300	1.295	1.296	15700	20336.69
2017/07/26	1.295	1.295	1.289	1.289	200	258.40
2017/07/27	1.302	1.302	1.279	1.295	39200	50538.50
2017/07/28	1.290	1.299	1.290	1.299	26200	33956.50
2017/07/31	1.296	1.308	1.291	1.306	105402	137383.20
2017/08/01	1.315	1.315	1.304	1.313	44200	58074.80
2017/08/02	1.311	1.314	1.303	1.307	126399	165239.69
2017/08/03	1.303	1.307	1.295	1.305	17900	23263.80
2017/08/04	1.300	1.300	1.299	1.300	4200	5459.50
2017/08/07	1.303	1.305	1.302	1.305	72100	93994.60
2017/08/08	1.302	1.309	1.300	1.302	12400	16138.30
2017/08/09	1.303	1.316	1.303	1.308	90500	118722.90
2017/08/10	1.305	1.312	1.294	1.298	87500	114401.10
2017/08/11	1.298	1.303	1.261	1.283	106200	135574.50
2017/08/14	1.292	1.305	1.290	1.303	77100	99906.90
2017/08/15	1.303	1.307	1.299	1.307	71700	93539.00
2017/08/16	1.301	1.313	1.300	1.310	110100	144293.30
2017/08/17	1.318	1.318	1.304	1.315	55500	72684.70
2017/08/18	1.315	1.315	1.315	1.315	7600	9994.00
2017/08/21	1.307	1.319	1.307	1.318	22100	29114.20
2017/08/22	1.322	1.323	1.311	1.312	77600	102507.80
2017/08/23	1.318	1.318	1.310	1.310	8500	11135.80
2017/08/24	1.310	1.320	1.306	1.320	148100	193448.00
2017/08/25	1.311	1.328	1.311	1.328	109100	143996.41
2017/08/28	1.336	1.368	1.336	1.359	274500	372582.19
2017/08/29	1.359	1.368	1.359	1.359	20643	28128.64
2017/08/30	1.352	1.368	1.352	1.360	57200	78044.80
2017/08/31	1.355	1.374	1.344	1.350	60400	81517.00
2017/09/01	1.356	1.400	1.349	1.361	122100	168265.80
2017/09/04	1.390	1.390	1.360	1.367	44223	61143.48
2017/09/05	1.375	1.385	1.375	1.379	8400	11572.00
2017/09/06	1.389	1.389	1.372	1.378	8100	11196.80
2017/09/07	1.378	1.378	1.375	1.375	1200	1650.30
2017/09/08	1.370	1.370	1.356	1.370	61500	83730.30
2017/09/11	1.370	1.372	1.370	1.371	10900	14944.30
2017/09/12	1.365	1.380	1.365	1.379	160300	220043.70
2017/09/13	1.373	1.378	1.373	1.378	5000	6866.80
2017/09/14	1.373	1.377	1.373	1.377	700	963.50
2017/09/15	1.372	1.383	1.359	1.376	47000	64184.30
2017/09/18	1.370	1.385	1.370	1.385	296027	408903.06
2017/09/19	1.387	1.388	1.381	1.381	38900	53969.90
2017/09/20	1.381	1.381	1.381	1.381	400	552.40
2017/09/21	1.388	1.388	1.380	1.380	9000	12456.00
2017/09/22	1.379	1.379	1.362	1.362	200	274.10
2017/09/25	1.370	1.370	1.360	1.360	6000	8161.70
2017/09/26	1.361	1.361	1.356	1.360	22800	30968.40
2017/09/27	1.362	1.378	1.362	1.378	28300	38557.40
2017/09/28	1.370	1.383	1.370	1.383	20001	27437.87
2017/09/29	1.382	1.383	1.363	1.383	41001	56553.78
2017/10/09	1.400	1.409	1.385	1.409	32400	45178.40
2017/10/10	1.399	1.405	1.395	1.405	88000	123367.10
2017/10/11	1.404	1.410	1.390	1.403	139302	195623.61
2017/10/12	1.409	1.417	1.403	1.416	53700	75889.90
2017/10/13	1.407	1.419	1.405	1.413	604102	853543.31
2017/10/16	1.417	1.428	1.402	1.410	36100	51071.90
2017/10/17	1.410	1.410	1.400	1.407	31823	44690.39
2017/10/18	1.406	1.417	1.406	1.413	14225	20101.56
2017/10/19	1.417	1.425	1.417	1.421	363423	516428.78
2017/10/20	1.438	1.450	1.421	1.450	84400	121046.30
2017/10/23	1.449	1.500	1.426	1.490	125700	183537.80
2017/10/24	1.455	1.472	1.431	1.435	109500	159334.20
2017/10/25	1.460	1.471	1.432	1.445	82300	119611.20
2017/10/26	1.459	1.459	1.436	1.443	95126	137262.52
2017/10/27	1.453	1.455	1.446	1.455	52926	76864.63
2017/10/30	1.448	1.499	1.442	1.455	129200	191356.00
2017/10/31	1.493	1.493	1.452	1.453	107300	156779.70
2017/11/01	1.453	1.468	1.448	1.463	128404	187477.84
2017/11/02	1.460	1.462	1.422	1.462	51100	74229.20
2017/11/03	1.457	1.457	1.440	1.440	38500	55566.80
2017/11/06	1.443	1.457	1.430	1.439	85500	122869.20
2017/11/07	1.455	1.455	1.445	1.455	136900	199061.00
2017/11/08	1.456	1.466	1.456	1.466	93300	136647.00
2017/11/09	1.462	1.612	1.462	1.496	183300	275159.69
2017/11/10	1.500	1.615	1.482	1.510	330200	498348.34
2017/11/13	1.509	1.613	1.490	1.548	382302	580783.31
2017/11/14	1.549	1.549	1.532	1.535	79700	122405.60
2017/11/15	1.523	1.528	1.500	1.523	44900	67590.00
2017/11/16	1.491	1.523	1.377	1.523	380700	538034.88
2017/11/17	1.649	1.649	1.498	1.546	521133	844275.94
2017/11/20	1.570	1.570	1.525	1.534	122028	186671.83
2017/11/21	1.534	1.585	1.534	1.585	96102	151611.66
2017/11/22	1.526	1.616	1.522	1.616	145203	232769.27
2017/11/23	1.616	1.616	1.538	1.566	118800	186872.59
2017/11/24	1.566	1.616	1.530	1.613	1085300	1699529.25
2017/11/27	1.586	1.586	1.470	1.555	176001	268636.47
2017/11/28	1.508	1.540	1.488	1.529	270700	404670.91
2017/11/29	1.497	1.523	1.450	1.495	363000	531804.19
2017/11/30	1.493	1.493	1.444	1.444	57300	83740.70
2017/12/01	1.466	1.466	1.420	1.457	131843	189594.27
2017/12/04	1.433	1.448	1.424	1.433	76000	109479.52
2017/12/05	1.430	1.430	1.405	1.419	106200	150576.30
2017/12/06	1.420	1.420	1.388	1.420	65600	91921.70
2017/12/07	1.415	1.415	1.401	1.403	57700	81010.60
2017/12/08	1.401	1.415	1.401	1.414	46901	66052.41
2017/12/11	1.414	1.425	1.414	1.416	79900	113334.90
2017/12/12	1.418	1.423	1.405	1.416	76700	108657.60
2017/12/13	1.415	1.422	1.402	1.420	37900	53829.90
2017/12/14	1.420	1.420	1.408	1.419	8300	11703.90
2017/12/15	1.416	1.419	1.402	1.412	62101	87103.20
2017/12/18	1.412	1.412	1.411	1.411	14300	20177.40
2017/12/19	1.405	1.419	1.405	1.417	19800	27953.30
2017/12/20	1.412	1.423	1.410	1.412	93101	132330.52
2017/12/21	1.420	1.430	1.420	1.422	109126	155885.55
2017/12/22	1.421	1.438	1.421	1.436	34600	49703.00
2017/12/25	1.436	1.455	1.436	1.450	142301	206097.94
2017/12/26	1.419	1.455	1.402	1.455	67300	95462.50
2017/12/27	1.423	1.447	1.423	1.438	46500	66853.70
2017/12/28	1.453	1.453	1.416	1.451	34900	49999.30
2017/12/29	1.422	1.456	1.422	1.456	48200	69580.40
2018/01/02	1.456	1.459	1.428	1.459	89702	130011.89
2018/01/03	1.448	1.460	1.448	1.453	35200	51353.90
2018/01/04	1.459	1.464	1.450	1.457	47400	68885.10
2018/01/05	1.452	1.461	1.441	1.456	34001	49306.55
2018/01/08	1.449	1.459	1.437	1.449	37002	53537.69
2018/01/09	1.449	1.456	1.449	1.454	74702	108523.41
2018/01/10	1.452	1.457	1.443	1.455	126300	182901.59
2018/01/11	1.455	1.456	1.442	1.453	97800	141468.00
2018/01/12	1.453	1.468	1.452	1.455	168501	245709.75
2018/01/15	1.459	1.460	1.451	1.451	66400	96585.80
2018/01/16	1.445	1.484	1.445	1.469	45402	66860.04
2018/01/17	1.460	1.483	1.435	1.466	106528	155151.11
2018/01/18	1.464	1.465	1.456	1.464	89100	130276.90
2018/01/19	1.464	1.482	1.458	1.479	134200	196298.00
2018/01/22	1.475	1.481	1.461	1.480	179800	265630.09
2018/01/23	1.493	1.494	1.481	1.489	219200	325426.69
2018/01/24	1.485	1.528	1.485	1.520	134743	203036.59
2018/01/25	1.512	1.572	1.512	1.523	361500	555778.19
2018/01/26	1.523	1.540	1.523	1.524	102700	157183.20
2018/01/29	1.529	1.542	1.468	1.468	187000	281091.31
2018/01/30	1.468	1.503	1.444	1.457	179900	265481.41
2018/01/31	1.455	1.455	1.440	1.445	226400	326783.50
2018/02/01	1.446	1.455	1.417	1.422	92700	132799.00
2018/02/02	1.422	1.446	1.404	1.422	103700	146908.70
2018/02/05	1.422	1.428	1.403	1.427	65800	93475.60
2018/02/06	1.427	1.427	1.401	1.418	58900	83002.80
2018/02/07	1.410	1.428	1.383	1.420	97800	138392.41
2018/02/08	1.381	1.425	1.360	1.413	295200	408988.31
2018/02/09	1.360	1.360	1.313	1.319	830900	1104386.25
2018/02/12	1.334	1.340	1.310	1.323	309500	411181.91
2018/02/13	1.330	1.368	1.330	1.346	309300	416790.50
2018/02/14	1.348	1.350	1.345	1.345	13600	18330.70
2018/02/22	1.345	1.360	1.345	1.355	146800	199067.00
2018/02/23	1.355	1.378	1.355	1.358	68500	93103.20
2018/02/26	1.359	1.394	1.359	1.389	496800	680804.13
2018/02/27	1.389	1.399	1.369	1.378	286800	395367.50
2018/02/28	1.370	1.371	1.345	1.371	103900	141572.70
2018/03/01	1.370	1.395	1.369	1.395	144400	199853.59
2018/03/02	1.392	1.392	1.375	1.376	109400	151218.80
2018/03/05	1.376	1.379	1.371	1.379	82000	112720.10
2018/03/06	1.388	1.388	1.375	1.384	134300	185197.59
2018/03/07	1.388	1.388	1.375	1.375	87700	121171.60
2018/03/08	1.384	1.385	1.375	1.385	105500	145674.80
2018/03/09	1.385	1.398	1.383	1.398	266600	370619.19
2018/03/12	1.408	1.425	1.400	1.423	279600	396091.59
2018/03/13	1.423	1.423	1.408	1.420	191200	270221.50
2018/03/14	1.415	1.415	1.370	1.405	133000	186775.59
2018/03/15	1.400	1.400	1.395	1.398	297500	415624.31
2018/03/16	1.403	1.403	1.393	1.395	126100	176521.50
2018/03/19	1.390	1.406	1.384	1.399	147600	206782.80
2018/03/20	1.397	1.398	1.386	1.398	79700	110850.70
2018/03/21	1.404	1.411	1.395	1.405	187701	263968.41
2018/03/22	1.399	1.401	1.383	1.384	57800	80515.70
2018/03/23	1.373	1.373	1.336	1.336	257900	348467.59
2018/03/26	1.333	1.351	1.325	1.351	518100	689057.13
2018/03/27	1.347	1.367	1.347	1.363	205200	279005.69
2018/03/28	1.351	1.377	1.314	1.366	190400	260450.91
2018/03/29	1.366	1.377	1.322	1.376	154800	206970.91
2018/03/30	1.355	1.380	1.355	1.380	296400	405033.31
2018/04/02	1.380	1.382	1.369	1.371	181100	248886.00
2018/04/03	1.367	1.368	1.353	1.368	47200	64152.90
2018/04/04	1.376	1.376	1.356	1.356	110800	151254.80
2018/04/09	1.356	1.359	1.347	1.355	25000	33730.10
2018/04/10	1.345	1.368	1.345	1.367	52001	70656.97
2018/04/11	1.380	1.380	1.365	1.380	86200	118671.40
2018/04/12	1.369	1.380	1.368	1.371	109900	151252.91
2018/04/13	1.363	1.373	1.363	1.366	14402	19705.93
2018/04/16	1.352	1.379	1.352	1.352	143800	196664.70
2018/04/17	1.373	1.373	1.346	1.346	94700	129230.60
2018/04/18	1.340	1.369	1.330	1.367	97900	133490.09
2018/04/19	1.367	1.367	1.360	1.360	22400	30483.60
2018/04/20	1.344	1.372	1.312	1.332	52200	69981.80
2018/04/23	1.332	1.334	1.312	1.316	39900	52800.80
2018/04/24	1.339	1.343	1.339	1.343	9000	12055.00
2018/04/25	1.332	1.343	1.326	1.331	42200	56395.50
2018/04/26	1.328	1.347	1.318	1.318	16900	22431.40
2018/04/27	1.318	1.330	1.318	1.319	70600	93151.70
2018/05/02	1.319	1.331	1.319	1.330	20200	26783.40
2018/05/03	1.311	1.344	1.311	1.339	21600	28544.80
2018/05/04	1.338	1.340	1.334	1.334	43700	58514.20
2018/05/07	1.347	1.368	1.334	1.367	69200	93417.20
2018/05/08	1.367	1.397	1.364	1.375	141300	194691.41
2018/05/09	1.370	1.379	1.370	1.379	26600	36491.40
2018/05/10	1.371	1.390	1.371	1.390	37700	52301.10
2018/05/11	1.390	1.400	1.371	1.382	31500	43541.70
2018/05/14	1.372	1.403	1.372	1.400	49301	67895.88
2018/05/15	1.390	1.404	1.374	1.395	30300	42229.60
2018/05/16	1.383	1.393	1.383	1.383	5800	8026.40
2018/05/17	1.381	1.388	1.371	1.373	33800	46688.20
2018/05/18	1.397	1.397	1.371	1.391	12600	17293.50
2018/05/21	1.391	1.400	1.390	1.391	131900	183532.41
2018/05/22	1.390	1.390	1.373	1.388	9000	12457.50
2018/05/23	1.376	1.380	1.361	1.361	73320	101089.78
2018/05/24	1.363	1.374	1.362	1.374	38600	52694.40
2018/05/25	1.359	1.370	1.349	1.370	11400	15484.10
2018/05/28	1.370	1.370	1.352	1.368	28100	38101.50
2018/05/29	1.353	1.371	1.353	1.353	13720	18565.96
2018/05/30	1.333	1.376	1.333	1.367	12000	16158.90
2018/05/31	1.311	1.395	1.311	1.379	89200	119711.40
2018/06/01	1.364	1.364	1.331	1.355	12600	17039.20
2018/06/04	1.350	1.377	1.340	1.377	26500	35712.70
2018/06/05	1.343	1.376	1.343	1.376	400	540.50
2018/06/06	1.342	1.376	1.341	1.359	18500	25003.90
2018/06/07	1.332	1.358	1.332	1.358	6700	8992.50
2018/06/08	1.328	1.330	1.328	1.330	7600	10106.60
2018/06/11	1.349	1.349	1.326	1.336	43300	57626.20
2018/06/12	1.326	1.353	1.326	1.350	3800	5102.60
2018/06/13	1.359	1.359	1.330	1.348	16702	22479.96
2018/06/14	1.313	1.365	1.313	1.347	4600	6130.20
2018/06/15	1.356	1.356	1.331	1.348	34402	46362.39
2018/06/19	1.311	1.335	1.301	1.305	99601	130819.41
2018/06/20	1.349	1.349	1.291	1.336	86900	113333.40
2018/06/21	1.320	1.323	1.300	1.320	7900	10429.00
2018/06/22	1.214	1.330	1.214	1.280	218400	285647.41
2018/06/25	1.280	1.292	1.253	1.278	91100	116375.00
2018/06/26	1.255	1.291	1.218	1.265	141000	176233.59
2018/06/27	1.263	1.263	1.190	1.191	268300	325710.50
2018/06/28	1.200	1.220	1.190	1.190	622100	741655.19
2018/06/29	1.206	1.217	1.193	1.217	141693	170986.69
2018/07/02	1.218	1.218	1.188	1.200	124693	149799.98
2018/07/03	1.217	1.217	1.176	1.197	70200	83784.20
2018/07/04	1.200	1.200	1.181	1.189	25300	30004.20
2018/07/05	1.194	1.194	1.170	1.177	162000	190946.20
2018/07/06	1.166	1.175	1.141	1.174	53900	62795.40
2018/07/09	1.170	1.217	1.170	1.187	182200	219801.59
2018/07/10	1.180	1.211	1.180	1.190	89500	107111.30
2018/07/11	1.190	1.190	1.163	1.189	291800	346273.19
2018/07/12	1.175	1.217	1.175	1.203	105800	125799.10
2018/07/13	1.207	1.208	1.194	1.208	50800	61164.50
2018/07/16	1.199	1.214	1.192	1.210	125800	151439.50
2018/07/17	1.212	1.217	1.202	1.210	73600	88991.60
2018/07/18	1.219	1.219	1.195	1.217	60000	73020.60
2018/07/19	1.199	1.249	1.199	1.230	13100	16101.20
2018/07/20	1.229	1.230	1.229	1.230	29300	36022.20
2018/07/23	1.267	1.267	1.225	1.257	54300	68225.10
2018/07/24	1.258	1.276	1.215	1.274	81500	101230.30
2018/07/25	1.261	1.270	1.248	1.269	16300	20539.70
2018/07/26	1.235	1.266	1.235	1.250	53100	66591.80
2018/07/27	1.252	1.252	1.233	1.251	2300	2866.20
2018/07/30	1.270	1.270	1.236	1.236	2200	2759.50
2018/08/01	1.256	1.256	1.206	1.241	20800	25456.60
2018/08/02	1.205	1.249	1.135	1.239	110600	129234.70
2018/08/03	1.166	1.235	1.166	1.184	62000	74059.20
2018/08/06	1.184	1.209	1.118	1.180	20700	24483.30
2018/08/07	1.230	1.230	1.142	1.200	97000	116778.20
2018/08/08	1.199	1.208	1.163	1.208	3500	4171.80
2018/08/09	1.230	1.230	1.176	1.196	16600	19966.10
2018/08/10	1.145	1.238	1.145	1.184	364200	430870.00
2018/08/13	1.163	1.194	1.150	1.177	362500	419440.19
2018/08/14	1.146	1.174	1.146	1.163	26700	31185.40
2018/08/15	1.176	1.176	1.121	1.150	77800	88982.30
2018/08/16	1.150	1.150	1.113	1.143	102400	115282.20
2018/08/17	1.140	1.149	1.102	1.110	217700	242999.50
2018/08/20	1.110	1.117	1.094	1.106	100400	111059.60
2018/08/21	1.097	1.126	1.097	1.126	71900	79828.80
2018/08/22	1.102	1.122	1.102	1.107	87000	96634.60
2018/08/23	1.107	1.114	1.107	1.114	37500	41652.10
2018/08/24	1.107	1.117	1.107	1.115	50400	56174.40
2018/08/27	1.120	1.132	1.120	1.131	89700	101215.50
2018/08/28	1.132	1.144	1.119	1.131	67600	76639.40
2018/08/29	1.131	1.137	1.118	1.131	157400	177633.20
2018/08/30	1.131	1.131	1.115	1.116	85500	96048.50
2018/08/31	1.104	1.127	1.100	1.116	69800	77319.70
2018/09/03	1.114	1.114	1.083	1.090	86900	95336.90
2018/09/04	1.090	1.110	1.090	1.110	50600	55711.50
2018/09/05	1.108	1.108	1.096	1.096	84200	92976.00
2018/09/06	1.096	1.103	1.082	1.082	85500	92893.40
2018/09/07	1.093	1.107	1.074	1.085	206600	226309.59
2018/09/10	1.085	1.094	1.085	1.093	42100	45810.30
2018/09/11	1.068	1.093	1.068	1.093	120600	130118.30
2018/09/12	1.062	1.093	1.062	1.072	58800	63276.30
2018/09/13	1.070	1.085	1.070	1.085	91100	98492.40
2018/09/14	1.072	1.106	1.050	1.091	61100	66884.40
2018/09/17	1.091	1.096	1.072	1.081	17200	18643.30
2018/09/18	1.086	1.095	1.081	1.095	34000	36919.50
2018/09/19	1.100	1.111	1.100	1.100	44600	49327.00
2018/09/20	1.125	1.125	1.080	1.115	107400	119401.00
2018/09/21	1.093	1.113	1.088	1.113	34000	37327.80
2018/09/25	1.110	1.110	1.082	1.105	34100	37529.40
2018/09/26	1.104	1.119	1.087	1.116	78000	86735.00
2018/09/27	1.086	1.115	1.086	1.095	32000	35284.90
2018/09/28	1.106	1.137	1.106	1.108	439200	493387.50
2018/10/08	1.108	1.108	0.997	1.085	179001	193035.27
2018/10/09	1.081	1.086	1.060	1.079	232300	247155.91
2018/10/10	1.048	1.071	1.045	1.053	110600	116729.80
2018/10/11	1.055	1.055	0.955	1.010	385800	384720.31
2018/10/12	1.008	1.009	0.966	0.998	135100	133811.80
2018/10/15	0.997	1.010	0.985	0.992	105000	104410.60
2018/10/16	0.992	0.999	0.970	0.978	316200	309525.81
2018/10/17	0.978	0.993	0.962	0.970	170300	165373.30
2018/10/18	0.970	0.980	0.957	0.971	95200	92018.60
2018/10/19	0.970	0.996	0.970	0.991	438600	427024.00
2018/10/22	0.980	1.046	0.980	1.040	738801	745520.63
2018/10/23	1.039	1.039	1.001	1.027	183400	187299.59
2018/10/24	1.030	1.030	1.007	1.026	59900	61261.70
2018/10/25	1.006	1.019	1.006	1.017	220600	222623.09
2018/10/26	1.025	1.025	1.017	1.017	7000	7132.80
2018/10/29	1.005	1.006	1.005	1.006	65800	66145.30
2018/10/30	1.005	1.030	1.005	1.026	37400	38124.30
2018/10/31	1.026	1.026	1.000	1.024	64500	65687.80
2018/11/01	1.024	1.039	0.983	1.015	1562400	1571178.13
2018/11/02	1.010	1.017	1.000	1.017	806227	812354.38
2018/11/05	1.016	1.017	1.005	1.010	417300	422024.91
2018/11/06	1.010	1.010	1.000	1.005	153100	153456.70
2018/11/07	1.005	1.012	1.005	1.005	114900	115590.00
2018/11/08	1.005	1.010	1.004	1.004	101600	102258.60
2018/11/09	0.995	1.005	0.985	1.005	210327	209353.80
2018/11/12	0.994	1.009	0.992	1.009	262000	263484.50
2018/11/13	1.009	1.025	0.999	1.017	355800	361500.31
2018/11/14	1.015	1.025	1.014	1.016	247300	252162.30
2018/11/15	1.005	1.034	0.982	1.023	369100	374887.09
2018/11/16	1.020	1.038	1.020	1.028	399300	412339.31
2018/11/19	1.037	1.051	1.024	1.051	263900	274832.69
2018/11/20	1.055	1.055	1.030	1.041	599300	622234.13
2018/11/21	1.041	1.041	1.013	1.035	78800	81245.70
2018/11/22	1.035	1.035	1.019	1.033	36900	38005.50
2018/11/23	1.008	1.032	1.000	1.023	402400	409249.41
2018/11/26	1.000	1.025	0.996	0.996	287800	290577.59
2018/11/27	0.998	1.000	0.996	0.996	87500	87230.60
2018/11/28	1.000	1.010	0.993	1.010	96200	96236.90
2018/11/29	1.020	1.020	0.997	1.005	70300	70630.10
2018/11/30	1.001	1.005	0.996	1.005	119400	119293.50
2018/12/03	1.028	1.037	1.011	1.026	1749014	1798641.88
2018/12/04	1.032	1.032	1.021	1.026	25200	25825.50
2018/12/05	1.017	1.027	1.017	1.024	213800	219136.30
2018/12/06	1.017	1.024	1.011	1.011	43800	44434.60
2018/12/07	1.020	1.020	1.008	1.020	16600	16864.60
2018/12/10	1.003	1.020	0.995	1.014	155600	155591.80
2018/12/11	1.011	1.011	0.995	1.000	89214	89523.66
2018/12/12	1.012	1.014	1.010	1.010	66300	67090.60
2018/12/13	1.015	1.018	1.010	1.014	67200	68204.60
2018/12/14	1.005	1.012	1.002	1.002	55300	55586.90
2018/12/17	0.999	1.000	0.988	1.000	23100	23063.80
2018/12/18	0.992	1.012	0.992	1.009	6900	6886.30
2018/12/19	1.009	1.009	0.996	1.009	13600	13719.90
2018/12/20	0.999	0.999	0.999	0.999	20600	20579.40
2018/12/21	0.999	1.009	0.963	0.986	605500	594432.50
2018/12/24	0.985	0.986	0.965	0.982	492400	480692.69
2018/12/25	0.982	0.982	0.956	0.973	257800	249786.70
2018/12/26	0.955	0.969	0.955	0.967	78400	75636.60
2018/12/27	0.987	0.987	0.957	0.958	140400	135608.20
2018/12/28	0.958	0.966	0.928	0.957	51600	48770.20
2019/01/02	0.941	0.964	0.935	0.940	36000	34065.60
2019/01/03	0.941	0.953	0.937	0.944	75500	71077.00
2019/01/04	0.940	0.961	0.935	0.961	166800	159317.09
2019/01/07	0.968	0.968	0.961	0.967	69500	67078.60
2019/01/08	0.965	0.968	0.965	0.968	96900	93533.20
2019/01/09	0.958	0.976	0.958	0.972	46500	45198.20
2019/01/10	0.960	0.971	0.960	0.967	79300	76489.00
2019/01/11	0.967	0.980	0.964	0.980	88000	85786.60
2019/01/14	0.980	0.997	0.975	0.975	88400	87247.00
2019/01/15	0.975	0.986	0.975	0.985	184900	180937.59
2019/01/16	0.997	0.997	0.977	0.977	27100	26703.30
2019/01/17	0.983	0.995	0.983	0.983	77300	76061.50
2019/01/18	0.995	0.995	0.992	0.993	34800	34535.60
2019/01/21	0.992	1.008	0.992	0.996	75800	75591.30
2019/01/22	0.990	0.994	0.980	0.991	39000	38622.00
2019/01/23	0.991	0.991	0.989	0.990	3900	3864.70
2019/01/24	0.990	0.990	0.988	0.990	69300	68605.00
2019/01/25	0.990	0.998	0.982	0.988	132900	131165.70
2019/01/28	0.990	1.000	0.990	0.992	247900	246247.50
2019/01/29	0.988	0.991	0.978	0.990	47393	46599.36
2019/01/30	0.997	0.997	0.984	0.984	40300	39995.90
2019/01/31	0.996	0.996	0.980	0.993	118300	117022.90
2019/02/01	0.993	1.007	0.993	1.007	170322	169993.22
2019/02/11	1.007	1.030	1.007	1.030	331693	338477.75
2019/02/12	1.028	1.045	1.027	1.045	930322	963134.63
2019/02/13	1.046	1.075	1.046	1.072	826924	880541.56
2019/02/14	1.078	1.088	1.063	1.087	390600	421530.91
2019/02/15	1.070	1.085	1.065	1.070	249300	267493.69
2019/02/18	1.070	1.118	1.070	1.100	395614	432934.09
2019/02/19	1.118	1.150	1.093	1.107	2360401	2657190.00
2019/02/20	1.106	1.122	1.100	1.117	583400	648051.00
2019/02/21	1.117	1.130	1.117	1.123	697100	782938.19
2019/02/22	1.140	1.140	1.108	1.138	919700	1034661.50
2019/02/25	1.150	1.217	1.150	1.217	2107270	2480661.50
2019/02/26	1.218	1.277	1.190	1.210	2238700	2728292.50
数据来源:通达信
