159911 民营ETF 日线 前复权
      日期	    开盘	    最高	    最低	    收盘	    成交量	    成交额
2011/10/14	3.075	3.096	3.046	3.079	24968737	76968184.00
2011/10/17	3.072	3.114	3.072	3.090	3192753	9887862.00
2011/10/18	3.056	3.070	3.000	3.001	2003486	6091971.50
2011/10/19	3.002	3.020	2.940	2.965	2023027	6063598.00
2011/10/20	2.932	2.939	2.862	2.890	2934519	8497762.00
2011/10/21	2.886	2.895	2.827	2.842	5711809	16419606.00
2011/10/24	2.842	2.919	2.800	2.916	2406779	6869884.50
2011/10/25	2.901	2.996	2.850	2.990	2459152	7274621.00
2011/10/26	2.954	3.070	2.954	3.024	4604183	13898683.00
2011/10/27	3.014	3.042	3.012	3.024	2177800	6595736.50
2011/10/28	3.025	3.100	3.025	3.098	3575013	10974456.00
2011/10/31	2.901	3.098	2.901	3.088	1139768	3517165.00
2011/11/01	3.052	3.115	3.043	3.100	1793859	5546233.50
2011/11/02	3.039	3.156	3.039	3.156	1456621	4502920.50
2011/11/03	3.156	3.228	3.156	3.183	2714016	8681289.00
2011/11/04	3.184	3.245	3.180	3.191	3014570	9628749.00
2011/11/07	3.153	3.225	3.152	3.173	2411931	7705344.00
2011/11/08	3.186	3.189	3.140	3.144	1131587	3593174.75
2011/11/09	3.150	3.195	3.135	3.195	1948894	6168753.00
2011/11/10	3.175	3.192	3.150	3.165	1513206	4792574.00
2011/11/11	3.155	3.175	3.136	3.140	1895866	5981560.50
2011/11/14	3.156	3.223	3.156	3.222	2017115	6466135.00
2011/11/15	3.248	3.248	3.213	3.216	914041	2945353.50
2011/11/16	3.232	3.233	3.160	3.160	1163281	3726252.75
2011/11/17	3.160	3.189	3.139	3.139	1177192	3717082.75
2011/11/18	3.060	3.125	3.033	3.033	1061230	3272610.25
2011/11/21	3.034	3.080	3.015	3.059	1590277	4841472.50
2011/11/22	3.057	3.057	3.017	3.052	751985	2282349.50
2011/11/23	3.040	3.065	3.039	3.039	240240	732372.75
2011/11/24	3.015	3.048	2.985	3.030	602355	1819294.25
2011/11/25	3.012	3.050	3.000	3.010	456471	1377526.50
2011/11/28	3.010	3.035	2.990	3.000	2172616	6519233.00
2011/11/29	3.025	3.051	3.011	3.051	893596	2712472.50
2011/11/30	3.048	3.048	2.900	2.904	1188312	3511431.00
2011/12/01	2.989	3.050	2.983	2.993	4107394	12343304.00
2011/12/02	2.933	2.978	2.906	2.913	583046	1711002.38
2011/12/05	2.904	2.904	2.840	2.851	715565	2042851.38
2011/12/06	2.833	2.853	2.810	2.842	456080	1287253.13
2011/12/07	2.842	2.885	2.826	2.870	825375	2351873.50
2011/12/08	2.830	2.888	2.820	2.857	449516	1285329.25
2011/12/09	2.835	2.850	2.810	2.827	185966	523558.50
2011/12/12	2.825	2.827	2.787	2.789	483708	1354394.13
2011/12/13	2.730	2.787	2.704	2.715	505527	1373418.50
2011/12/14	2.650	2.730	2.650	2.700	402657	1087935.50
2011/12/15	2.610	2.633	2.601	2.610	380405	993817.81
2011/12/16	2.618	2.677	2.580	2.677	2026444	5279466.00
2011/12/19	2.677	2.681	2.580	2.678	848455	2253486.50
2011/12/20	2.669	2.700	2.660	2.663	617855	1649459.50
2011/12/21	2.707	2.707	2.602	2.624	342943	907873.31
2011/12/22	2.624	2.624	2.500	2.569	1027750	2597084.25
2011/12/23	2.500	2.610	2.500	2.579	611601	1573216.13
2011/12/26	2.561	2.603	2.538	2.553	617555	1591523.00
2011/12/27	2.520	2.559	2.500	2.500	527034	1327349.13
2011/12/28	2.437	2.491	2.437	2.491	301510	738523.25
2011/12/29	2.500	2.500	2.481	2.483	440461	1098377.25
2011/12/30	2.495	2.536	2.495	2.518	435989	1099024.38
2012/01/04	2.545	2.577	2.454	2.491	3203953	7918799.00
2012/01/05	2.458	2.550	2.425	2.428	482987	1182534.88
2012/01/06	2.400	2.429	2.340	2.400	565853	1352109.88
2012/01/09	2.398	2.479	2.380	2.479	898808	2197904.75
2012/01/10	2.475	2.600	2.475	2.591	4340631	11029881.00
2012/01/11	2.568	2.600	2.561	2.600	271268	699548.56
2012/01/12	2.596	2.610	2.570	2.572	668076	1730556.63
2012/01/13	2.572	2.583	2.480	2.520	744898	1892963.75
2012/01/16	2.436	2.472	2.410	2.430	769197	1874078.88
2012/01/17	2.380	2.539	2.360	2.501	2374061	5841433.00
2012/01/18	2.540	2.540	2.430	2.473	546962	1367459.88
2012/01/19	2.467	2.540	2.461	2.476	668382	1657075.25
2012/01/20	2.480	2.540	2.480	2.537	807357	2033313.38
2012/01/30	2.518	2.549	2.510	2.530	280021	704789.44
2012/01/31	2.495	2.530	2.492	2.527	211002	527250.38
2012/02/01	2.520	2.549	2.488	2.491	1619554	4091640.00
2012/02/02	2.480	2.549	2.480	2.549	400120	1012368.94
2012/02/03	2.540	2.589	2.512	2.579	714877	1823165.50
2012/02/06	2.567	2.610	2.567	2.600	1174831	3046217.25
2012/02/07	2.552	2.574	2.534	2.553	635706	1619599.63
2012/02/08	2.553	2.615	2.511	2.614	517591	1345095.38
2012/02/09	2.613	2.652	2.603	2.623	1239517	3254891.00
2012/02/10	2.631	2.679	2.610	2.643	406097	1071590.00
2012/02/13	2.609	2.679	2.609	2.660	920719	2425915.75
2012/02/14	2.644	2.678	2.636	2.650	423404	1129414.00
2012/02/15	2.637	2.713	2.637	2.708	960643	2580182.50
2012/02/16	2.708	2.720	2.681	2.700	944881	2555376.00
2012/02/17	2.700	2.707	2.665	2.690	242646	649307.19
2012/02/20	2.679	2.720	2.679	2.684	181560	491229.75
2012/02/21	2.719	2.720	2.671	2.718	552523	1491936.88
2012/02/22	2.720	2.793	2.720	2.780	724200	1995385.00
2012/02/23	2.850	2.850	2.762	2.789	536794	1503592.25
2012/02/24	2.783	2.839	2.782	2.834	789133	2216264.75
2012/02/27	2.850	2.908	2.830	2.865	1574710	4534784.50
2012/02/28	2.858	2.858	2.806	2.826	963770	2734629.25
2012/02/29	2.805	2.825	2.781	2.800	517834	1449374.75
2012/03/01	2.703	2.826	2.703	2.793	293478	818385.19
2012/03/02	2.802	2.870	2.802	2.870	3330900	9507578.00
2012/03/05	2.870	2.887	2.843	2.874	557059	1601309.63
2012/03/06	2.835	2.890	2.805	2.825	4216708	12043817.00
2012/03/07	2.789	2.880	2.789	2.832	2590088	7416082.00
2012/03/08	2.850	2.878	2.833	2.860	747947	2143394.00
2012/03/09	2.870	2.919	2.870	2.918	1441269	4176797.50
2012/03/12	2.918	2.925	2.902	2.925	525778	1533000.50
2012/03/13	2.921	2.948	2.869	2.947	435189	1276232.63
2012/03/14	2.950	2.988	2.700	2.826	3621445	10635575.00
2012/03/15	2.820	2.856	2.767	2.826	990835	2789957.00
2012/03/16	2.782	2.907	2.782	2.907	2187744	6230166.50
2012/03/19	2.879	2.907	2.861	2.880	832953	2411719.50
2012/03/20	2.880	2.885	2.816	2.822	622642	1780687.25
2012/03/21	2.823	2.856	2.801	2.818	844411	2391718.25
2012/03/22	2.818	2.823	2.782	2.800	556126	1555636.38
2012/03/23	2.790	2.800	2.754	2.770	1143051	3173061.50
2012/03/26	2.760	2.771	2.740	2.743	872226	2403821.00
2012/03/27	2.749	2.776	2.749	2.770	735185	2027305.13
2012/03/28	2.740	2.766	2.637	2.648	1459486	3949674.25
2012/03/29	2.640	2.640	2.580	2.620	577738	1505195.88
2012/03/30	2.670	2.670	2.600	2.618	1505103	3934048.75
2012/04/05	2.620	2.712	2.620	2.680	1826385	4899432.50
2012/04/06	2.685	2.735	2.685	2.715	1614765	4386663.50
2012/04/09	2.715	2.722	2.683	2.690	1175254	3180482.75
2012/04/10	2.684	2.717	2.625	2.703	1384465	3692003.50
2012/04/11	2.694	2.737	2.656	2.720	1255349	3395348.00
2012/04/12	2.727	2.766	2.700	2.764	1065646	2913750.75
2012/04/13	2.792	2.800	2.750	2.783	1206816	3347598.50
2012/04/16	2.732	2.795	2.732	2.784	1343099	3731250.25
2012/04/17	2.785	2.788	2.739	2.739	2033204	5616814.00
2012/04/18	2.753	2.807	2.742	2.801	1963462	5437221.50
2012/04/19	2.803	2.809	2.782	2.799	777361	2171619.00
2012/04/20	2.799	2.835	2.779	2.820	1754884	4931950.50
2012/04/23	2.800	2.801	2.763	2.765	1550172	4316729.50
2012/04/24	2.765	2.786	2.690	2.736	979191	2665779.25
2012/04/25	2.739	2.775	2.736	2.762	1504325	4146265.50
2012/04/26	2.763	2.783	2.743	2.760	1208873	3346278.25
2012/04/27	2.748	2.755	2.720	2.720	1630557	4464213.00
2012/05/02	2.769	2.798	2.740	2.794	1913662	5308580.50
2012/05/03	2.773	2.800	2.742	2.800	588819	1640877.00
2012/05/04	2.800	2.820	2.791	2.820	1221280	3426410.75
2012/05/07	2.817	2.852	2.704	2.850	1691269	4797067.00
2012/05/08	2.830	2.860	2.822	2.860	725908	2058936.50
2012/05/09	2.849	2.859	2.797	2.859	1344128	3784598.25
2012/05/10	2.809	2.819	2.795	2.818	109983	309326.88
2012/05/11	2.787	2.818	2.785	2.795	1079382	3022325.00
2012/05/14	2.810	2.836	2.781	2.793	924597	2584336.00
2012/05/15	2.753	2.797	2.753	2.797	522108	1449144.50
2012/05/16	2.780	2.795	2.750	2.750	281321	781283.63
2012/05/17	2.760	2.793	2.750	2.793	1031137	2848864.50
2012/05/18	2.769	2.777	2.740	2.744	167093	462929.56
2012/05/21	2.750	2.752	2.710	2.751	569948	1558270.88
2012/05/22	2.746	2.770	2.746	2.770	624127	1719095.00
2012/05/23	2.775	2.781	2.747	2.771	711375	1960421.88
2012/05/24	2.762	2.774	2.724	2.732	95032	261055.97
2012/05/25	2.725	2.725	2.700	2.700	296971	807525.94
2012/05/28	2.700	2.721	2.659	2.706	797795	2126497.75
2012/05/29	2.725	2.762	2.722	2.756	1539021	4222353.00
2012/05/30	2.759	2.777	2.750	2.771	510935	1411797.75
2012/05/31	2.630	2.789	2.630	2.772	1519063	4207826.50
2012/06/01	2.764	2.794	2.764	2.771	764694	2125909.25
2012/06/04	2.744	2.744	2.700	2.700	311642	850981.19
2012/06/05	2.710	2.712	2.691	2.691	558752	1507529.63
2012/06/06	2.701	2.726	2.674	2.680	1146484	3089747.50
2012/06/07	2.650	2.711	2.650	2.677	408383	1093470.13
2012/06/08	2.772	2.772	2.664	2.667	521886	1399768.00
2012/06/11	2.670	2.720	2.654	2.713	305463	827923.50
2012/06/12	2.689	2.714	2.689	2.705	523301	1414757.63
2012/06/13	2.723	2.760	2.723	2.755	352826	970801.50
2012/06/14	2.700	2.780	2.700	2.755	671633	1860577.13
2012/06/15	2.761	2.771	2.707	2.730	523186	1427484.50
2012/06/18	2.785	2.785	2.749	2.771	205243	566554.38
2012/06/19	2.755	2.762	2.733	2.750	310882	856322.38
2012/06/20	2.749	2.752	2.717	2.717	309694	850265.69
2012/06/21	2.709	2.766	2.684	2.690	246345	669407.38
2012/06/25	2.665	2.674	2.622	2.622	398997	1064308.00
2012/06/26	2.605	2.636	2.600	2.631	286600	749984.88
2012/06/27	2.631	2.680	2.629	2.630	348110	920085.25
2012/06/28	2.660	2.660	2.614	2.615	592854	1555536.13
2012/06/29	2.630	2.658	2.573	2.621	677255	1757122.50
2012/07/02	2.621	2.657	2.620	2.650	465401	1227274.50
2012/07/03	2.680	2.685	2.643	2.643	128720	344532.56
2012/07/04	2.666	2.672	2.641	2.641	641254	1709053.25
2012/07/05	2.636	2.636	2.600	2.610	531441	1384629.50
2012/07/06	2.604	2.662	2.600	2.660	44772	116882.00
2012/07/09	2.611	2.649	2.590	2.592	39447	102956.06
2012/07/10	2.600	2.600	2.546	2.567	613410	1578596.50
2012/07/11	2.563	2.573	2.550	2.565	195364	500243.09
2012/07/12	2.565	2.625	2.547	2.620	143958	374407.72
2012/07/13	2.630	2.630	2.601	2.607	42440	110586.45
2012/07/16	2.584	2.584	2.531	2.531	188926	482986.84
2012/07/17	2.505	2.530	2.471	2.530	244185	610951.69
2012/07/18	2.456	2.550	2.456	2.540	398469	1002749.06
2012/07/19	2.502	2.575	2.502	2.564	960203	2457954.75
2012/07/20	2.614	2.614	2.522	2.522	512078	1305666.63
2012/07/23	2.560	2.560	2.490	2.506	329556	824817.81
2012/07/24	2.515	2.535	2.496	2.525	1300608	3275694.75
2012/07/25	2.497	2.520	2.497	2.520	282612	711728.38
2012/07/26	2.509	2.520	2.486	2.510	266922	668567.56
2012/07/27	2.491	2.491	2.471	2.471	115551	287007.91
2012/07/30	2.499	2.499	2.410	2.412	806449	1975264.63
2012/07/31	2.410	2.430	2.360	2.398	240623	574021.25
2012/08/01	2.351	2.440	2.351	2.432	143309	346482.50
2012/08/02	2.391	2.415	2.391	2.415	151624	365801.97
2012/08/03	2.420	2.460	2.404	2.460	755307	1834866.50
2012/08/06	2.417	2.528	2.417	2.528	658771	1643072.75
2012/08/07	2.525	2.544	2.517	2.542	223333	563492.00
2012/08/08	2.555	2.555	2.515	2.538	58685	148097.42
2012/08/09	2.507	2.570	2.507	2.570	485614	1237253.38
2012/08/10	2.570	2.570	2.556	2.562	102845	263555.25
2012/08/13	2.515	2.555	2.510	2.510	300400	762645.50
2012/08/14	2.461	2.501	2.431	2.500	352195	872278.00
2012/08/15	2.500	2.520	2.480	2.507	378133	947524.56
2012/08/16	2.486	2.486	2.473	2.485	112552	278683.91
2012/08/17	2.488	2.488	2.445	2.469	441171	1089652.38
2012/08/20	2.465	2.480	2.462	2.480	345348	851667.75
2012/08/21	2.503	2.512	2.500	2.500	941703	2358792.75
2012/08/22	2.500	2.518	2.489	2.491	551922	1382853.88
2012/08/23	2.491	2.500	2.467	2.500	358705	889724.19
2012/08/24	2.496	2.496	2.435	2.454	13870	34125.45
2012/08/27	2.396	2.404	2.391	2.391	352263	845465.50
2012/08/28	2.391	2.403	2.354	2.398	268260	641449.56
2012/08/29	2.420	2.420	2.370	2.370	414854	992859.44
2012/08/30	2.400	2.400	2.309	2.340	354879	828795.50
2012/08/31	2.317	2.354	2.317	2.340	308938	723627.44
2012/09/03	2.341	2.386	2.341	2.386	187951	444541.16
2012/09/04	2.388	2.395	2.363	2.363	61401	145717.14
2012/09/05	2.361	2.400	2.361	2.383	805835	1917436.13
2012/09/06	2.383	2.401	2.380	2.401	23756	56895.61
2012/09/07	2.415	2.512	2.400	2.500	565824	1410581.38
2012/09/10	2.500	2.520	2.430	2.514	194500	485821.44
2012/09/11	2.468	2.510	2.468	2.491	69682	173660.94
2012/09/12	2.491	2.520	2.491	2.520	114721	288004.53
2012/09/13	2.481	2.538	2.481	2.510	258197	652775.31
2012/09/14	2.539	2.539	2.480	2.500	141387	352153.09
2012/09/17	2.451	2.486	2.434	2.434	136317	334104.31
2012/09/18	2.414	2.436	2.414	2.418	268790	652402.31
2012/09/19	2.406	2.449	2.406	2.449	2015102	4896201.00
2012/09/20	2.489	2.489	2.345	2.387	231172	553517.69
2012/09/21	2.301	2.419	2.301	2.370	411226	974590.69
2012/09/24	2.362	2.398	2.291	2.396	407010	969903.94
2012/09/25	2.400	2.405	2.365	2.395	452838	1085069.63
2012/09/26	2.350	2.350	2.302	2.327	136772	319176.44
2012/09/27	2.350	2.404	2.321	2.392	666055	1575292.25
2012/09/28	2.391	2.450	2.380	2.450	237213	570072.25
2012/10/08	2.425	2.441	2.420	2.433	437017	1060456.63
2012/10/09	2.445	2.499	2.445	2.499	836401	2075911.50
2012/10/10	2.466	2.524	2.466	2.515	485987	1219490.13
2012/10/11	2.488	2.488	2.488	2.488	100	248.80
2012/10/12	2.508	2.508	2.450	2.470	92513	228977.55
2012/10/15	2.450	2.450	2.431	2.450	200647	489991.53
2012/10/16	2.431	2.462	2.421	2.423	328720	805886.69
2012/10/17	2.407	2.450	2.407	2.450	374151	913544.63
2012/10/18	2.445	2.500	2.445	2.494	58689	145026.89
2012/10/19	2.470	2.488	2.470	2.488	67453	166924.16
2012/10/22	2.487	2.510	2.464	2.503	422839	1054855.88
2012/10/23	2.501	2.501	2.472	2.472	13660	33894.71
2012/10/24	2.470	2.477	2.450	2.459	140695	347124.44
2012/10/25	2.450	2.459	2.413	2.428	100055	244167.77
2012/10/26	2.368	2.444	2.366	2.387	783755	1879185.13
2012/10/29	2.362	2.397	2.362	2.394	918482	2190800.50
2012/10/30	2.380	2.413	2.380	2.386	578684	1388478.38
2012/10/31	2.366	2.397	2.366	2.397	551500	1318459.63
2012/11/01	2.405	2.438	2.401	2.438	845144	2044743.13
2012/11/02	2.425	2.445	2.425	2.445	420895	1023281.94
2012/11/05	2.439	2.442	2.310	2.433	1006408	2400298.75
2012/11/06	2.420	2.426	2.386	2.418	451002	1086373.75
2012/11/07	2.400	2.429	2.376	2.417	419819	1013509.63
2012/11/08	2.387	2.392	2.361	2.363	79201	188500.30
2012/11/09	2.331	2.361	2.331	2.342	177539	417192.97
2012/11/12	2.344	2.358	2.342	2.358	327341	769790.75
2012/11/13	2.360	2.360	2.306	2.320	287247	668444.50
2012/11/14	2.299	2.325	2.270	2.316	446929	1031885.94
2012/11/15	2.250	2.317	2.250	2.292	480989	1103930.38
2012/11/16	2.273	2.276	2.249	2.272	393402	892981.25
2012/11/19	2.271	2.283	2.217	2.272	570172	1294467.25
2012/11/20	2.279	2.292	2.268	2.279	295774	675180.81
2012/11/21	2.277	2.292	2.230	2.292	255509	581204.81
2012/11/22	2.243	2.272	2.231	2.272	60015	134865.06
2012/11/23	2.236	2.285	2.235	2.274	370047	840262.38
2012/11/26	2.258	2.258	2.233	2.240	164800	369163.00
2012/11/27	2.212	2.212	2.181	2.181	55764	122658.74
2012/11/28	2.151	2.151	2.051	2.125	85100	176267.95
2012/11/29	2.141	2.157	2.075	2.119	132956	278370.00
2012/11/30	2.109	2.139	2.088	2.139	227503	483160.59
2012/12/03	2.135	2.154	2.101	2.101	150739	322673.75
2012/12/04	2.090	2.138	2.080	2.131	1019828	2163769.25
2012/12/05	2.131	2.230	2.125	2.221	2089039	4594470.50
2012/12/06	2.201	2.220	2.200	2.220	1223206	2698818.75
2012/12/07	2.221	2.261	2.221	2.261	2027652	4541399.50
2012/12/10	2.241	2.294	2.241	2.290	1011306	2309306.25
2012/12/11	2.288	2.300	2.271	2.278	504130	1152013.50
2012/12/12	2.270	2.270	2.232	2.265	89785	202627.09
2012/12/13	2.225	2.260	2.225	2.250	57424	129719.00
2012/12/14	2.260	2.347	2.260	2.346	1545352	3543712.00
2012/12/17	2.347	2.347	2.315	2.339	23445	54540.06
2012/12/18	2.296	2.360	2.296	2.335	605299	1424017.13
2012/12/19	2.249	2.356	2.249	2.352	1342833	3128995.50
2012/12/20	2.336	2.363	2.300	2.360	1510500	3543657.50
2012/12/21	2.343	2.375	2.325	2.360	712784	1682832.00
2012/12/24	2.308	2.387	2.300	2.371	1127422	2672620.00
2012/12/25	2.370	2.441	2.360	2.424	2023659	4861968.50
2012/12/26	2.423	2.465	2.423	2.465	1229654	3015431.50
2012/12/27	2.465	2.490	2.435	2.454	1032607	2553908.75
2012/12/28	2.454	2.495	2.440	2.495	1557215	3837074.25
2012/12/31	2.490	2.516	2.366	2.516	208712	522278.06
2013/01/04	2.518	2.549	2.450	2.494	809429	2005819.88
2013/01/07	2.460	2.500	2.452	2.496	556479	1375701.00
2013/01/08	2.457	2.538	2.457	2.506	680704	1713521.88
2013/01/09	2.500	2.569	2.500	2.555	1129370	2878987.25
2013/01/10	2.570	2.579	2.514	2.568	1060874	2721061.25
2013/01/11	2.590	2.590	2.501	2.516	635613	1612290.38
2013/01/14	2.513	2.620	2.502	2.607	1300788	3350298.50
2013/01/15	2.615	2.685	2.615	2.654	978579	2598064.50
2013/01/16	2.638	2.678	2.610	2.649	1220482	3246747.00
2013/01/17	2.584	2.647	2.584	2.633	241708	634500.44
2013/01/18	2.644	2.696	2.621	2.690	1033137	2756249.75
2013/01/21	2.645	2.689	2.645	2.679	595263	1593788.00
2013/01/22	2.665	2.670	2.604	2.647	336539	891777.13
2013/01/23	2.655	2.657	2.625	2.651	577293	1525756.25
2013/01/24	2.649	2.678	2.583	2.608	1097026	2910354.25
2013/01/25	2.593	2.610	2.588	2.607	433483	1129556.88
2013/01/28	2.616	2.655	2.616	2.653	724389	1903424.13
2013/01/29	2.670	2.692	2.667	2.682	938106	2512196.00
2013/01/30	2.689	2.693	2.672	2.683	617349	1658714.63
2013/01/31	2.687	2.687	2.658	2.666	102721	274423.75
2013/02/01	2.666	2.705	2.666	2.701	4499934	12077297.00
2013/02/04	2.710	2.711	2.658	2.660	577012	1540957.50
2013/02/05	2.661	2.703	2.657	2.695	2077895	5574036.50
2013/02/06	2.720	2.740	2.701	2.727	1170246	3185168.50
2013/02/07	2.736	2.772	2.735	2.766	4189256	11524624.00
2013/02/08	2.784	2.818	2.784	2.815	1617235	4530374.50
2013/02/18	2.819	2.822	2.792	2.799	2487404	6991978.50
2013/02/19	2.793	2.798	2.736	2.743	532681	1470736.88
2013/02/20	2.752	2.803	2.752	2.803	1326708	3690655.00
2013/02/21	2.770	2.788	2.725	2.760	1093538	3025052.00
2013/02/22	2.748	2.763	2.730	2.733	1753491	4828075.00
2013/02/25	2.733	2.762	2.733	2.760	583174	1604789.38
2013/02/26	2.743	2.773	2.717	2.718	545242	1497232.38
2013/02/27	2.715	2.753	2.708	2.716	863276	2351059.50
2013/02/28	2.728	2.780	2.718	2.780	1191857	3267193.75
2013/03/01	2.778	2.808	2.766	2.808	1359227	3796384.00
2013/03/04	2.777	2.781	2.705	2.720	379398	1040832.56
2013/03/05	2.732	2.796	2.715	2.795	939703	2585711.00
2013/03/06	2.822	2.846	2.816	2.833	1776326	5036035.00
2013/03/07	2.827	2.827	2.770	2.781	701790	1967269.50
2013/03/08	2.781	2.807	2.757	2.762	152056	421740.09
2013/03/11	2.735	2.783	2.735	2.766	140689	388878.97
2013/03/12	2.777	2.789	2.679	2.713	711146	1929940.00
2013/03/13	2.660	2.703	2.660	2.683	1005219	2697659.00
2013/03/14	2.677	2.717	2.677	2.709	497760	1344208.75
2013/03/15	2.710	2.780	2.699	2.726	950629	2609346.00
2013/03/18	2.635	2.744	2.635	2.703	466958	1272590.88
2013/03/19	2.720	2.720	2.677	2.705	757653	2038896.00
2013/03/20	2.712	2.780	2.711	2.780	1687162	4587914.00
2013/03/21	2.785	2.823	2.782	2.807	2532692	7095276.50
2013/03/22	2.818	2.822	2.804	2.822	1479425	4162786.00
2013/03/25	2.816	2.828	2.791	2.806	1546985	4340479.50
2013/03/26	2.801	2.810	2.757	2.793	1673584	4665613.50
2013/03/27	2.794	2.821	2.778	2.796	2718986	7593505.50
2013/03/28	2.793	2.827	2.720	2.740	2415660	6661121.50
2013/03/29	2.746	2.755	2.726	2.727	2777580	7616300.50
2013/04/01	2.729	2.753	2.725	2.738	616036	1687841.25
2013/04/02	2.749	2.777	2.696	2.702	4326381	11818461.00
2013/04/03	2.720	2.743	2.680	2.698	4288339	11555873.00
2013/04/08	2.684	2.736	2.653	2.735	35640753	97223032.00
2013/04/09	2.708	2.826	2.708	2.768	262836	725652.06
2013/04/10	2.768	2.778	2.731	2.749	327844	901320.25
2013/04/11	2.770	2.770	2.746	2.746	14234	39273.21
2013/04/12	2.763	2.763	2.726	2.726	17258	47150.37
2013/04/15	2.727	2.727	2.695	2.705	156219	422492.94
2013/04/16	2.689	2.737	2.689	2.737	243684	660440.44
2013/04/17	2.740	2.786	2.740	2.783	1240590	3432733.50
2013/04/18	2.784	2.814	2.779	2.794	568356	1589452.25
2013/04/19	2.809	2.867	2.809	2.852	2223073	6322561.00
2013/04/22	2.885	2.890	2.760	2.890	545944	1562720.88
2013/04/23	2.930	2.930	2.814	2.814	396576	1131322.13
2013/04/24	2.809	2.889	2.809	2.874	1802595	5148477.50
2013/04/25	2.857	2.910	2.831	2.838	614103	1752683.63
2013/04/26	2.820	2.827	2.796	2.796	644150	1813600.00
2013/05/02	2.775	2.831	2.775	2.831	61512	172526.89
2013/05/03	2.861	2.909	2.861	2.888	566702	1637341.50
2013/05/06	2.891	2.961	2.891	2.953	1189088	3499765.25
2013/05/07	2.895	2.968	2.821	2.945	812771	2388412.50
2013/05/08	2.963	2.975	2.955	2.972	405838	1202940.63
2013/05/09	2.976	2.985	2.953	2.981	767081	2281236.25
2013/05/10	2.967	2.998	2.956	2.983	278295	830158.81
2013/05/13	2.995	2.995	2.969	2.981	269890	803173.81
2013/05/14	2.951	2.960	2.927	2.938	43666	128468.11
2013/05/15	2.938	2.990	2.938	2.990	504086	1495289.63
2013/05/16	2.982	3.040	2.982	3.028	1923108	5791068.50
2013/05/17	3.030	3.082	3.028	3.074	1012402	3080441.50
2013/05/20	3.071	3.113	3.071	3.102	1220902	3777061.25
2013/05/21	3.106	3.145	3.093	3.145	2566516	8002661.50
2013/05/22	3.126	3.156	3.104	3.117	1849446	5795358.00
2013/05/23	3.108	3.148	3.089	3.106	3185391	9958049.00
2013/05/24	3.121	3.149	3.112	3.146	1772498	5541856.50
2013/05/27	3.151	3.181	3.149	3.181	1441910	4562548.50
2013/05/28	3.170	3.185	3.140	3.168	933791	2960491.25
2013/05/29	3.168	3.198	3.168	3.194	929575	2965476.25
2013/05/30	3.198	3.250	3.195	3.248	1616662	5176333.00
2013/05/31	3.215	3.220	3.175	3.175	724875	2322611.25
2013/06/03	3.173	3.190	3.136	3.142	863445	2733671.25
2013/06/04	3.127	3.132	3.059	3.078	652093	2012625.75
2013/06/05	3.085	3.104	3.068	3.099	397561	1230888.25
2013/06/06	3.090	3.090	3.051	3.053	764149	2346592.50
2013/06/07	2.868	3.065	2.868	3.011	650551	1968051.75
2013/06/13	2.933	2.933	2.894	2.930	299025	872581.13
2013/06/14	2.950	3.006	2.950	2.998	1087148	3226040.00
2013/06/17	3.010	3.030	2.990	3.008	2905584	8743620.00
2013/06/18	3.003	3.025	2.981	3.014	1508512	4527675.50
2013/06/19	2.983	3.006	2.963	3.002	2043500	6090694.00
2013/06/20	2.985	2.986	2.905	2.908	895012	2645215.25
2013/06/21	2.900	2.913	2.761	2.904	630327	1794953.88
2013/06/24	2.881	2.881	2.702	2.725	2212651	6218288.50
2013/06/25	2.511	2.997	2.511	2.997	3311327	8772533.00
2013/06/26	2.800	2.899	2.731	2.806	5939648	16432881.00
2013/06/27	2.711	2.858	2.711	2.789	2438300	6897442.00
2013/06/28	2.740	2.830	2.740	2.773	918404	2556799.00
2013/07/01	2.763	2.848	2.763	2.848	3454600	9729775.00
2013/07/02	2.848	2.910	2.848	2.897	3736953	10771996.00
2013/07/03	2.835	2.980	2.805	2.929	2683638	7763127.00
2013/07/04	2.889	2.961	2.889	2.921	1445304	4205922.50
2013/07/05	2.939	2.947	2.912	2.912	861152	2528878.25
2013/07/08	2.837	2.886	2.802	2.810	2610845	7422529.00
2013/07/09	2.824	2.824	2.781	2.809	2506170	7041904.00
2013/07/10	2.750	2.886	2.702	2.886	1813592	5158116.00
2013/07/11	2.891	3.000	2.890	2.973	844082	2477811.50
2013/07/12	2.965	3.002	2.954	2.954	976644	2908009.00
2013/07/15	2.974	3.028	2.965	3.026	1820113	5423986.50
2013/07/16	3.035	3.056	3.020	3.054	3147673	9569418.00
2013/07/17	3.041	3.065	2.986	3.002	3293877	10011696.00
2013/07/18	3.000	3.010	2.963	2.978	2075514	6184655.50
2013/07/19	2.977	3.010	2.941	2.941	7564137	22596924.00
2013/07/22	2.899	2.969	2.899	2.962	3241044	9535824.00
2013/07/23	2.972	3.040	2.972	3.037	3291089	9955084.00
2013/07/24	3.040	3.088	3.027	3.085	3532666	10786417.00
2013/07/25	3.085	3.150	3.026	3.030	2008664	6177333.50
2013/07/26	3.017	3.145	2.985	3.026	2792424	8434802.00
2013/07/29	2.993	3.126	2.967	2.967	1725831	5172381.50
2013/07/30	2.989	2.989	2.907	2.943	3318328	9764063.00
2013/07/31	2.997	3.002	2.953	2.959	1842615	5507953.00
2013/08/01	2.972	3.054	2.972	3.054	2969510	8948747.00
2013/08/02	3.076	3.110	3.070	3.070	1447826	4468346.00
2013/08/05	3.040	3.120	2.980	3.110	3996448	12311231.00
2013/08/06	3.040	3.170	3.015	3.154	4414162	13769961.00
2013/08/07	3.160	3.173	3.117	3.117	2648351	8329095.00
2013/08/08	3.026	3.150	3.025	3.134	6126838	19147332.00
2013/08/09	3.145	3.200	3.108	3.148	4747685	14931170.00
2013/08/12	3.152	3.181	3.135	3.175	1529842	4837218.00
2013/08/13	3.163	3.175	3.144	3.173	1354438	4284628.50
2013/08/14	3.171	3.193	3.052	3.164	2036360	6456954.50
2013/08/15	3.070	3.194	3.070	3.117	5490224	17289632.00
2013/08/16	3.076	3.164	3.047	3.047	5198833	16148889.00
2013/08/19	3.043	3.159	3.043	3.102	2070550	6347372.50
2013/08/20	3.100	3.150	3.083	3.090	4114476	12814783.00
2013/08/21	3.070	3.158	3.070	3.103	7856351	24282866.00
2013/08/22	3.100	3.123	3.099	3.106	7867595	24464960.00
2013/08/23	3.106	3.144	3.062	3.121	3595295	11216155.00
2013/08/26	3.129	3.176	3.129	3.176	5454640	17195392.00
2013/08/27	3.150	3.184	3.150	3.183	9448728	29975086.00
2013/08/28	3.151	3.162	3.123	3.123	2278548	7175065.00
2013/08/29	3.163	3.196	3.100	3.104	782949	2449204.75
2013/08/30	3.104	3.120	3.045	3.057	403004	1244520.25
2013/09/02	3.069	3.190	3.055	3.098	1278768	3944195.00
2013/09/03	3.125	3.160	3.123	3.160	854935	2681660.75
2013/09/04	3.163	3.175	3.148	3.150	758833	2403309.75
2013/09/05	3.144	3.170	3.144	3.161	943672	2984142.25
2013/09/06	3.172	3.190	3.163	3.190	933053	2967189.50
2013/09/09	3.192	3.207	3.181	3.203	975974	3120967.00
2013/09/10	3.203	3.206	3.180	3.205	911422	2906491.00
2013/09/11	3.205	3.205	3.147	3.161	2385104	7558146.50
2013/09/12	3.157	3.185	3.157	3.176	1940268	6165300.50
2013/09/13	3.120	3.206	3.120	3.203	861302	2720497.50
2013/09/16	3.208	3.240	3.208	3.224	1466849	4730121.50
2013/09/17	3.111	3.237	3.100	3.195	1260899	4016430.25
2013/09/18	3.213	3.229	3.195	3.229	988315	3174795.00
2013/09/23	3.227	3.322	3.227	3.319	2255104	7433581.00
2013/09/24	3.314	3.350	3.300	3.323	3891839	12950736.00
2013/09/25	3.316	3.340	3.305	3.305	4275390	14209332.00
2013/09/26	3.230	3.313	3.230	3.259	2384258	7839185.50
2013/09/27	3.264	3.292	3.264	3.286	1506683	4938889.50
2013/09/30	3.288	3.329	3.288	3.327	1288931	4277453.50
2013/10/08	3.327	3.403	3.327	3.392	5121270	17239622.00
2013/10/09	3.392	3.412	3.373	3.412	2385048	8098638.00
2013/10/10	3.421	3.426	3.378	3.389	3626361	12357780.00
2013/10/11	3.368	3.430	3.368	3.406	1267593	4306087.50
2013/10/14	3.406	3.443	3.406	3.428	919017	3146038.50
2013/10/15	3.432	3.445	3.401	3.420	949159	3257295.50
2013/10/16	3.392	3.407	3.313	3.332	3236190	10831791.00
2013/10/17	3.330	3.368	3.318	3.325	3224619	10827167.00
2013/10/18	3.327	3.363	3.320	3.359	662767	2212762.25
2013/10/21	3.369	3.455	3.369	3.452	1218231	4173100.75
2013/10/22	3.443	3.453	3.393	3.395	2696292	9236757.00
2013/10/23	3.393	3.407	3.298	3.311	4734512	15859095.00
2013/10/24	3.302	3.328	3.280	3.291	985993	3263231.00
2013/10/25	3.304	3.305	3.189	3.189	523985	1688507.38
2013/10/28	3.203	3.220	3.197	3.218	182453	585385.31
2013/10/29	3.239	3.250	3.102	3.175	1427683	4474197.50
2013/10/30	3.180	3.211	3.180	3.211	266996	853165.63
2013/10/31	3.200	3.200	3.145	3.147	309030	978049.44
2013/11/01	3.124	3.140	3.090	3.127	2547856	7897823.50
2013/11/04	3.131	3.152	3.129	3.130	54318	170339.91
2013/11/05	3.102	3.183	3.100	3.180	176748	556680.56
2013/11/06	3.170	3.191	3.141	3.141	83709	266043.53
2013/11/07	3.129	3.134	3.091	3.100	372423	1159248.75
2013/11/08	3.091	3.094	3.050	3.060	93230	286083.50
2013/11/11	3.054	3.082	3.038	3.075	53115	162296.50
2013/11/12	3.075	3.104	3.069	3.098	150900	466380.69
2013/11/13	3.100	3.100	3.048	3.048	1592866	4905522.00
2013/11/14	3.042	3.084	3.032	3.084	2650304	8172202.50
2013/11/15	3.050	3.182	3.050	3.139	3013048	9441202.00
2013/11/18	3.150	3.209	3.150	3.209	515660	1638506.88
2013/11/19	3.203	3.221	3.197	3.197	258680	828357.50
2013/11/20	3.224	3.226	3.196	3.226	52200	167653.41
2013/11/21	3.230	3.231	3.192	3.224	78693	252277.00
2013/11/22	3.222	3.229	3.201	3.207	45657	146565.92
2013/11/25	3.165	3.224	3.165	3.206	139352	446784.31
2013/11/26	3.193	3.198	3.173	3.192	60256	191982.77
2013/11/27	3.188	3.255	3.188	3.243	202990	655697.88
2013/11/28	3.230	3.300	3.230	3.280	739590	2402693.25
2013/11/29	3.277	3.293	3.270	3.290	275710	904396.00
2013/12/02	3.210	3.266	3.142	3.163	1471550	4681258.00
2013/12/03	3.131	3.212	3.130	3.212	2307877	7276447.00
2013/12/04	3.246	3.270	3.241	3.243	164378	536056.75
2013/12/05	3.243	3.243	3.211	3.211	127300	410785.41
2013/12/06	3.211	3.216	3.201	3.212	404307	1297592.00
2013/12/09	3.228	3.240	3.228	3.229	319603	1033838.38
2013/12/10	3.255	3.255	3.233	3.233	4400	14237.90
2013/12/11	3.201	3.229	3.200	3.201	581130	1863802.25
2013/12/12	3.221	3.251	3.221	3.239	115085	371563.66
2013/12/13	3.239	3.260	3.225	3.241	109107	353052.28
2013/12/16	3.225	3.225	3.206	3.206	50929	163648.73
2013/12/17	3.190	3.190	3.184	3.184	171100	545797.00
2013/12/18	3.182	3.190	3.169	3.183	44746	142365.78
2013/12/19	3.195	3.202	3.162	3.162	118814	378184.69
2013/12/20	3.168	3.168	3.132	3.145	258037	812922.13
2013/12/23	3.147	3.450	3.115	3.129	1043505	3270778.75
2013/12/24	3.135	3.170	3.133	3.142	147342	463196.88
2013/12/25	3.172	3.189	3.162	3.178	113800	360106.69
2013/12/26	3.163	3.164	3.128	3.128	48500	152528.80
2013/12/27	3.128	3.164	3.122	3.164	109300	345108.19
2013/12/30	3.160	3.185	3.160	3.180	614469	1945838.50
2013/12/31	3.159	3.186	3.159	3.186	44508	141400.84
2014/01/02	3.186	3.225	3.186	3.225	66953	214571.09
2014/01/03	3.228	3.238	3.216	3.238	34207	110182.57
2014/01/06	3.208	3.208	3.157	3.158	113029	358444.41
2014/01/07	3.153	3.170	3.153	3.170	75488	238763.45
2014/01/08	3.220	3.220	3.192	3.214	202101	648040.75
2014/01/09	3.213	3.242	3.205	3.205	1150836	3710579.50
2014/01/10	3.166	3.304	3.137	3.167	2517342	7937535.50
2014/01/13	3.137	3.310	3.092	3.107	310018	968121.19
2014/01/14	3.108	3.130	3.090	3.130	153806	477839.38
2014/01/15	3.155	3.170	3.150	3.164	1070743	3378371.75
2014/01/16	3.171	3.186	3.155	3.176	729235	2318258.00
2014/01/17	3.140	3.157	3.124	3.129	554703	1744678.88
2014/01/20	3.125	3.142	3.079	3.104	6600	20557.00
2014/01/21	3.122	3.145	3.122	3.144	274101	861198.56
2014/01/22	3.152	3.216	3.150	3.216	257461	815544.50
2014/01/23	3.230	3.250	3.225	3.250	565351	1833491.38
2014/01/24	3.228	3.300	3.228	3.294	490738	1611098.13
2014/01/27	3.274	3.291	3.259	3.268	1116407	3663603.25
2014/01/28	3.278	3.278	3.217	3.241	722169	2341507.00
2014/01/29	3.248	3.269	3.248	3.265	37000	120499.86
2014/01/30	3.270	3.270	3.200	3.200	7315	23747.61
2014/02/07	3.203	3.260	3.203	3.260	11096	35931.43
2014/02/10	3.286	3.359	3.286	3.359	1402423	4677299.00
2014/02/11	3.357	3.370	3.312	3.332	674049	2251412.50
2014/02/12	3.335	3.367	3.334	3.367	728114	2441522.75
2014/02/13	3.371	3.371	3.311	3.311	717444	2406368.50
2014/02/14	3.323	3.342	3.303	3.342	196757	654949.06
2014/02/17	3.356	3.389	3.347	3.389	887417	2987402.75
2014/02/18	3.380	3.381	3.356	3.359	1343646	4529280.00
2014/02/19	3.370	3.375	3.334	3.375	1037038	3492325.00
2014/02/20	3.379	3.379	3.312	3.318	825487	2756163.25
2014/02/21	3.322	3.327	3.276	3.290	1832009	6070652.50
2014/02/24	3.275	3.278	3.234	3.276	287719	939076.06
2014/02/25	3.294	3.307	3.147	3.160	978946	3208517.25
2014/02/26	3.128	3.155	3.096	3.155	364431	1139906.75
2014/02/27	3.191	3.200	3.086	3.086	613990	1924200.25
2014/02/28	3.085	3.137	3.060	3.137	133745	411623.84
2014/03/03	3.137	3.166	3.137	3.159	142250	449487.09
2014/03/04	3.133	3.159	3.127	3.156	538930	1692521.13
2014/03/05	3.105	3.159	3.105	3.159	803	2505.02
2014/03/06	3.128	3.135	3.085	3.135	453962	1411870.13
2014/03/07	3.101	3.145	3.101	3.112	513193	1594758.38
2014/03/10	3.075	3.081	3.020	3.020	214006	656707.44
2014/03/11	3.020	3.038	2.988	3.011	34414	103867.83
2014/03/12	2.985	3.035	2.978	3.013	573703	1716724.25
2014/03/13	3.013	3.054	3.013	3.051	27721	84036.81
2014/03/14	3.058	3.058	3.032	3.032	24182	73425.30
2014/03/17	3.064	3.085	3.064	3.085	40209	123550.66
2014/03/18	3.085	3.100	3.001	3.085	36272	109720.77
2014/03/19	3.051	3.080	3.006	3.070	31605	96074.71
2014/03/20	3.031	3.055	2.959	2.959	168706	506867.59
2014/03/21	2.948	3.033	2.948	2.955	25103	74069.27
2014/03/24	3.008	3.021	2.990	3.012	80520	242049.64
2014/03/25	3.011	3.035	3.007	3.018	186439	563455.25
2014/03/26	3.026	3.039	3.026	3.034	68900	208826.91
2014/03/27	3.002	3.016	2.979	2.979	12930	38721.86
2014/03/28	2.938	2.979	2.900	2.901	107306	313721.41
2014/03/31	2.901	2.970	2.830	2.861	108763	315857.22
2014/04/01	2.949	2.978	2.902	2.978	153978	453944.72
2014/04/02	2.978	2.989	2.978	2.980	505070	1505102.38
2014/04/03	2.914	3.270	2.914	2.970	93305	276727.28
2014/04/04	2.964	3.009	2.964	3.009	63735	189819.84
2014/04/08	3.011	3.044	3.003	3.043	31648	95760.89
2014/04/09	3.060	3.065	3.056	3.056	10792	33037.69
2014/04/10	3.066	3.088	3.066	3.084	11400	35170.90
2014/04/11	3.067	3.075	3.053	3.075	12400	38019.60
2014/04/14	3.075	3.078	3.075	3.077	82700	254352.59
2014/04/15	3.011	3.059	3.011	3.056	700	2135.00
2014/04/16	3.044	3.044	3.032	3.032	7799	23730.96
2014/04/17	3.051	3.053	3.051	3.051	5203	15874.96
2014/04/21	3.064	3.066	3.014	3.014	42733	129753.80
2014/04/22	2.980	2.992	2.960	2.975	52006	154747.66
2014/04/23	2.975	2.996	2.975	2.996	4530	13540.38
2014/04/24	2.980	2.982	2.952	2.969	52836	156753.45
2014/04/25	2.947	2.953	2.912	2.912	11900	34877.60
2014/04/28	2.878	2.879	2.831	2.831	38200	108686.40
2014/04/29	2.841	2.878	2.841	2.878	15666	44867.82
2014/04/30	2.887	2.887	2.887	2.887	19000	54853.00
2014/05/05	2.887	2.915	2.880	2.911	39600	114859.10
2014/05/06	2.915	2.960	2.915	2.945	38800	114033.20
2014/05/07	2.920	2.920	2.892	2.895	112000	325550.69
2014/05/08	2.879	2.920	2.875	2.875	33353	96752.06
2014/05/09	2.830	2.830	2.800	2.828	123919	350264.63
2014/05/12	2.838	2.906	2.838	2.906	149176	425241.53
2014/05/13	2.928	2.928	2.903	2.903	109551	318869.94
2014/05/14	2.908	2.908	2.908	2.908	6000	17448.00
2014/05/15	2.901	2.905	2.850	2.850	118200	342809.09
2014/05/16	2.850	2.853	2.825	2.838	11960	33956.52
2014/05/19	2.818	2.818	2.796	2.815	32360	90812.00
2014/05/20	2.838	2.838	2.813	2.813	5603	15786.11
2014/05/21	2.805	2.826	2.805	2.826	3500	9868.10
2014/05/22	2.864	2.883	2.864	2.865	23600	67823.90
2014/05/23	2.855	2.875	2.849	2.875	17500	50214.90
2014/05/26	2.902	2.913	2.902	2.913	36000	104643.80
2014/05/27	2.906	2.920	2.900	2.900	197900	575557.13
2014/05/28	2.919	2.950	2.913	2.950	127001	371163.16
2014/05/29	2.952	2.952	2.912	2.915	722000	2110539.00
2014/05/30	2.900	2.926	2.900	2.926	273630	799218.75
2014/06/03	2.930	2.935	2.926	2.926	253800	744102.38
2014/06/04	2.889	2.889	2.889	2.889	1000	2889.00
2014/06/05	2.912	2.941	2.912	2.941	5300	15478.40
2014/06/06	2.945	2.960	2.932	2.948	161081	475156.56
2014/06/09	2.930	2.945	2.930	2.937	128415	376622.19
2014/06/10	2.938	2.975	2.938	2.975	131200	389855.09
2014/06/11	2.982	2.989	2.977	2.985	155610	464328.47
2014/06/12	2.974	2.985	2.972	2.979	179687	534449.00
2014/06/13	2.970	3.010	2.970	3.008	123661	370981.41
2014/06/16	3.014	3.026	3.007	3.025	368916	1113824.63
2014/06/17	3.026	3.026	3.000	3.000	292800	880933.00
2014/06/18	3.009	3.009	2.980	2.980	109220	327094.75
2014/06/19	2.975	2.975	2.893	2.904	167900	491155.31
2014/06/20	2.933	2.933	2.907	2.926	7710	22466.00
2014/06/23	2.941	2.957	2.941	2.945	154018	453530.47
2014/06/24	2.946	2.962	2.946	2.955	148200	437592.81
2014/06/25	2.958	2.958	2.937	2.948	54000	159470.00
2014/06/26	2.966	2.991	2.966	2.991	255202	759581.94
2014/06/27	2.992	3.018	2.992	3.003	377100	1131516.25
2014/06/30	3.007	3.020	2.997	3.020	260625	783904.63
2014/07/01	3.023	3.042	3.022	3.038	185076	560236.56
2014/07/02	3.046	3.048	3.019	3.048	199617	607938.19
2014/07/03	3.036	3.074	3.036	3.061	733903	2248756.00
2014/07/04	3.053	3.053	3.044	3.044	32500	98992.50
2014/07/07	3.008	3.014	3.007	3.014	38350	115438.80
2014/07/08	3.004	3.035	3.004	3.035	22006	66765.28
2014/07/09	3.030	3.033	2.974	2.979	108601	325563.00
2014/07/10	2.982	2.982	2.926	2.928	1084987	3202851.75
2014/07/11	2.945	2.953	2.933	2.934	1043615	3074119.50
2014/07/14	2.935	2.961	2.931	2.956	1507100	4447279.50
2014/07/15	2.970	2.970	2.949	2.950	2022100	5988941.50
2014/07/16	2.956	2.958	2.927	2.939	1015900	2997367.25
2014/07/17	2.924	2.931	2.910	2.918	213354	623959.00
2014/07/18	2.923	2.923	2.903	2.903	18800	54881.00
2014/07/21	2.900	2.900	2.887	2.887	25700	74431.10
2014/07/22	2.904	2.944	2.904	2.940	164750	479353.25
2014/07/23	2.975	2.975	2.901	2.902	162150	471618.19
2014/07/24	2.904	2.904	2.880	2.903	122248	353925.09
2014/07/25	2.920	2.934	2.920	2.934	139248	408232.94
2014/07/28	2.960	3.012	2.958	3.004	221710	663999.44
2014/07/29	3.018	3.060	3.018	3.043	114644	349268.50
2014/07/30	3.050	3.065	3.041	3.059	229924	702593.00
2014/07/31	3.064	3.079	3.063	3.079	183513	563197.88
2014/08/01	3.071	3.090	3.062	3.062	116560	359470.28
2014/08/04	3.069	3.082	3.061	3.082	118942	365391.00
2014/08/05	3.080	3.110	3.080	3.110	100824	312544.47
2014/08/06	3.101	3.126	3.097	3.118	578130	1792186.13
2014/08/07	3.117	3.129	3.085	3.085	628268	1962401.25
2014/08/08	3.084	3.300	3.084	3.100	1033742	3207603.25
2014/08/11	3.117	3.148	3.117	3.146	17608	55146.24
2014/08/12	3.143	3.148	3.137	3.145	522387	1643065.50
2014/08/13	3.146	3.158	3.116	3.144	1037345	3268615.75
2014/08/14	3.120	3.160	3.120	3.142	2476073	7786078.50
2014/08/15	3.122	3.154	3.122	3.151	1020342	3187139.75
2014/08/18	3.152	3.250	3.152	3.212	2114705	6804931.50
2014/08/19	3.235	3.241	3.212	3.226	386898	1243514.13
2014/08/20	3.220	3.236	3.213	3.216	431270	1388135.50
2014/08/21	3.218	3.226	3.197	3.226	108009	346523.50
2014/08/22	3.240	3.258	3.240	3.258	177715	577006.69
2014/08/25	3.258	3.258	3.228	3.242	52225	168750.66
2014/08/26	3.213	3.223	3.178	3.180	44520	142192.91
2014/08/27	3.179	3.204	3.179	3.193	40337	128801.34
2014/08/28	3.190	3.196	3.169	3.173	57362	182132.89
2014/08/29	3.168	3.198	3.168	3.197	220382	700507.69
2014/09/01	3.200	3.242	3.200	3.242	43172	139092.16
2014/09/02	3.252	3.280	3.250	3.279	1132665	3699407.00
2014/09/03	3.292	3.328	3.292	3.305	2143688	7076706.00
2014/09/04	3.302	3.330	3.292	3.330	1878729	6209193.00
2014/09/05	3.330	3.340	3.317	3.332	1815103	6044569.00
2014/09/09	3.341	3.361	3.338	3.355	687754	2303477.00
2014/09/10	3.337	3.370	3.332	3.352	1492094	4992170.00
2014/09/11	3.360	3.392	3.340	3.345	890551	2998024.00
2014/09/12	3.340	3.373	3.336	3.373	1158760	3883906.75
2014/09/15	3.358	3.377	3.350	3.377	606120	2036865.63
2014/09/16	3.382	3.382	3.291	3.291	550036	1837983.00
2014/09/17	3.269	3.293	3.255	3.291	192494	629050.81
2014/09/18	3.304	3.314	3.300	3.314	187982	622147.00
2014/09/19	3.330	3.330	3.306	3.323	563191	1868585.50
2014/09/22	3.304	3.307	3.290	3.290	57243	189034.36
2014/09/23	3.300	3.321	3.292	3.321	1153219	3811265.75
2014/09/24	3.320	3.358	3.313	3.358	870102	2889710.00
2014/09/25	3.375	3.381	3.348	3.348	1971874	6659512.00
2014/09/26	3.348	3.365	3.342	3.360	321388	1078839.88
2014/09/29	3.377	3.384	3.367	3.381	907298	3066514.25
2014/09/30	3.385	3.400	3.383	3.396	2310992	7837988.00
2014/10/08	3.404	3.427	3.394	3.427	1228284	4187953.25
2014/10/09	3.440	3.456	3.412	3.441	2534720	8706485.00
2014/10/10	3.440	3.452	3.424	3.424	210999	725090.56
2014/10/13	3.404	3.404	3.369	3.397	332881	1127531.88
2014/10/14	3.416	3.419	3.383	3.383	22853	77788.55
2014/10/15	3.391	3.413	3.373	3.406	242110	820717.81
2014/10/16	3.402	3.415	3.375	3.375	252252	860130.88
2014/10/17	3.044	3.378	3.044	3.356	367918	1223488.75
2014/10/20	3.365	3.383	3.359	3.382	771174	2605434.25
2014/10/21	3.387	3.392	3.354	3.355	776667	2629288.25
2014/10/22	3.352	3.366	3.328	3.328	238637	797732.50
2014/10/23	3.325	3.325	3.282	3.291	146954	484672.75
2014/10/24	3.291	3.306	3.289	3.290	311942	1029508.31
2014/10/27	3.263	3.285	3.255	3.281	816109	2672452.50
2014/10/28	3.297	3.335	3.297	3.335	159700	530455.31
2014/10/29	3.349	3.373	3.334	3.361	186758	626272.94
2014/10/30	3.365	3.379	3.353	3.365	1971648	6641794.00
2014/10/31	3.359	3.359	3.335	3.354	259446	868611.75
2014/11/03	3.372	3.382	3.366	3.366	690413	2333163.50
2014/11/04	3.378	3.378	3.344	3.349	1047800	3514133.25
2014/11/05	3.335	3.359	3.310	3.353	1402756	4700968.50
2014/11/06	3.352	3.360	3.337	3.359	2400850	8050741.00
2014/11/07	3.379	3.394	3.342	3.342	255048	858714.25
2014/11/10	3.349	3.376	3.345	3.376	310212	1042641.88
2014/11/11	3.389	3.389	3.277	3.292	137396	458774.91
2014/11/12	3.283	3.311	3.283	3.311	305871	1010039.06
2014/11/13	3.319	3.319	3.282	3.285	106841	352225.94
2014/11/14	3.275	3.296	3.275	3.283	112231	369306.22
2014/11/17	3.289	3.325	3.289	3.317	105030	347913.22
2014/11/18	3.325	3.325	3.314	3.319	156123	518243.66
2014/11/19	3.335	3.364	3.335	3.350	1254221	4200242.00
2014/11/20	3.332	3.340	3.332	3.339	1620493	5406049.00
2014/11/21	3.341	3.365	3.341	3.364	462544	1550932.50
2014/11/24	3.366	3.419	3.366	3.410	2317613	7880466.50
2014/11/25	3.441	3.500	3.440	3.489	1688301	5836785.00
2014/11/26	3.537	3.537	3.490	3.512	451925	1587033.13
2014/11/27	3.525	3.548	3.513	3.548	477469	1684135.38
2014/11/28	3.538	3.558	3.514	3.552	678665	2397721.00
2014/12/01	3.550	3.561	3.529	3.552	718171	2548153.75
2014/12/02	3.561	3.618	3.556	3.611	627885	2257070.50
2014/12/03	3.633	3.690	3.611	3.687	610720	2226158.25
2014/12/04	3.680	3.785	3.680	3.785	597890	2231628.50
2014/12/05	3.610	3.795	3.610	3.690	308740	1138527.13
2014/12/08	3.690	3.788	3.680	3.772	1312684	4935205.00
2014/12/09	3.732	3.833	3.633	3.633	377088	1417453.63
2014/12/10	3.633	3.766	3.630	3.766	522016	1921502.38
2014/12/11	3.758	3.794	3.751	3.771	173974	657017.88
2014/12/12	3.790	3.837	3.786	3.837	721503	2751608.75
2014/12/15	3.838	3.990	3.838	3.990	1694164	6570510.00
2014/12/16	3.920	3.970	3.901	3.943	168491	660999.25
2014/12/17	3.944	3.962	3.879	3.951	243862	959127.38
2014/12/18	3.948	3.955	3.898	3.898	96801	382033.47
2014/12/19	3.881	3.883	3.770	3.832	254643	983517.00
2014/12/22	3.770	3.770	3.700	3.702	277935	1035588.19
2014/12/23	3.689	3.753	3.666	3.670	68151	252074.83
2014/12/24	3.670	3.680	3.641	3.659	49081	179514.61
2014/12/25	3.670	3.700	3.670	3.700	50302	185581.70
2014/12/26	3.715	3.774	3.715	3.774	193552	721578.63
2014/12/29	3.751	3.751	3.700	3.704	118183	441172.69
2014/12/30	3.669	3.692	3.650	3.667	131755	483489.06
2014/12/31	3.657	3.678	3.628	3.675	107276	392485.09
2015/01/05	3.675	3.767	3.659	3.762	111170	410436.28
2015/01/06	3.761	3.880	3.600	3.701	1565551	5805684.50
2015/01/07	3.800	3.883	3.680	3.875	1204779	4479308.00
2015/01/08	3.879	3.886	3.808	3.808	383865	1475127.38
2015/01/09	3.837	3.905	3.837	3.841	235539	912412.75
2015/01/12	3.821	3.868	3.821	3.849	50286	194090.55
2015/01/13	3.858	3.925	3.858	3.909	58251	227434.78
2015/01/14	3.910	3.916	3.841	3.841	45515	177196.16
2015/01/15	3.830	3.917	3.830	3.917	125039	488221.81
2015/01/16	3.900	4.010	3.900	3.984	649865	2560600.25
2015/01/19	3.586	3.984	3.586	3.800	141459	550378.00
2015/01/20	3.897	3.992	3.897	3.992	214783	853264.19
2015/01/21	3.992	4.080	3.992	4.080	118265	480677.19
2015/01/22	4.076	4.120	4.076	4.110	218646	898331.31
2015/01/23	4.000	4.048	4.000	4.048	47582	191786.47
2015/01/26	4.060	4.130	4.058	4.122	473369	1948680.00
2015/01/27	4.153	4.160	4.082	4.160	1029835	4263164.50
2015/01/28	4.160	4.160	4.092	4.110	311770	1280071.75
2015/01/29	4.065	4.065	4.000	4.042	27274	110348.12
2015/01/30	4.065	4.065	4.000	4.000	28931	116843.66
2015/02/02	3.984	4.040	3.945	3.953	17772	70695.51
2015/02/03	3.954	4.340	3.954	4.100	39029	159631.59
2015/02/04	4.199	4.200	4.056	4.120	70371	288204.28
2015/02/05	4.076	4.135	4.058	4.062	140927	580634.00
2015/02/06	4.065	4.065	3.950	3.950	122700	490488.91
2015/02/09	3.989	4.100	3.989	3.990	284100	1136867.00
2015/02/10	3.990	4.099	3.974	4.030	276675	1103997.88
2015/02/11	4.097	4.097	4.086	4.095	16929	69290.85
2015/02/12	4.107	4.119	4.090	4.119	73362	301994.19
2015/02/13	4.239	4.239	4.187	4.187	115842	487076.25
2015/02/16	4.228	4.350	4.228	4.305	8541737	36414404.00
2015/02/17	4.340	4.400	4.326	4.335	83667	363595.53
2015/02/25	4.347	4.353	4.315	4.315	21950	95355.20
2015/02/26	4.329	4.450	4.317	4.450	78509	340329.56
2015/02/27	4.495	4.495	4.494	4.494	400	1797.70
2015/03/02	4.500	4.580	4.500	4.500	43523	197018.84
2015/03/03	4.500	4.500	4.453	4.470	24243	108367.23
2015/03/04	4.438	4.752	4.438	4.677	98364	440713.13
2015/03/05	4.443	4.592	4.443	4.514	120066	540898.88
2015/03/06	4.528	4.538	4.448	4.500	163771	731031.56
2015/03/09	4.359	4.450	4.359	4.448	140545	618545.38
2015/03/10	4.448	4.520	4.448	4.515	79409	357374.66
2015/03/11	4.515	4.530	4.515	4.519	10660	48209.86
2015/03/12	4.529	4.529	4.448	4.471	80590	362203.72
2015/03/13	4.516	4.540	4.490	4.536	37403	169084.66
2015/03/16	4.612	4.700	4.607	4.700	159962	744272.31
2015/03/17	5.170	5.170	4.686	4.703	241673	1139763.50
2015/03/18	4.697	4.790	4.694	4.775	145083	691206.19
2015/03/19	4.799	4.799	4.500	4.780	243523	1140816.25
2015/03/20	4.770	4.872	4.770	4.871	909259	4366863.50
2015/03/23	4.871	5.000	4.871	4.980	240478	1183714.38
2015/03/24	4.951	5.049	4.800	5.020	231298	1154568.13
2015/03/25	4.528	5.179	4.528	5.073	155406	781354.13
2015/03/26	5.050	5.058	4.900	4.973	179693	894838.69
2015/03/27	4.961	5.043	4.961	5.026	143980	717964.31
2015/03/30	5.046	5.072	5.024	5.063	249451	1258877.50
2015/03/31	5.060	5.126	5.060	5.072	471028	2400970.50
2015/04/01	5.120	5.310	5.120	5.290	188559	971793.63
2015/04/02	5.290	5.309	5.245	5.300	150817	797492.31
2015/04/03	5.081	5.371	5.077	5.371	98366	522042.91
2015/04/07	5.155	5.466	5.155	5.466	207727	1125699.88
2015/04/08	5.448	5.480	5.326	5.390	248590	1355341.75
2015/04/09	5.400	5.400	5.300	5.344	55437	295053.31
2015/04/10	5.330	5.435	5.330	5.435	263679	1411891.00
2015/04/13	5.435	5.521	5.208	5.521	198405	1084539.50
2015/04/14	5.521	5.540	5.461	5.461	297433	1637314.63
2015/04/15	5.460	5.460	5.320	5.322	404223	2178810.00
2015/04/16	5.320	5.854	5.292	5.361	381147	2032190.38
2015/04/17	5.292	5.520	5.192	5.520	380123	2048195.63
2015/04/20	5.415	6.070	5.192	5.409	224703	1233035.75
2015/04/21	5.409	5.733	5.371	5.500	244169	1336315.13
2015/04/22	5.460	5.650	5.460	5.636	228429	1280805.00
2015/04/23	5.650	5.744	5.640	5.744	266230	1518300.00
2015/04/24	5.711	5.751	5.670	5.734	273011	1565902.88
2015/04/27	5.799	5.841	5.735	5.774	174032	1002684.19
2015/04/28	5.744	5.744	5.576	5.600	115181	650039.13
2015/04/29	5.361	5.788	5.361	5.788	773982	4398015.00
2015/04/30	5.797	5.999	5.797	5.899	517050	3048205.50
2015/05/04	5.796	6.099	5.778	5.839	3518534	20549284.00
2015/05/05	5.839	6.000	5.624	5.900	756928	4341396.50
2015/05/06	5.900	5.900	5.650	5.875	208400	1202090.75
2015/05/07	5.585	5.790	5.585	5.650	39618	225571.56
2015/05/08	5.689	5.959	5.650	5.816	132073	758493.75
2015/05/11	5.815	6.110	5.810	6.099	315301	1902855.88
2015/05/12	6.126	6.299	6.126	6.235	196315	1215841.63
2015/05/13	6.253	6.399	6.250	6.312	133589	840513.75
2015/05/14	6.340	6.340	6.131	6.300	27000	167014.70
2015/05/15	6.140	6.300	6.115	6.224	70815	437457.03
2015/05/18	6.236	6.333	6.236	6.310	27660	174249.83
2015/05/19	6.374	6.498	6.288	6.488	91681	584198.38
2015/05/20	6.459	6.680	6.459	6.600	116870	773888.94
2015/05/21	6.600	6.766	6.600	6.760	210678	1402688.75
2015/05/22	6.795	6.899	6.668	6.849	362048	2467594.75
2015/05/25	6.849	7.250	6.728	6.980	82093	561709.56
2015/05/26	6.980	7.199	6.920	7.100	199197	1416535.13
2015/05/27	7.209	7.800	7.000	7.790	213705	1596280.38
2015/05/28	7.780	7.780	7.011	7.011	1044100	7473686.50
2015/05/29	6.645	7.009	6.412	6.745	333243	2206288.75
2015/06/01	6.721	7.058	6.721	7.051	115147	803252.88
2015/06/02	7.123	7.326	7.123	7.325	216248	1560635.00
2015/06/03	7.450	7.450	7.152	7.152	163848	1197337.50
2015/06/04	7.062	7.303	6.808	7.185	66487	471198.19
2015/06/05	7.250	7.399	7.037	7.061	215250	1546110.13
2015/06/08	7.200	7.200	6.955	7.062	72162	512487.66
2015/06/09	6.975	7.230	6.975	7.149	611026	4356604.50
2015/06/10	7.149	7.390	7.111	7.380	161399	1165636.75
2015/06/11	7.406	7.406	7.321	7.372	254314	1870189.75
2015/06/12	7.430	7.433	7.376	7.413	80431	595653.94
2015/06/15	7.400	7.400	7.112	7.284	53000	382247.69
2015/06/16	7.178	7.178	6.811	6.992	693536	4889117.00
2015/06/17	6.966	7.200	6.808	7.180	162140	1130634.38
2015/06/18	7.105	7.510	6.812	6.812	4203434	31475804.00
2015/06/19	6.668	6.668	6.327	6.451	1604033	10650130.00
2015/06/23	6.451	6.525	6.089	6.525	100521	634360.44
2015/06/24	6.585	6.910	6.450	6.600	348000	2295039.00
2015/06/25	6.600	6.600	6.312	6.312	575948	3773518.25
2015/06/26	6.001	6.060	5.683	5.690	1058399	6368188.00
2015/06/29	5.529	5.640	5.122	5.122	137101	746717.19
2015/06/30	5.297	5.634	4.966	5.625	142858	760717.94
2015/07/01	5.500	5.851	5.476	5.476	155000	892004.81
2015/07/02	5.150	5.500	5.122	5.140	55227	287457.50
2015/07/03	4.844	5.340	4.641	4.990	3596130	16930842.00
2015/07/06	5.485	5.485	4.700	4.930	91900	460390.91
2015/07/07	4.750	4.791	4.437	4.437	120812	542973.81
2015/07/08	4.100	4.100	3.999	3.999	2200	8829.50
2015/07/09	3.603	4.399	3.603	4.399	59685	243805.63
2015/07/10	4.600	4.839	4.480	4.839	24654	116826.78
2015/07/13	5.323	5.323	4.850	5.323	156815	824837.69
2015/07/14	5.441	5.800	5.380	5.700	136154	762565.56
2015/07/15	5.740	5.740	5.131	5.131	206300	1092998.50
2015/07/16	4.855	5.499	4.855	5.212	115431	593029.63
2015/07/17	5.025	5.595	5.025	5.590	242400	1308551.25
2015/07/20	5.600	5.999	5.317	5.800	81554	480120.13
2015/07/21	5.900	6.000	5.520	5.750	40900	239059.09
2015/07/22	5.588	5.888	5.581	5.838	3511100	20548078.00
2015/07/23	5.700	5.810	5.600	5.770	263115	1492563.00
2015/07/24	5.900	5.900	5.677	5.685	16103000	92515728.00
2015/07/27	5.529	5.610	5.138	5.150	93625200	515901696.00
2015/07/28	4.905	5.380	4.765	5.170	4156461	21222668.00
2015/07/29	5.121	5.439	4.956	5.425	172066700	875191808.00
2015/07/30	5.300	5.480	5.210	5.480	71571800	380690368.00
2015/07/31	5.380	5.450	5.082	5.399	184084860	951868224.00
2015/08/03	4.983	5.085	4.937	5.011	67000	336655.41
2015/08/04	5.365	5.365	5.021	5.294	77073099	394476320.00
2015/08/05	5.237	5.309	5.105	5.309	14075500	73183992.00
2015/08/06	5.098	5.803	5.065	5.175	68009600	350806624.00
2015/08/07	5.230	5.406	5.200	5.300	60079897	315693696.00
2015/08/10	5.300	5.693	5.254	5.540	37581897	201650992.00
2015/08/11	5.698	5.750	5.410	5.680	217105297	1199405056.00
2015/08/12	5.680	5.738	5.303	5.500	50100	273554.09
2015/08/13	5.495	5.495	5.311	5.481	23000	124311.60
2015/08/14	5.547	5.547	5.402	5.484	32400	177723.41
2015/08/17	5.380	5.468	5.364	5.440	34915	188774.94
2015/08/18	5.474	5.516	5.100	5.100	3520145	18733294.00
2015/08/19	5.085	5.606	4.908	5.300	6635912	33671808.00
2015/08/20	5.201	5.583	5.104	5.104	1022800	5393520.00
2015/08/21	5.500	5.500	4.851	4.864	536600	2685023.25
2015/08/24	4.485	4.485	4.392	4.393	36867	162760.25
2015/08/25	4.234	4.234	3.955	3.955	252121	1048067.94
2015/08/26	3.973	4.249	3.973	3.987	623700	2525381.25
2015/08/27	4.000	4.007	3.824	4.007	538743	2148891.25
2015/08/28	4.096	4.365	4.000	4.360	546401	2197712.75
2015/08/31	4.360	4.360	4.037	4.038	501900	2058182.50
2015/09/01	4.100	4.100	4.020	4.082	529100	2167071.00
2015/09/02	3.680	3.981	3.680	3.981	506500	2014841.38
2015/09/07	4.204	4.213	4.035	4.097	27200	112034.40
2015/09/08	4.094	4.259	3.835	4.259	27700	108767.60
2015/09/09	4.259	4.375	4.259	4.375	8105	34748.30
2015/09/10	4.261	4.336	4.261	4.336	2000	8553.90
2015/09/11	4.130	4.291	4.130	4.246	33015	140021.75
2015/09/14	4.100	4.100	3.855	3.855	16100	62755.00
2015/09/15	3.854	3.854	3.654	3.711	3400	12727.10
2015/09/16	3.411	3.979	3.411	3.979	22915	85465.98
2015/09/17	3.999	4.100	3.999	4.001	64939	260737.91
2015/09/18	3.905	3.905	3.905	3.905	15	58.58
2015/09/21	4.091	4.100	3.896	4.100	42615	171788.73
2015/09/22	4.100	4.198	4.100	4.198	14890	62461.02
2015/09/23	4.138	4.206	4.138	4.167	92964	389021.72
2015/09/24	4.007	4.007	4.007	4.007	500	2003.50
2015/09/25	4.220	4.222	4.016	4.018	13812	56062.21
2015/09/30	4.100	4.100	4.088	4.100	21800	89358.40
2015/10/08	4.116	4.116	4.116	4.116	1100	4527.60
2015/10/09	4.288	4.288	4.200	4.200	11100	46628.80
2015/10/12	4.480	4.519	4.303	4.500	28300	123785.80
2015/10/13	4.391	4.391	4.391	4.391	4000	17564.00
2015/10/14	4.391	4.493	4.332	4.492	12200	53039.50
2015/10/15	4.487	4.600	4.487	4.598	18100	81397.40
2015/10/16	4.488	4.846	4.488	4.530	36100	164268.30
2015/10/19	4.549	4.787	4.422	4.548	7800	35591.60
2015/10/20	4.797	4.797	4.551	4.570	124500	569770.56
2015/10/21	4.799	4.800	4.593	4.675	138600	639137.63
2015/10/22	4.680	4.680	4.600	4.603	10300	47404.00
2015/10/23	4.699	4.699	4.604	4.659	8400	39107.10
2015/10/26	4.661	4.829	4.661	4.800	2000	9367.80
2015/10/27	4.607	4.969	4.484	4.859	24600	113559.90
2015/10/28	4.898	4.898	4.591	4.699	2300	10723.20
2015/10/29	4.727	4.727	4.710	4.710	10400	48987.40
2015/10/30	4.530	4.836	4.525	4.798	12200	55606.40
2015/11/02	4.611	4.698	4.600	4.678	13700	63428.00
2015/11/03	4.444	4.800	4.444	4.650	22600	103876.40
2015/11/04	4.660	4.853	4.625	4.702	65820	310895.53
2015/11/05	4.990	4.990	4.710	4.800	9600	46723.00
2015/11/06	5.000	5.000	4.694	4.950	81144	398908.41
2015/11/09	4.920	5.046	4.666	5.029	224671	1114174.38
2015/11/10	5.019	5.140	4.999	5.140	289540	1465698.88
2015/11/11	5.035	5.290	5.030	5.278	783606	4080667.50
2015/11/12	5.055	5.235	5.055	5.207	6640	33986.90
2015/11/13	5.082	5.082	5.080	5.081	36140	183640.00
2015/11/16	5.000	5.119	5.000	5.114	34000	170974.50
2015/11/17	5.352	5.352	5.051	5.099	49500	252937.41
2015/11/18	5.100	5.100	4.912	4.912	111200	557097.50
2015/11/19	5.089	5.089	5.009	5.020	73800	369942.59
2015/11/20	5.189	5.189	5.004	5.099	17000	86401.50
2015/11/23	5.099	5.150	5.099	5.113	11600	59164.90
2015/11/24	5.099	5.100	4.980	5.020	8000	40252.10
2015/11/25	5.002	5.140	5.002	5.140	18300	93382.50
2015/11/26	5.140	5.370	5.140	5.201	19500	101328.40
2015/11/27	5.021	5.159	4.801	4.801	24700	123107.10
2015/11/30	4.506	4.997	4.506	4.800	38509	186320.80
2015/12/01	4.567	4.894	4.567	4.893	62300	303427.00
2015/12/02	4.730	4.887	4.700	4.887	73200	344656.19
2015/12/03	4.877	4.972	4.804	4.972	52300	255721.09
2015/12/04	4.900	4.900	4.900	4.900	11600	56840.00
2015/12/07	4.900	4.947	4.900	4.946	37915	185972.47
2015/12/08	4.812	4.878	4.756	4.805	26236	125631.13
2015/12/10	4.863	4.924	4.801	4.861	28537	138727.30
2015/12/14	4.731	4.876	4.731	4.876	53700	257797.50
2015/12/15	4.820	4.970	4.820	4.970	32637	160492.64
2015/12/16	4.905	5.100	4.905	4.941	30900	154214.44
2015/12/17	5.000	5.100	5.000	5.100	46318	234018.30
2015/12/18	5.200	5.200	5.100	5.100	14900	77210.00
2015/12/21	5.100	5.216	5.100	5.209	14300	73210.80
2015/12/22	5.199	5.209	5.190	5.209	34930	181700.38
2015/12/23	5.250	5.300	5.200	5.202	225537	1193364.13
2015/12/24	5.101	5.101	5.101	5.101	100	510.10
2015/12/25	5.100	5.249	5.037	5.249	60000	303540.19
2015/12/28	5.180	5.180	5.100	5.122	28309	145750.50
2015/12/29	5.097	5.100	5.000	5.094	81500	409530.31
2015/12/30	5.100	5.100	5.063	5.100	44201	225425.06
2015/12/31	5.100	5.101	5.000	5.100	69554	350852.56
2016/01/04	4.905	4.905	4.622	4.711	59454	284450.50
2016/01/05	4.690	4.690	4.500	4.601	28112	129120.50
2016/01/06	4.663	4.700	4.596	4.700	133600	615042.50
2016/01/07	4.470	4.470	4.470	4.470	2500	11175.00
2016/01/08	4.690	4.699	4.122	4.380	19600	85236.80
2016/01/11	4.298	4.298	4.090	4.298	6200	26187.20
2016/01/12	4.100	4.470	4.100	4.290	10400	42770.00
2016/01/13	4.190	4.298	4.071	4.130	103484	432881.03
2016/01/14	4.079	4.489	4.079	4.476	11400	46950.60
2016/01/15	4.200	4.200	4.200	4.200	10000	42000.00
2016/01/18	4.010	4.200	4.000	4.200	263019	1054081.00
2016/01/19	4.050	4.228	4.050	4.160	21900	90828.10
2016/01/20	4.225	4.239	4.050	4.100	36460	152225.00
2016/01/21	4.093	4.093	4.093	4.093	100	409.30
2016/01/22	4.020	4.020	3.902	4.011	32200	129001.50
2016/01/25	4.190	4.190	3.986	3.991	15100	61319.94
2016/01/26	3.991	4.100	3.991	3.997	18360	74437.96
2016/01/27	3.800	3.899	3.640	3.850	79800	295426.50
2016/01/28	3.660	3.680	3.660	3.677	4200	15432.40
2016/01/29	3.740	3.800	3.670	3.800	33600	126243.70
2016/02/01	3.850	3.850	3.600	3.809	47400	179093.41
2016/02/02	3.799	3.859	3.799	3.859	13800	52546.60
2016/02/03	3.896	3.900	3.791	3.900	13700	53318.00
2016/02/04	3.998	3.998	3.855	3.876	13100	50784.60
2016/02/05	3.931	3.951	3.928	3.950	8900	35106.80
2016/02/15	3.702	3.900	3.702	3.900	9900	38406.70
2016/02/16	3.805	4.000	3.805	4.000	30800	123138.80
2016/02/17	4.116	4.116	4.004	4.055	58000	235042.91
2016/02/18	4.009	4.050	4.009	4.050	9900	39956.10
2016/02/19	4.059	4.100	4.016	4.098	30000	122469.10
2016/02/22	4.196	4.196	4.100	4.174	4015	16653.10
2016/02/23	4.212	4.212	4.101	4.134	4860	20021.16
2016/02/24	4.101	4.101	4.100	4.100	12400	50842.40
2016/02/25	4.100	4.100	4.000	4.000	23300	94260.00
2016/02/26	3.900	3.900	3.830	3.830	13100	50948.00
2016/02/29	3.750	3.750	3.630	3.630	4200	15409.50
2016/03/01	3.695	3.700	3.695	3.700	26000	96147.50
2016/03/02	3.798	3.994	3.798	3.994	45300	174504.20
2016/03/03	3.900	3.900	3.900	3.900	200	780.00
2016/03/04	3.988	3.988	3.800	3.807	1100	4227.90
2016/03/07	3.842	3.842	3.842	3.842	83	318.89
2016/03/11	3.880	3.880	3.880	3.880	100	388.00
2016/03/14	3.880	3.998	3.880	3.990	12560	48990.08
2016/03/15	3.900	3.900	3.900	3.900	1000	3900.00
2016/03/16	3.900	3.901	3.900	3.901	3900	15211.00
2016/03/17	3.990	3.990	3.990	3.990	300	1197.00
2016/03/18	4.015	4.199	4.015	4.118	66006	275116.50
2016/03/21	4.200	4.200	4.100	4.200	16400	68758.10
2016/03/22	4.095	4.240	4.095	4.240	2460	10169.26
2016/03/23	4.140	4.189	4.130	4.130	8872	36769.04
2016/03/24	4.050	4.190	4.050	4.132	27190	113425.74
2016/03/25	4.100	4.290	4.100	4.241	2800	11739.50
2016/03/28	4.118	4.215	4.118	4.215	51906	217231.05
2016/03/29	4.063	4.100	4.063	4.097	11600	47535.80
2016/03/30	4.159	4.200	4.052	4.200	26700	111818.00
2016/03/31	4.127	4.127	4.127	4.127	10000	41270.00
2016/04/01	4.101	4.229	4.100	4.229	8645	35488.55
2016/04/05	4.210	4.298	4.160	4.298	8290	35191.00
2016/04/06	4.192	4.316	4.192	4.316	7730	32701.05
2016/04/07	4.203	4.357	4.015	4.138	12790	52586.60
2016/04/08	4.170	4.170	4.101	4.152	8065	33575.36
2016/04/11	4.182	4.395	4.182	4.348	1800	7668.50
2016/04/12	4.200	4.205	4.200	4.205	12490	52489.00
2016/04/13	4.626	4.626	4.201	4.373	13600	57329.80
2016/04/14	4.339	4.349	4.210	4.343	6400	27560.70
2016/04/15	4.332	4.360	4.301	4.310	9500	41255.60
2016/04/18	4.301	4.301	4.200	4.200	3700	15893.50
2016/04/20	4.200	4.200	4.200	4.200	10000	42000.00
2016/04/21	4.000	4.199	4.000	4.050	1500	6037.90
2016/04/22	4.050	4.109	4.002	4.109	2400	9786.00
2016/04/25	3.890	4.298	3.890	4.298	11700	47744.90
2016/04/26	4.100	4.189	4.100	4.189	200	828.90
2016/04/27	4.178	4.178	4.178	4.178	9300	38855.40
2016/04/28	4.100	4.100	4.100	4.100	200	820.00
2016/04/29	4.177	4.177	4.177	4.177	8000	33416.00
2016/05/03	4.183	4.200	4.160	4.200	50587	211464.53
2016/05/04	4.082	4.200	4.082	4.200	10300	43224.60
2016/05/06	4.280	4.300	4.200	4.200	61300	258576.50
2016/05/10	4.099	4.100	4.099	4.100	12100	49607.50
2016/05/11	4.100	4.100	4.100	4.100	2100	8610.00
2016/05/12	4.000	4.100	4.000	4.100	20000	81000.00
2016/05/16	4.099	4.099	4.099	4.099	300	1229.70
2016/05/18	3.930	3.930	3.930	3.930	200	786.00
2016/05/19	4.000	4.061	4.000	4.051	7200	29153.40
2016/05/24	4.023	4.023	4.023	4.023	200	804.60
2016/05/25	4.023	4.049	4.023	4.049	6300	25378.70
2016/05/26	3.889	4.090	3.889	4.087	12700	51502.40
2016/05/27	3.900	4.087	3.900	4.087	118700	478391.81
2016/05/30	3.946	4.084	3.946	4.080	6300	25620.20
2016/05/31	3.931	4.154	3.931	4.154	26599	108391.66
2016/06/01	4.039	4.200	4.039	4.176	14700	61281.40
2016/06/02	4.300	4.514	4.057	4.155	2500	10680.90
2016/06/03	4.069	4.247	4.069	4.200	9500	39829.80
2016/06/06	4.457	4.457	4.250	4.250	13100	56151.00
2016/06/07	4.200	4.284	4.106	4.284	12500	52499.00
2016/06/08	4.200	4.279	4.037	4.203	17500	73249.40
2016/06/13	4.102	4.199	3.951	3.951	14100	57964.80
2016/06/14	4.344	4.344	3.754	3.911	900	3477.80
2016/06/15	4.298	4.298	4.000	4.100	25087	102923.30
2016/06/16	4.199	4.199	4.199	4.199	2400	10077.60
2016/06/17	4.112	4.198	4.112	4.198	2607	10780.08
2016/06/20	4.128	4.128	4.128	4.128	100	412.80
2016/06/21	4.293	4.293	4.145	4.145	12400	52199.70
2016/06/22	4.379	4.379	3.944	4.186	8700	36227.40
2016/06/23	4.023	4.199	4.023	4.199	15400	63584.80
2016/06/24	4.100	4.195	4.051	4.101	6900	28216.10
2016/06/27	3.981	4.192	3.981	4.187	5395	22336.21
2016/06/28	4.185	4.594	4.185	4.470	9657	40762.60
2016/06/29	4.380	4.380	4.125	4.279	3395	14491.10
2016/06/30	4.499	4.499	4.181	4.181	24100	102305.70
2016/07/01	4.063	4.315	4.063	4.274	5715	24252.73
2016/07/04	4.698	4.698	4.083	4.269	17900	75119.60
2016/07/05	4.183	4.263	4.183	4.250	10100	42690.60
2016/07/06	4.665	4.665	4.200	4.261	2600	11245.30
2016/07/07	4.270	4.270	4.270	4.270	100	427.00
2016/07/08	4.232	4.282	4.232	4.282	9300	39707.60
2016/07/11	4.299	4.299	4.222	4.299	11884	50189.65
2016/07/12	4.221	4.328	4.220	4.328	14795	63126.64
2016/07/13	4.330	4.378	4.324	4.363	29600	129323.90
2016/07/14	4.360	4.409	4.360	4.409	28095	123580.73
2016/07/15	4.279	4.428	4.279	4.427	10700	47349.30
2016/07/18	4.263	4.468	4.263	4.434	27200	120640.30
2016/07/19	4.490	4.708	4.270	4.319	1900	8448.30
2016/07/20	4.260	4.367	4.260	4.357	3400	14524.80
2016/07/21	4.251	4.390	4.251	4.389	3200	13963.70
2016/07/22	4.440	4.707	4.351	4.351	2600	11536.00
2016/07/25	4.359	4.359	4.359	4.359	287	1251.03
2016/07/26	4.208	4.391	4.207	4.391	1000	4225.80
2016/07/27	4.400	4.694	4.256	4.256	52100	226737.91
2016/07/28	4.019	4.619	4.019	4.619	27000	113370.80
2016/07/29	4.616	4.616	4.229	4.229	13400	56900.10
2016/08/01	4.198	4.198	4.198	4.198	1000	4198.00
2016/08/02	4.001	4.592	4.001	4.498	26847	114744.16
2016/08/03	4.293	4.490	4.117	4.490	36547	154306.00
2016/08/04	4.173	4.450	4.173	4.245	11100	47935.30
2016/08/05	4.430	4.430	4.204	4.364	6600	28375.30
2016/08/08	4.203	4.499	4.203	4.300	12100	51670.20
2016/08/09	4.250	4.316	4.211	4.283	23000	98143.90
2016/08/10	4.316	4.316	4.175	4.272	28300	119637.80
2016/08/11	4.270	4.270	4.206	4.228	15500	65848.10
2016/08/12	4.093	4.248	4.093	4.247	9100	38350.60
2016/08/15	4.297	4.386	4.162	4.380	28992	124498.46
2016/08/16	4.377	4.397	4.345	4.397	14492	63452.38
2016/08/17	4.282	4.437	4.282	4.437	1600	6927.60
2016/08/18	4.478	4.478	4.321	4.391	16800	73915.20
2016/08/19	4.319	4.418	4.319	4.418	5500	23784.20
2016/08/22	4.400	4.429	4.288	4.429	11900	52274.60
2016/08/23	4.438	4.438	4.317	4.317	5616	24326.69
2016/08/24	4.347	4.349	4.341	4.341	5600	24326.20
2016/08/25	4.211	4.480	4.211	4.480	25600	109724.30
2016/08/26	4.477	4.478	4.361	4.361	3700	16240.60
2016/08/29	4.236	4.370	4.236	4.357	3200	13728.70
2016/08/30	4.444	4.444	4.306	4.306	6900	30113.70
2016/08/31	4.437	4.437	4.437	4.437	100	443.70
2016/09/02	4.305	4.340	4.305	4.319	3600	15560.50
2016/09/05	4.321	4.336	4.321	4.336	900	3890.40
2016/09/06	4.339	4.358	4.339	4.358	3400	14789.80
2016/09/07	4.399	4.399	4.372	4.372	3000	13121.50
2016/09/09	4.273	4.400	4.273	4.400	12960	55640.06
2016/09/12	4.265	4.350	4.245	4.250	36000	154726.41
2016/09/13	4.210	4.220	4.210	4.220	1000	4217.80
2016/09/14	4.224	4.225	4.224	4.225	4300	18163.70
2016/09/19	4.221	4.270	4.221	4.265	3500	14928.10
2016/09/20	4.251	4.251	4.250	4.251	3300	14028.20
2016/09/21	4.260	4.261	4.260	4.260	500	2130.10
2016/09/22	4.219	4.328	4.219	4.273	14751	63240.17
2016/09/23	4.260	4.260	4.259	4.260	9548	40671.68
2016/09/26	4.261	4.327	4.201	4.300	3700	15800.20
2016/09/27	4.187	4.190	4.187	4.190	2048	8575.12
2016/09/28	4.186	4.234	4.186	4.230	4703	19895.16
2016/09/29	4.209	4.209	4.209	4.209	2200	9259.80
2016/09/30	4.296	4.340	4.260	4.260	6500	27894.80
2016/10/10	4.250	4.300	4.250	4.299	12400	53312.70
2016/10/11	4.251	4.299	4.251	4.299	3648	15606.50
2016/10/12	4.304	4.308	4.251	4.308	4700	20132.30
2016/10/13	4.267	4.376	4.267	4.376	2000	8548.50
2016/10/14	4.302	4.302	4.293	4.293	1900	8172.90
2016/10/17	4.300	4.314	4.253	4.314	10700	46001.50
2016/10/18	4.269	4.290	4.269	4.290	12100	51868.20
2016/10/19	4.350	4.350	4.292	4.292	9000	38816.30
2016/10/20	4.291	4.439	4.253	4.330	6100	26663.40
2016/10/21	4.306	4.306	4.306	4.306	300	1291.80
2016/10/24	4.261	4.327	4.205	4.327	12000	51275.50
2016/10/25	4.323	4.324	4.285	4.299	40900	175742.20
2016/10/26	4.299	4.338	4.262	4.336	12400	53159.50
2016/10/27	4.321	4.321	4.318	4.320	3500	15120.20
2016/10/28	4.251	4.301	4.250	4.301	26400	112237.60
2016/10/31	4.222	4.294	4.222	4.294	600	2546.60
2016/11/01	4.259	4.285	4.259	4.285	18400	78761.30
2016/11/02	4.251	4.300	4.200	4.300	20648	87462.55
2016/11/03	4.227	4.295	4.227	4.295	6348	27018.64
2016/11/04	4.295	4.295	4.231	4.250	33600	142532.09
2016/11/07	4.200	4.277	4.200	4.274	28200	118678.30
2016/11/08	4.288	4.288	4.251	4.254	5100	21733.30
2016/11/09	4.250	4.250	4.250	4.250	25000	106250.00
2016/11/10	4.289	4.290	4.289	4.289	3500	15011.60
2016/11/11	4.228	4.296	4.228	4.279	500	2136.20
2016/11/14	4.299	4.316	4.299	4.301	46692	200900.50
2016/11/15	4.328	4.348	4.328	4.336	1200	5203.36
2016/11/16	4.331	4.347	4.290	4.347	31879	137147.19
2016/11/17	4.330	4.331	4.330	4.331	200	866.10
2016/11/18	4.333	4.333	4.333	4.333	400	1733.20
2016/11/22	4.271	4.326	4.271	4.326	1712	7327.65
2016/11/23	4.280	4.341	4.280	4.341	700	3020.40
2016/11/24	4.280	4.299	4.279	4.299	15584	66703.52
2016/11/25	4.257	4.292	4.257	4.292	24116	102905.81
2016/11/28	4.302	4.345	4.300	4.345	5516	23732.51
2016/11/29	4.301	4.334	4.301	4.334	4000	17327.80
2016/11/30	4.301	4.301	4.301	4.301	1400	6021.40
2016/12/01	4.320	4.365	4.320	4.365	900	3895.10
2016/12/02	4.320	4.331	4.263	4.331	11000	47469.80
2016/12/05	4.289	4.290	4.260	4.290	7653	32612.78
2016/12/06	4.250	4.250	4.250	4.250	500	2125.00
2016/12/07	4.240	4.268	4.231	4.231	38200	161885.59
2016/12/08	4.240	4.250	4.240	4.248	2500	10621.00
2016/12/09	4.202	4.235	4.202	4.235	10200	42868.80
2016/12/12	4.181	4.181	4.048	4.048	13700	57151.80
2016/12/13	4.021	4.050	4.019	4.050	1200	4844.50
2016/12/14	4.052	4.052	4.019	4.028	7236	29273.97
2016/12/15	4.010	4.055	4.010	4.055	4854	19682.70
2016/12/22	4.003	4.070	4.000	4.070	4006	16172.02
2016/12/26	4.029	4.029	4.029	4.029	200	805.80
2017/01/04	3.999	4.050	3.999	4.050	10100	40899.90
2017/01/13	3.950	4.000	3.950	4.000	600	2395.00
2017/01/16	4.000	4.000	3.800	3.814	16600	63364.70
2017/01/17	3.838	3.840	3.629	3.840	53300	202514.50
2017/01/19	3.830	3.830	3.829	3.830	10700	40978.00
2017/01/20	3.898	4.169	3.898	4.037	21100	85189.30
2017/01/23	3.870	4.160	3.870	4.110	3000	12045.00
2017/01/24	3.936	3.940	3.701	3.940	21300	80293.70
2017/01/25	3.886	3.939	3.886	3.932	21000	82565.40
2017/01/26	4.090	4.090	3.900	3.900	900	3529.00
2017/02/03	3.960	3.960	3.850	3.959	7330	28655.63
2017/02/06	4.032	4.032	4.032	4.032	100	403.20
2017/02/07	3.920	3.975	3.920	3.975	500	1965.50
2017/02/08	3.948	3.948	3.948	3.948	500	1974.00
2017/02/09	3.943	3.959	3.943	3.959	4730	18719.67
2017/02/10	4.000	4.000	4.000	4.000	1600	6400.00
2017/02/13	3.950	3.950	3.940	3.940	3600	14218.00
2017/02/14	3.940	4.047	3.900	3.980	331600	1300690.25
2017/02/15	3.960	3.976	3.935	3.976	36200	142808.59
2017/02/16	3.948	3.969	3.948	3.969	5700	22506.90
2017/02/17	3.955	3.964	3.955	3.964	10300	40737.40
2017/02/20	3.940	3.978	3.940	3.978	15000	59252.12
2017/02/21	3.968	4.047	3.930	4.047	31790	126286.99
2017/02/22	4.010	4.028	4.010	4.028	6600	26475.30
2017/02/23	4.028	4.160	4.027	4.100	390394	1574594.00
2017/02/24	4.040	4.040	4.025	4.025	600	2418.00
2017/03/02	4.012	4.012	4.012	4.012	100	401.20
2017/03/03	4.028	4.030	4.009	4.009	387094	1559986.00
2017/03/06	4.030	4.160	4.030	4.032	396494	1598834.25
2017/03/07	4.030	4.435	4.030	4.206	111320	481646.44
2017/03/08	4.031	4.206	4.031	4.201	1314	5518.23
2017/03/09	4.573	4.573	4.345	4.440	12700	56066.60
2017/03/13	4.006	4.544	4.006	4.530	2500	10969.40
2017/03/14	4.202	4.520	4.202	4.300	13000	55809.00
2017/03/15	4.100	4.203	4.100	4.199	1300	5451.60
2017/03/16	4.268	4.300	4.265	4.300	6200	26474.40
2017/03/17	4.077	4.350	4.077	4.114	7406	30611.70
2017/03/20	4.021	4.179	4.021	4.099	3700	15071.00
2017/03/21	4.070	4.084	4.070	4.084	1300	5295.20
2017/03/22	4.071	4.071	4.010	4.071	5800	23599.40
2017/03/23	4.071	4.280	4.004	4.199	700	2870.00
2017/03/24	4.080	4.197	4.080	4.197	4000	16331.70
2017/03/28	4.296	4.296	4.083	4.236	700	2894.70
2017/03/31	3.930	4.168	3.930	4.168	9200	36504.40
2017/04/05	3.981	4.240	3.981	4.240	3700	15161.90
2017/04/06	4.124	4.184	4.085	4.184	9100	37844.20
2017/04/10	4.102	4.148	4.091	4.148	19513	80006.95
2017/04/11	4.116	4.116	4.116	4.116	200	823.20
2017/04/12	4.106	4.106	4.091	4.091	300	1230.30
2017/04/13	4.110	4.500	4.093	4.200	19213	83493.49
2017/04/14	4.120	4.198	4.112	4.112	22600	93401.40
2017/04/17	4.128	4.128	4.128	4.128	500	2064.00
2017/04/18	4.112	4.199	4.111	4.199	6700	27557.50
2017/04/19	4.000	4.000	4.000	4.000	2300	9200.00
2017/04/20	4.223	4.223	4.002	4.200	22536	93914.55
2017/04/21	4.045	4.190	4.000	4.184	19000	76341.40
2017/04/24	3.960	4.026	3.960	4.026	200	798.60
2017/04/25	4.089	4.089	3.866	3.996	900	3538.50
2017/04/26	3.980	4.020	3.963	3.979	3836	15333.10
2017/04/27	3.960	4.194	3.960	3.999	18201	72382.86
2017/04/28	3.989	4.006	3.952	4.006	8260	32873.14
2017/05/02	3.889	4.049	3.889	4.049	12001	46687.89
2017/05/03	3.981	4.037	3.913	4.008	11800	46674.00
2017/05/04	3.960	3.990	3.907	3.990	9300	36538.80
2017/05/05	3.953	3.953	3.938	3.938	3100	12209.30
2017/05/08	3.910	3.959	3.902	3.959	3000	11729.30
2017/05/09	3.940	3.940	3.854	3.916	1800	6961.60
2017/05/10	3.916	3.940	3.916	3.940	6000	23615.00
2017/05/11	3.853	3.919	3.853	3.908	8680	33498.00
2017/05/12	3.947	3.947	3.928	3.928	3700	14546.10
2017/05/15	3.927	3.927	3.927	3.927	2800	10995.60
2017/05/16	3.928	3.950	3.928	3.950	10200	40239.20
2017/05/17	3.942	4.100	3.942	4.030	36480	147603.50
2017/05/18	4.022	4.022	4.022	4.022	700	2815.40
2017/05/19	3.942	3.942	3.942	3.942	600	2365.20
2017/05/22	4.000	4.008	3.998	4.000	8500	34015.80
2017/06/06	3.800	3.800	3.800	3.800	60	228.00
2017/06/07	3.951	4.099	3.951	4.066	8586	34915.32
2017/06/08	4.260	4.472	4.029	4.290	39500	169322.30
2017/06/09	4.204	4.204	4.054	4.186	29200	119241.90
2017/06/12	4.078	4.078	4.021	4.076	2800	11313.90
2017/06/13	4.040	4.060	4.006	4.057	7400	29951.50
2017/06/14	4.041	4.091	4.041	4.091	16700	67498.90
2017/06/15	4.050	4.122	3.711	3.711	12706	51495.96
2017/06/16	4.080	4.080	4.050	4.051	10400	42276.10
2017/06/19	4.050	4.069	3.992	4.069	1300	5275.60
2017/06/20	4.087	4.087	4.087	4.087	100	408.70
2017/06/21	4.059	4.087	4.000	4.080	3013	12298.44
2017/06/22	4.100	4.139	4.014	4.100	6706	27500.32
2017/06/23	4.099	4.100	4.072	4.100	10606	43357.59
2017/06/26	4.138	4.180	4.138	4.180	7706	32017.16
2017/06/27	4.166	4.180	4.156	4.180	5900	24569.70
2017/06/28	4.176	4.176	4.156	4.168	2900	12059.50
2017/06/29	4.150	4.190	4.067	4.190	500	2069.90
2017/06/30	4.131	4.176	4.088	4.176	3406	14091.18
2017/07/03	4.160	4.160	4.160	4.160	100	416.00
2017/07/04	4.148	4.148	4.148	4.148	100	414.80
2017/07/05	4.160	4.160	4.140	4.158	518011	2144785.00
2017/07/06	4.164	4.199	4.155	4.194	15700	65348.60
2017/07/07	4.200	4.200	4.160	4.160	16511	69285.78
2017/07/10	4.161	4.161	4.161	4.161	2900	12066.90
2017/07/11	4.170	4.170	4.085	4.159	3384	14104.65
2017/07/13	4.129	4.150	4.129	4.150	3800	15753.20
2017/07/14	4.118	4.118	4.118	4.118	6666	27450.59
2017/07/17	4.072	4.226	3.959	4.098	7003	28650.03
2017/07/18	4.011	4.011	3.970	3.970	11200	44649.00
2017/07/19	3.988	4.108	3.936	4.108	14106	56011.76
2017/07/20	4.050	4.089	3.964	4.089	14203	57626.51
2017/07/21	4.075	4.087	4.060	4.087	300	1222.20
2017/07/24	4.031	4.136	4.031	4.136	6700	27248.60
2017/07/25	4.070	4.083	4.070	4.083	300	1223.60
2017/07/26	4.026	4.058	4.026	4.058	1200	4850.20
2017/07/27	4.036	4.109	4.036	4.109	2300	9340.30
2017/07/28	4.085	4.109	4.023	4.109	3700	15115.70
2017/08/01	4.091	4.132	4.026	4.132	1800	7360.40
2017/08/02	4.092	4.100	4.092	4.098	500	2048.80
2017/08/04	4.070	4.136	4.070	4.136	3000	12229.30
2017/08/07	4.144	4.144	4.144	4.144	2000	8288.00
2017/08/09	4.088	4.127	4.088	4.127	1400	5734.00
2017/08/11	3.980	4.056	3.980	4.056	1400	5615.60
2017/08/14	4.059	4.142	4.059	4.142	20247	82315.02
2017/08/15	4.138	4.200	4.138	4.180	44167	185014.30
2017/08/16	4.248	4.248	4.097	4.190	13526	56687.84
2017/08/17	4.190	4.190	4.190	4.190	4148	17380.12
2017/08/18	4.190	4.190	4.190	4.190	11200	46928.00
2017/08/21	4.172	4.172	4.166	4.166	6152	25631.63
2017/08/23	4.163	4.163	4.163	4.163	4542	18908.35
2017/08/24	4.160	4.160	4.160	4.160	200	832.00
2017/08/25	4.175	4.177	4.160	4.168	9142	38179.46
2017/08/28	4.175	4.236	4.175	4.222	13155	55338.40
2017/08/29	4.229	4.229	4.229	4.229	2142	9058.52
2017/08/30	4.196	4.248	4.196	4.225	3880	16415.42
2017/08/31	4.240	4.240	4.240	4.240	900	3816.00
2017/09/01	4.240	4.260	4.240	4.260	1800	7646.00
2017/09/04	4.282	4.310	4.282	4.305	8200	35217.70
2017/09/05	4.310	4.313	4.310	4.310	4500	19395.14
2017/09/06	4.276	4.329	4.276	4.329	7900	34086.70
2017/09/07	4.345	4.345	4.345	4.345	5000	21725.00
2017/09/08	4.310	4.311	4.310	4.311	1100	4742.00
2017/09/11	4.317	4.317	4.317	4.317	1000	4317.00
2017/09/12	4.350	4.395	4.272	4.394	10600	46427.30
2017/09/15	4.367	4.367	4.300	4.301	17675	76034.80
2017/09/18	4.322	4.380	4.322	4.380	42773	186712.08
2017/09/19	4.396	4.396	4.396	4.396	5000	21980.00
2017/09/21	4.415	4.415	4.415	4.415	6200	27373.00
2017/09/25	4.317	4.317	4.317	4.317	5073	21900.14
2017/09/26	4.317	4.327	4.317	4.326	1400	6055.80
2017/09/27	4.371	4.371	4.371	4.371	700	3059.70
2017/09/28	4.356	4.356	4.356	4.356	6000	26136.00
2017/09/29	4.367	4.435	4.367	4.435	3100	13544.50
2017/10/09	4.434	4.445	4.434	4.445	14762	65603.99
2017/10/11	4.458	4.470	4.458	4.469	103300	460547.41
2017/10/12	4.468	4.475	4.450	4.450	19300	86109.00
2017/10/13	4.486	4.500	4.450	4.500	67741	304041.25
2017/10/16	4.471	4.499	4.471	4.482	8490	38068.32
2017/10/17	4.489	4.490	4.489	4.490	7600	34122.00
2017/10/18	4.462	4.490	4.462	4.490	700	3137.40
2017/10/19	4.468	4.469	4.468	4.468	1900	8489.50
2017/10/20	4.467	4.467	4.467	4.467	1200	5360.40
2017/10/24	4.498	4.499	4.460	4.499	2800	12590.50
2017/10/25	4.509	4.525	4.496	4.525	8800	39650.00
2017/10/26	4.548	4.572	4.548	4.572	5700	25971.60
2017/11/01	4.528	4.528	4.504	4.504	2239	10106.96
2017/11/02	4.483	4.483	4.483	4.483	10300	46174.90
2017/11/03	4.498	4.498	4.426	4.465	2503	11184.19
2017/11/06	4.497	4.548	4.429	4.548	2100	9428.40
2017/11/07	4.558	4.559	4.536	4.559	2300	10472.80
2017/11/08	4.559	4.600	4.559	4.561	8317	38037.94
2017/11/09	4.558	4.563	4.558	4.562	5800	26459.45
2017/11/10	4.600	4.610	4.577	4.598	10400	47840.50
2017/11/13	4.638	4.672	4.611	4.670	4109	19026.40
2017/11/14	4.670	4.670	4.650	4.650	900	4193.00
2017/11/15	4.596	4.596	4.576	4.576	1100	5036.80
2017/11/16	4.630	4.630	4.616	4.630	13336	61700.08
2017/11/17	4.610	4.666	4.552	4.666	22103	103063.40
2017/11/20	4.533	4.580	4.533	4.577	5530	25287.90
2017/11/21	4.652	4.743	4.652	4.743	8300	39194.10
2017/11/22	4.681	4.928	4.680	4.730	42080	203425.59
2017/11/23	4.686	4.687	4.686	4.686	2300	10778.30
2017/11/27	4.455	4.515	4.455	4.515	1000	4508.80
2017/11/29	4.506	4.508	4.506	4.508	4500	20285.60
2017/12/01	4.811	4.811	4.470	4.590	1000	4564.10
2017/12/04	4.486	4.500	4.486	4.500	400	1798.60
2017/12/05	4.480	4.526	4.450	4.526	17500	78900.90
2017/12/06	4.900	4.900	4.451	4.453	6400	30275.50
2017/12/07	4.413	4.413	4.413	4.413	36	158.87
2017/12/11	4.451	4.500	4.451	4.500	1300	5801.00
2017/12/12	4.510	4.510	4.508	4.508	1100	4959.00
2017/12/13	4.450	4.926	4.450	4.926	1000	4498.00
2017/12/14	4.520	4.568	4.453	4.540	22900	104491.30
2017/12/19	4.500	4.500	4.500	4.500	7	31.50
2017/12/21	4.450	4.580	4.450	4.580	200	903.00
2017/12/26	4.478	4.496	4.478	4.496	2527	11323.38
2017/12/28	4.543	4.543	4.543	4.543	100	454.30
2017/12/29	4.510	4.510	4.510	4.510	100	451.00
2018/01/02	4.480	4.490	4.470	4.490	9730	43568.10
2018/01/03	4.500	4.553	4.432	4.553	3800	17105.90
2018/01/05	4.498	4.498	4.498	4.498	3500	15743.00
2018/01/08	4.536	4.536	4.477	4.502	400	1801.70
2018/01/09	4.490	4.497	4.466	4.497	38700	172946.59
2018/01/10	4.488	4.488	4.487	4.487	200	897.50
2018/01/11	4.486	4.514	4.486	4.490	8400	37705.40
2018/01/12	4.480	4.598	4.480	4.598	9190	41183.00
2018/01/15	4.485	4.565	4.464	4.565	4300	19270.80
2018/01/16	4.524	4.598	4.461	4.598	8527	38611.34
2018/01/17	4.502	4.687	4.468	4.580	9527	42946.85
2018/01/18	4.490	4.558	4.453	4.539	11700	52613.20
2018/01/19	4.488	4.494	4.293	4.293	11600	50272.90
2018/01/22	4.460	4.532	4.450	4.532	11700	52208.20
2018/01/23	4.500	4.546	4.460	4.546	5042	22619.52
2018/01/24	4.485	4.543	4.428	4.543	300	1345.60
2018/01/25	4.535	4.544	4.457	4.542	4800	21768.80
2018/01/26	4.540	4.550	4.524	4.524	13500	61211.20
2018/01/29	4.480	4.480	4.480	4.480	1000	4480.00
2018/01/30	4.462	4.462	4.461	4.461	500	2230.80
2018/01/31	4.335	4.380	4.328	4.380	1900	8252.40
2018/02/01	4.360	4.430	4.253	4.430	5200	22607.50
2018/02/02	4.276	4.384	4.213	4.384	1500	6400.80
2018/02/05	4.270	4.570	4.270	4.346	15100	65950.40
2018/02/06	4.193	4.193	4.087	4.166	10200	42440.00
2018/02/07	4.042	4.080	4.042	4.080	4000	16221.20
2018/02/08	4.169	4.169	4.169	4.169	1000	4169.00
2018/02/09	3.971	3.971	3.971	3.971	100	397.10
2018/02/14	4.200	4.200	4.200	4.200	100	420.00
2018/02/22	4.378	4.378	4.200	4.259	2800	11890.50
2018/02/23	4.240	4.303	4.205	4.303	3800	16028.30
2018/02/26	4.235	4.329	4.235	4.329	25248	108067.82
2018/02/27	4.300	4.300	4.275	4.277	642	2747.53
2018/02/28	4.278	4.287	4.278	4.287	11000	47076.00
2018/03/01	4.299	4.310	4.289	4.289	7121	30640.98
2018/03/02	4.326	4.326	4.295	4.322	9100	39235.10
2018/03/05	4.290	4.308	4.234	4.308	1400	5987.90
2018/03/06	4.313	4.324	4.302	4.324	12903	55535.11
2018/03/07	4.350	4.350	4.330	4.330	5603	24323.17
2018/03/08	4.337	4.337	4.337	4.337	8500	36864.50
2018/03/09	4.382	4.382	4.378	4.382	9300	40733.00
2018/03/12	4.383	4.556	4.383	4.547	21466	97342.44
2018/03/13	4.550	4.575	4.550	4.550	14800	67487.60
2018/03/14	4.480	4.527	4.432	4.465	1103	4957.80
2018/03/15	4.432	4.456	4.388	4.417	2300	10189.10
2018/03/16	4.442	4.442	4.442	4.442	400	1776.80
2018/03/19	4.454	4.454	4.454	4.454	1100	4899.40
2018/03/20	4.390	4.490	4.390	4.490	10366	45556.94
2018/03/21	4.470	4.500	4.341	4.438	1400	6250.30
2018/03/22	4.375	4.375	4.375	4.375	900	3937.50
2018/03/23	4.300	4.300	4.182	4.239	3700	15661.70
2018/03/26	4.228	4.400	4.110	4.400	84897	349785.88
2018/03/27	4.215	4.316	4.142	4.316	8100	34057.90
2018/03/28	4.200	4.232	4.200	4.232	697	2933.80
2018/03/29	4.228	4.290	4.210	4.290	13300	56032.80
2018/03/30	4.239	4.270	4.239	4.270	1300	5513.80
2018/04/02	4.270	4.290	4.270	4.279	17224	73700.80
2018/04/03	4.200	4.200	4.200	4.200	8000	33600.00
2018/04/04	4.202	4.202	4.202	4.202	1000	4202.00
2018/04/09	4.160	4.162	4.160	4.162	900	3744.80
2018/04/11	4.210	4.210	4.210	4.210	700	2947.00
2018/04/12	4.170	4.170	4.170	4.170	11300	47121.00
2018/04/13	4.172	4.172	4.172	4.172	1000	4172.00
2018/04/17	4.203	4.588	4.152	4.152	8100	34904.20
2018/04/18	4.113	4.150	4.111	4.148	8800	36275.80
2018/04/19	4.198	4.198	4.198	4.198	400	1679.20
2018/04/20	4.140	4.140	4.140	4.140	400	1656.00
2018/04/23	4.090	4.090	4.089	4.089	900	3680.50
2018/04/24	4.140	4.497	4.140	4.243	5200	22473.20
2018/04/25	4.142	4.248	4.142	4.148	700	2925.80
2018/04/26	4.144	4.144	4.022	4.095	2803	11494.47
2018/04/27	4.030	4.090	4.030	4.090	401	1622.03
2018/05/02	4.065	4.065	4.065	4.065	100	406.50
2018/05/03	4.079	4.084	4.079	4.084	201	820.88
2018/05/08	4.101	4.166	4.101	4.166	2100	8742.10
2018/05/11	4.210	4.210	4.150	4.170	303	1263.45
2018/05/14	4.229	4.245	4.201	4.245	6300	26547.20
2018/05/15	4.210	4.239	4.210	4.239	3400	14348.80
2018/05/16	4.273	4.273	4.273	4.273	100	427.30
2018/05/18	4.199	4.298	4.199	4.262	10700	45543.00
2018/05/21	4.224	4.224	4.224	4.224	100	422.40
2018/05/22	4.291	4.291	4.291	4.291	300	1287.30
2018/05/25	4.165	4.178	4.165	4.178	200	834.30
2018/05/28	4.178	4.228	4.178	4.182	1300	5436.60
2018/05/30	4.130	4.130	4.093	4.093	1200	4915.30
2018/05/31	4.050	4.080	3.970	4.080	7530	30235.40
2018/06/01	4.109	4.470	4.082	4.082	11300	48081.20
2018/06/04	4.076	4.094	4.050	4.094	1100	4467.20
2018/06/05	4.114	4.139	4.114	4.139	500	2059.50
2018/06/06	4.170	4.170	4.170	4.170	100	417.00
2018/06/08	4.140	4.140	4.140	4.140	100	414.00
2018/06/11	4.080	4.108	4.080	4.108	10200	41638.80
2018/06/12	4.094	4.199	4.094	4.149	4800	19888.44
2018/06/19	4.000	4.000	3.905	3.905	3400	13323.00
2018/06/20	3.786	3.915	3.786	3.915	1300	4937.10
2018/06/21	3.772	3.890	3.770	3.890	600	2274.80
2018/06/22	3.698	3.868	3.698	3.789	7000	26415.80
2018/06/25	3.750	3.786	3.747	3.786	2200	8250.60
2018/06/26	3.697	3.781	3.697	3.781	6400	23850.20
2018/06/29	3.720	3.817	3.720	3.799	2300	8572.40
2018/07/02	3.890	3.890	3.690	3.774	1600	5952.20
2018/07/03	3.680	3.763	3.621	3.763	14000	51089.50
2018/07/04	3.630	3.717	3.612	3.717	11500	41941.70
2018/07/05	3.642	3.642	3.616	3.637	2500	9074.10
2018/07/06	3.605	3.643	3.605	3.643	300	1085.30
2018/07/09	3.648	3.725	3.648	3.725	1200	4391.10
2018/07/12	3.716	3.732	3.708	3.731	19600	73010.10
2018/07/13	3.781	3.781	3.781	3.781	22704	85843.82
2018/07/17	3.797	3.797	3.717	3.749	5200	19734.80
2018/07/18	3.748	3.748	3.646	3.697	200	739.40
2018/07/19	3.700	3.700	3.650	3.650	14200	51839.00
2018/07/20	3.694	3.748	3.672	3.748	14300	52922.50
2018/07/23	3.778	3.778	3.778	3.778	100	377.80
2018/07/24	3.777	3.780	3.777	3.780	5600	21158.40
2018/07/25	3.780	3.780	3.772	3.772	200	755.20
2018/07/26	3.772	3.800	3.772	3.798	10900	41415.20
2018/07/27	3.729	3.840	3.721	3.721	16299	61882.88
2018/07/30	3.787	3.787	3.711	3.711	12600	47625.00
2018/07/31	3.783	3.783	3.783	3.783	1100	4161.30
2018/08/01	3.697	3.698	3.697	3.698	4800	17746.60
2018/08/02	3.596	3.600	3.516	3.523	4900	17395.80
2018/08/03	3.523	3.523	3.480	3.480	3500	12266.00
2018/08/06	3.443	3.443	3.442	3.442	3600	12391.70
2018/08/07	3.420	3.471	3.410	3.471	25900	88682.80
2018/08/08	3.472	3.472	3.472	3.472	3000	10416.00
2018/08/09	3.438	3.497	3.438	3.497	11900	41339.00
2018/08/13	3.503	3.503	3.503	3.503	100	350.30
2018/08/16	3.340	3.430	3.340	3.430	14660	49579.28
2018/08/17	3.365	3.465	3.365	3.463	5200	18008.00
2018/08/20	3.448	3.448	3.326	3.349	3800	12680.70
2018/08/21	3.342	3.439	3.342	3.430	3800	12864.50
2018/08/23	3.388	3.442	3.388	3.442	9000	30497.40
2018/08/24	3.396	3.497	3.396	3.489	8700	30114.20
2018/08/27	3.436	3.498	3.374	3.498	3900	13425.20
2018/08/29	3.445	3.450	3.445	3.450	2200	7579.50
2018/08/31	3.402	3.418	3.370	3.370	1200	4095.20
2018/09/03	3.363	3.363	3.363	3.363	100	336.30
2018/09/04	3.360	3.360	3.360	3.360	5500	18480.00
2018/09/05	3.370	3.370	3.370	3.370	100	337.00
2018/09/06	3.385	3.435	3.328	3.328	10900	37143.00
2018/09/14	3.288	3.288	3.288	3.288	1800	5918.40
2018/09/17	3.239	3.239	3.239	3.239	6800	22025.20
2018/09/18	3.210	3.210	3.210	3.210	7530	24171.30
2018/09/19	3.210	3.210	3.210	3.210	6200	19902.00
2018/09/20	3.220	3.220	3.220	3.220	2000	6440.00
2018/09/21	3.228	3.290	3.228	3.290	12100	39374.80
2018/09/25	3.328	3.380	3.266	3.266	10100	33719.60
2018/09/26	3.300	3.300	3.300	3.300	400	1320.00
2018/10/08	3.289	3.289	3.193	3.193	1800	5800.20
2018/10/09	3.180	3.180	3.172	3.172	2800	8895.20
2018/10/10	3.173	3.173	3.173	3.173	400	1269.20
2018/10/11	3.120	3.120	3.058	3.119	400	1235.50
2018/10/16	2.975	3.119	2.975	3.119	600	1799.40
2018/10/17	2.940	3.159	2.940	3.159	7500	22120.40
2018/10/18	2.925	3.139	2.912	3.139	1500	4424.00
2018/10/19	3.024	3.024	2.891	2.970	22900	68560.50
2018/10/22	2.997	3.199	2.997	3.159	2130	6567.11
2018/10/23	3.088	3.189	3.014	3.189	2530	7777.84
2018/10/24	3.189	3.189	3.001	3.189	15500	49161.40
2018/10/25	3.191	3.191	2.913	2.964	19300	60069.40
2018/10/26	3.140	3.140	3.000	3.003	26200	78691.10
2018/10/29	2.951	2.954	2.951	2.954	1100	3248.30
2018/10/30	2.953	3.097	2.916	3.063	1100	3296.50
2018/10/31	2.943	3.197	2.943	3.197	3800	11547.20
2018/11/01	2.971	3.197	2.971	3.145	32700	102619.10
2018/11/02	3.146	3.350	3.059	3.127	178789	567613.00
2018/11/05	3.120	3.190	3.120	3.151	80000	254757.91
2018/11/06	3.212	3.212	3.064	3.106	26000	80863.30
2018/11/07	3.106	3.106	3.105	3.106	10000	31059.00
2018/11/08	3.197	3.197	3.129	3.129	3400	10779.40
2018/11/09	3.128	3.128	3.005	3.099	21600	66915.50
2018/11/12	3.099	3.184	3.001	3.184	11800	37061.90
2018/11/13	3.170	3.502	3.170	3.188	118145	384335.09
2018/11/14	3.062	3.187	3.061	3.145	44600	138876.59
2018/11/15	3.297	3.297	3.108	3.191	22900	72064.80
2018/11/16	3.164	3.200	3.156	3.200	9700	30690.40
2018/11/19	3.180	3.180	3.153	3.177	22200	70288.80
2018/11/20	3.162	3.162	3.079	3.093	10545	33085.59
2018/11/21	3.074	3.137	3.055	3.106	8945	27935.97
2018/11/22	3.131	3.195	3.061	3.068	221046	694074.06
2018/11/23	3.090	3.090	3.050	3.056	39000	119692.60
2018/11/26	3.063	3.063	3.040	3.041	18300	55886.00
2018/11/27	3.042	3.042	3.042	3.042	2000	6084.00
2018/11/28	3.035	3.090	3.035	3.090	10700	32928.00
2018/11/29	3.124	3.124	3.041	3.041	164900	508898.19
2018/11/30	3.042	3.073	3.032	3.073	105500	321271.91
2018/12/03	3.173	3.190	3.154	3.187	43389	137860.55
2018/12/04	3.174	3.183	3.165	3.168	173900	551628.63
2018/12/05	3.133	3.192	3.133	3.180	72700	229062.00
2018/12/06	3.129	3.129	3.091	3.091	112500	348249.81
2018/12/07	3.092	3.092	3.075	3.080	71900	222090.41
2018/12/10	3.022	3.031	3.022	3.027	8500	25719.10
2018/12/11	3.036	3.040	3.025	3.025	105200	319353.59
2018/12/12	3.054	3.054	3.042	3.051	51400	156722.59
2018/12/13	3.032	3.090	3.032	3.088	138166	424881.84
2018/12/14	3.077	3.077	3.032	3.032	18000	55026.00
2018/12/17	2.996	3.003	2.970	3.003	33600	100033.60
2018/12/18	2.971	2.995	2.957	2.978	230300	683723.31
2018/12/19	2.970	2.970	2.911	2.911	35100	103222.40
2018/12/20	2.911	2.925	2.911	2.925	50900	148869.91
2018/12/21	2.910	2.912	2.905	2.905	210000	611150.00
2018/12/24	2.898	2.898	2.888	2.888	2600	7511.80
2018/12/25	2.846	2.846	2.841	2.841	7200	20476.20
2018/12/26	2.895	2.895	2.889	2.889	17400	50332.20
2018/12/27	2.903	2.903	2.877	2.877	34400	99325.60
2018/12/28	2.849	2.856	2.839	2.846	76200	217061.59
2019/01/02	2.851	2.851	2.814	2.814	37100	104741.80
2019/01/03	2.774	2.774	2.767	2.767	26600	73781.80
2019/01/04	2.727	2.834	2.727	2.834	190500	530096.50
2019/01/07	2.845	2.883	2.845	2.883	141000	404229.69
2019/01/08	2.883	2.883	2.872	2.872	19100	54856.30
2019/01/09	2.907	2.940	2.907	2.911	97500	284819.50
2019/01/10	2.913	2.913	2.913	2.913	5000	14565.00
2019/01/11	2.901	2.914	2.896	2.898	145500	422214.00
2019/01/14	2.901	2.901	2.880	2.883	13900	40037.70
2019/01/15	2.876	2.919	2.876	2.919	2500	7293.20
2019/01/16	2.913	2.940	2.913	2.928	6200	18099.20
2019/01/17	2.920	2.921	2.907	2.907	120800	352360.59
2019/01/18	2.913	2.947	2.909	2.947	72300	211428.20
2019/01/21	2.946	2.974	2.946	2.974	85100	251842.80
2019/01/22	2.917	2.917	2.917	2.917	100	291.70
2019/01/23	2.922	2.922	2.922	2.922	40000	116880.00
2019/01/24	2.934	2.934	2.934	2.934	100	293.40
2019/01/25	2.933	2.967	2.933	2.965	260266	765262.69
2019/01/28	2.986	2.986	2.968	2.970	220000	654990.00
2019/01/29	2.924	2.937	2.922	2.926	166000	486211.00
2019/01/30	2.924	2.927	2.924	2.927	65000	190135.00
2019/01/31	2.923	2.923	2.884	2.891	213600	618336.81
2019/02/01	2.923	2.970	2.923	2.970	15900	46735.10
2019/02/11	3.050	3.093	3.050	3.093	16100	49467.00
2019/02/12	3.086	3.135	3.086	3.120	16600	51755.70
2019/02/13	3.178	3.205	3.178	3.205	40700	130167.20
2019/02/14	3.192	3.220	3.192	3.218	73200	234520.30
2019/02/15	3.211	3.218	3.190	3.190	45006	144403.33
2019/02/18	3.190	3.306	3.190	3.306	61500	201325.80
2019/02/19	3.299	3.339	3.263	3.296	274100	900892.19
2019/02/20	3.314	3.314	3.293	3.297	71000	234496.00
2019/02/21	3.329	3.384	3.327	3.327	239700	806198.19
2019/02/22	3.307	3.387	3.300	3.387	246200	819172.69
2019/02/25	3.391	3.568	3.391	3.568	268645	944897.31
2019/02/26	3.569	3.656	3.562	3.610	448504	1618612.88
数据来源:通达信
