159923 100ETF 日线 前复权
      日期	    开盘	    最高	    最低	    收盘	    成交量	    成交额
2013/03/05	0.958	0.986	0.955	0.986	54767974	52958148.00
2013/03/06	0.988	0.991	0.977	0.991	61875526	61140200.00
2013/03/07	0.992	0.995	0.972	0.979	26293985	25982434.00
2013/03/08	0.980	0.988	0.976	0.981	17403359	17084528.00
2013/03/11	0.969	0.979	0.964	0.973	16630342	16187553.00
2013/03/12	0.970	0.981	0.952	0.962	16924234	16414685.00
2013/03/13	0.955	0.960	0.947	0.952	5214541	4972381.50
2013/03/14	0.950	0.957	0.940	0.952	6482142	6172535.00
2013/03/15	0.944	0.978	0.940	0.950	13740389	13158605.00
2013/03/18	0.951	0.955	0.942	0.942	2703002	2563654.50
2013/03/19	0.940	0.950	0.937	0.946	7048678	6652014.00
2013/03/20	0.945	0.981	0.945	0.980	18361798	17812612.00
2013/03/21	0.975	0.987	0.974	0.979	12693693	12471021.00
2013/03/22	0.975	0.984	0.975	0.980	6217312	6087111.50
2013/03/25	0.986	0.988	0.979	0.982	5510946	5418290.00
2013/03/26	0.976	0.976	0.961	0.963	3419325	3295654.00
2013/03/27	0.968	0.977	0.960	0.965	1208389	1169125.13
2013/03/28	0.960	0.960	0.901	0.930	1996548	1867332.00
2013/03/29	0.933	0.936	0.926	0.933	536529	499333.03
2013/04/01	0.932	0.940	0.928	0.929	562031	524311.81
2013/04/02	0.931	0.939	0.921	0.930	1088829	1015742.38
2013/04/03	1.000	1.000	0.928	0.931	1410262	1316731.88
2013/04/08	0.920	0.928	0.912	0.920	549218	504767.50
2013/04/09	0.930	0.934	0.926	0.928	595714	553463.19
2013/04/10	0.934	0.934	0.922	0.925	1441220	1334025.88
2013/04/11	0.938	0.938	0.925	0.926	402200	374689.59
2013/04/12	0.931	0.931	0.922	0.926	783488	724402.31
2013/04/15	0.903	0.921	0.903	0.915	975520	893383.25
2013/04/16	0.911	0.921	0.908	0.919	691711	631316.44
2013/04/17	0.920	0.920	0.909	0.912	471702	431122.81
2013/04/18	0.914	0.922	0.911	0.920	2824827	2592913.25
2013/04/19	0.923	0.948	0.922	0.947	3593320	3365359.50
2013/04/22	0.947	0.947	0.940	0.941	694209	653793.00
2013/04/23	0.943	0.943	0.916	0.917	2135115	1968105.25
2013/04/24	0.920	0.935	0.915	0.928	1137265	1050619.50
2013/04/25	0.928	0.929	0.913	0.918	1093432	1006516.38
2013/04/26	0.932	0.932	0.914	0.914	2171203	1994387.25
2013/05/02	0.913	0.914	0.905	0.911	359916	327287.94
2013/05/03	0.918	0.938	0.917	0.927	2003548	1861263.38
2013/05/06	0.932	0.941	0.927	0.938	2541358	2383448.00
2013/05/07	0.938	0.939	0.935	0.938	986023	923615.13
2013/05/08	0.950	0.951	0.940	0.942	1880622	1775270.13
2013/05/09	0.938	0.944	0.933	0.938	880419	828434.06
2013/05/10	0.935	0.944	0.935	0.944	391540	367694.47
2013/05/13	0.944	0.944	0.934	0.936	708534	664280.44
2013/05/14	0.936	0.936	0.920	0.923	787109	729549.06
2013/05/15	0.924	0.928	0.924	0.927	211709	196085.72
2013/05/16	0.920	0.945	0.918	0.945	2980555	2784579.25
2013/05/17	0.943	0.958	0.940	0.956	2470050	2341757.75
2013/05/20	0.958	0.973	0.957	0.966	1818080	1753803.25
2013/05/21	0.963	0.966	0.958	0.962	1868818	1798686.63
2013/05/22	0.957	0.965	0.955	0.964	2724085	2622237.50
2013/05/23	0.965	0.965	0.947	0.947	1461826	1398550.88
2013/05/24	0.950	0.957	0.942	0.951	3174503	3020283.75
2013/05/27	0.949	0.952	0.946	0.952	2373444	2252519.75
2013/05/28	0.947	0.969	0.946	0.967	6090708	5873759.00
2013/05/29	0.977	0.977	0.965	0.969	1697819	1646805.00
2013/05/30	0.965	0.969	0.962	0.966	1671897	1613955.75
2013/05/31	0.964	0.972	0.958	0.960	125721	121051.72
2013/06/03	0.959	0.964	0.956	0.958	1102361	1059006.50
2013/06/04	0.950	0.958	0.945	0.948	561372	532742.00
2013/06/05	0.947	0.949	0.943	0.945	659588	623696.13
2013/06/06	0.942	0.942	0.924	0.931	1172829	1096973.75
2013/06/07	0.929	0.933	0.916	0.917	289704	267258.03
2013/06/13	0.892	0.894	0.887	0.888	1574434	1401678.50
2013/06/14	0.898	0.898	0.887	0.891	5333642	4747838.50
2013/06/17	0.888	0.891	0.887	0.888	911201	809182.38
2013/06/18	0.890	0.893	0.887	0.892	429502	381968.38
2013/06/19	0.886	0.886	0.874	0.883	818401	719284.00
2013/06/20	0.878	0.878	0.861	0.861	8679744	7590592.00
2013/06/21	0.860	0.863	0.844	0.863	478464	409779.00
2013/06/24	0.863	0.863	0.821	0.855	231503	193120.17
2013/06/25	0.796	0.814	0.775	0.814	1274436	1013493.00
2013/06/26	0.814	0.814	0.775	0.803	796982	641319.94
2013/06/27	0.795	0.816	0.795	0.801	152200	123210.40
2013/06/28	0.805	0.828	0.805	0.823	665186	546665.94
2013/07/01	0.820	0.828	0.820	0.825	275003	226076.36
2013/07/02	0.860	0.860	0.815	0.816	503846	412746.22
2013/07/03	0.821	0.821	0.807	0.810	106990	86603.63
2013/07/04	0.809	0.824	0.803	0.818	549638	447372.38
2013/07/05	0.822	0.828	0.819	0.822	381602	313484.03
2013/07/08	0.802	0.808	0.799	0.799	1313172	1053876.25
2013/07/09	0.802	0.803	0.798	0.801	5684804	4550529.00
2013/07/10	0.808	0.823	0.804	0.823	724732	587814.75
2013/07/11	0.811	0.873	0.810	0.861	1765554	1506356.00
2013/07/12	0.842	0.866	0.842	0.843	601811	513636.81
2013/07/15	0.832	0.870	0.832	0.850	251707	213874.91
2013/07/16	0.841	0.852	0.839	0.847	249404	210850.53
2013/07/17	0.841	0.853	0.836	0.837	197200	165453.80
2013/07/18	0.837	0.837	0.820	0.829	391753	324256.19
2013/07/19	0.833	0.835	0.811	0.819	587105	481517.16
2013/07/22	0.803	0.812	0.800	0.808	426895	344583.13
2013/07/23	0.816	0.833	0.816	0.828	240870	199792.55
2013/07/24	0.864	0.864	0.821	0.823	154200	126740.70
2013/07/25	0.840	0.840	0.817	0.819	239702	197335.73
2013/07/26	0.817	0.817	0.812	0.814	976891	796435.69
2013/07/29	0.797	0.806	0.793	0.802	3008120	2398866.75
2013/07/30	0.804	0.812	0.799	0.809	1876448	1503874.50
2013/07/31	0.817	0.818	0.798	0.799	2253258	1808474.63
2013/08/01	0.798	0.826	0.798	0.824	3061893	2508376.50
2013/08/02	0.828	0.838	0.823	0.830	2355576	1964836.00
2013/08/05	0.824	0.835	0.824	0.835	2222556	1844054.13
2013/08/06	0.832	0.841	0.827	0.840	705621	589310.56
2013/08/07	0.835	0.846	0.835	0.836	366796	308542.50
2013/08/08	0.838	0.838	0.827	0.830	512122	426567.16
2013/08/09	0.830	0.840	0.829	0.834	399736	332891.81
2013/08/12	0.846	0.860	0.846	0.857	470435	400161.72
2013/08/13	0.853	0.867	0.853	0.865	1756624	1512466.25
2013/08/14	0.870	0.877	0.860	0.860	328002	284357.16
2013/08/15	0.858	0.866	0.853	0.853	562468	484639.63
2013/08/16	0.845	0.900	0.845	0.850	1242026	1067957.63
2013/08/19	0.840	0.865	0.840	0.865	587083	499916.56
2013/08/20	0.866	0.866	0.857	0.857	18100	15539.50
2013/08/21	0.847	0.856	0.847	0.855	24600	21031.80
2013/08/22	0.855	0.857	0.851	0.856	1324803	1134006.50
2013/08/23	0.857	0.859	0.839	0.843	1367752	1158808.63
2013/08/26	0.849	0.865	0.849	0.860	413248	354751.06
2013/08/27	0.855	0.865	0.855	0.860	309613	266692.81
2013/08/28	0.862	0.866	0.851	0.860	197600	169598.09
2013/08/29	0.858	0.862	0.853	0.857	610742	521854.03
2013/08/30	0.852	0.864	0.852	0.854	474902	408490.72
2013/09/02	0.857	0.864	0.855	0.855	1232802	1062979.00
2013/09/03	0.862	0.869	0.862	0.869	1890351	1633132.00
2013/09/04	0.873	0.874	0.865	0.871	525862	456523.84
2013/09/05	0.850	0.885	0.850	0.869	658235	569513.88
2013/09/06	0.866	0.875	0.860	0.872	1429245	1239668.25
2013/09/09	0.872	0.915	0.872	0.908	4145602	3727743.00
2013/09/10	0.925	0.925	0.906	0.917	903074	824353.19
2013/09/11	0.920	0.934	0.919	0.929	2827736	2622898.25
2013/09/12	0.928	0.950	0.920	0.947	2114288	1995593.38
2013/09/13	0.940	0.945	0.932	0.933	456554	427506.72
2013/09/16	0.934	0.936	0.917	0.929	694352	644271.56
2013/09/17	0.924	0.924	0.916	0.916	368700	339171.69
2013/09/18	0.902	0.911	0.902	0.906	268612	244009.61
2013/09/23	0.912	0.919	0.907	0.917	239787	219233.78
2013/09/24	0.918	0.918	0.900	0.901	361917	326907.00
2013/09/25	0.900	0.907	0.895	0.901	431500	389059.09
2013/09/26	0.901	0.901	0.884	0.884	112400	99909.30
2013/09/27	0.880	0.886	0.876	0.882	1786548	1570769.63
2013/09/30	0.882	0.886	0.882	0.885	1240200	1096894.63
2013/10/08	0.875	0.900	0.871	0.900	1368845	1209262.25
2013/10/09	0.886	0.900	0.886	0.897	1793884	1602184.50
2013/10/10	0.895	0.905	0.888	0.888	591439	527194.50
2013/10/11	0.890	0.905	0.890	0.900	223254	201284.59
2013/10/14	0.900	0.905	0.888	0.900	504006	454422.59
2013/10/15	0.900	0.904	0.890	0.900	2960305	2657942.50
2013/10/16	0.890	0.890	0.881	0.882	501912	443205.28
2013/10/17	0.888	0.890	0.882	0.883	3332305	2964967.00
2013/10/18	0.883	0.890	0.883	0.890	605847	537453.63
2013/10/21	0.884	0.918	0.882	0.897	4621480	4132892.00
2013/10/22	0.890	0.892	0.889	0.889	428181	381291.88
2013/10/23	0.888	0.905	0.880	0.880	1662492	1470656.13
2013/10/24	0.880	0.885	0.879	0.882	365103	321900.53
2013/10/25	0.885	0.885	0.868	0.869	905103	788700.94
2013/10/28	0.880	0.880	0.869	0.873	546326	474935.41
2013/10/29	0.877	0.890	0.868	0.875	1035222	904187.38
2013/10/30	0.880	0.892	0.879	0.892	655272	579897.19
2013/10/31	0.888	0.888	0.881	0.881	227363	201564.22
2013/11/01	0.883	0.890	0.883	0.890	201100	177577.50
2013/11/04	0.883	0.892	0.883	0.883	402211	355869.00
2013/11/05	0.873	0.881	0.873	0.881	22100	19361.30
2013/11/06	0.882	0.883	0.874	0.874	33505	29386.29
2013/11/07	0.872	0.872	0.866	0.868	203108	176126.33
2013/11/08	0.870	0.870	0.860	0.864	1458418	1265845.13
2013/11/11	0.857	0.865	0.857	0.863	26200	22531.70
2013/11/12	0.871	0.873	0.867	0.872	122674	106611.71
2013/11/13	0.862	0.865	0.860	0.863	151600	130773.70
2013/11/14	0.852	0.858	0.852	0.857	466901	399021.25
2013/11/15	0.888	0.888	0.865	0.871	645902	565490.44
2013/11/18	0.890	0.899	0.889	0.899	221802	198543.28
2013/11/19	0.900	0.900	0.895	0.897	338107	303479.38
2013/11/20	0.901	0.902	0.896	0.900	297100	267434.50
2013/11/21	0.892	0.892	0.887	0.890	320116	284742.94
2013/11/22	0.852	0.900	0.831	0.892	136200	116774.40
2013/11/25	0.886	0.893	0.886	0.886	148701	132126.84
2013/11/26	0.875	0.877	0.875	0.877	130000	113950.00
2013/11/27	0.882	0.896	0.882	0.894	214495	189686.19
2013/11/28	0.890	0.903	0.890	0.902	166210	149665.98
2013/11/29	0.901	0.901	0.897	0.900	141703	127527.39
2013/12/02	0.890	0.930	0.890	0.891	357313	322019.88
2013/12/03	0.896	0.905	0.894	0.902	665300	596984.31
2013/12/04	0.891	0.918	0.891	0.917	613006	561231.00
2013/12/05	0.920	0.920	0.910	0.910	135806	123785.66
2013/12/06	0.905	0.905	0.901	0.903	25600	23139.00
2013/12/09	0.903	0.904	0.901	0.904	61766	55750.17
2013/12/10	0.919	0.919	0.900	0.900	653308	594007.81
2013/12/11	0.892	0.892	0.885	0.891	586237	521329.09
2013/12/12	0.885	0.891	0.881	0.887	276500	245299.00
2013/12/13	0.887	0.887	0.880	0.886	64202	56576.26
2013/12/16	0.882	0.884	0.878	0.880	114200	100870.00
2013/12/17	0.870	0.873	0.868	0.873	440702	383489.25
2013/12/18	0.868	0.870	0.868	0.870	89500	77848.00
2013/12/19	0.862	0.875	0.861	0.865	190300	164965.50
2013/12/20	0.869	0.869	0.840	0.843	934603	797626.88
2013/12/23	0.839	0.843	0.839	0.839	109100	91802.10
2013/12/24	0.778	0.922	0.778	0.838	468720	396519.41
2013/12/25	0.826	0.907	0.826	0.841	269650	227426.95
2013/12/26	0.836	0.840	0.826	0.832	49631	41224.87
2013/12/27	0.831	0.897	0.831	0.842	294904	246658.03
2013/12/30	0.842	0.915	0.838	0.843	403024	339094.13
2013/12/31	0.847	0.855	0.843	0.851	148700	125432.80
2014/01/02	0.841	0.851	0.841	0.851	231202	195018.58
2014/01/03	0.844	0.844	0.832	0.839	448000	376058.91
2014/01/06	0.840	0.840	0.814	0.839	95501	77963.81
2014/01/07	0.820	0.820	0.819	0.819	319600	261871.80
2014/01/08	0.824	0.826	0.817	0.822	882139	723656.50
2014/01/09	0.811	0.823	0.810	0.810	90300	73935.30
2014/01/10	0.812	0.812	0.808	0.808	115500	93679.20
2014/01/13	0.810	0.810	0.807	0.810	34937	28288.97
2014/01/14	0.804	0.814	0.804	0.811	52700	42622.60
2014/01/15	0.809	0.809	0.805	0.805	5500	4434.50
2014/01/16	0.840	0.840	0.807	0.812	287900	241310.80
2014/01/17	0.802	0.802	0.801	0.802	156011	125119.82
2014/01/21	0.803	0.808	0.802	0.804	133300	107538.40
2014/01/22	0.811	0.823	0.811	0.820	238706	194558.08
2014/01/23	0.831	0.831	0.820	0.820	37500	31101.90
2014/01/24	0.821	0.821	0.821	0.821	11000	9031.00
2014/01/27	0.807	0.812	0.804	0.805	244904	197428.63
2014/01/28	0.810	0.820	0.805	0.811	28000	22622.30
2014/01/29	0.816	0.816	0.816	0.816	1000	816.00
2014/01/30	0.804	0.808	0.804	0.805	158300	127405.40
2014/02/07	0.800	0.800	0.793	0.798	118620	94345.06
2014/02/10	0.798	0.819	0.798	0.816	57905	47125.79
2014/02/11	0.816	0.829	0.816	0.829	448034	370481.31
2014/02/12	0.824	0.828	0.824	0.827	92002	76015.65
2014/02/13	0.825	0.835	0.824	0.827	323317	267850.53
2014/02/14	0.826	0.829	0.826	0.828	57200	47349.30
2014/02/17	0.831	0.831	0.827	0.829	174209	144430.16
2014/02/18	0.827	0.827	0.818	0.820	171301	140915.02
2014/02/19	0.816	0.833	0.816	0.831	239192	196726.66
2014/02/20	0.801	0.839	0.801	0.828	88186	73513.84
2014/02/21	0.822	0.822	0.819	0.819	123500	101165.00
2014/02/24	0.780	0.824	0.778	0.820	478358	374783.53
2014/02/25	0.756	0.798	0.756	0.788	823558	651877.19
2014/02/26	0.778	0.781	0.773	0.781	919625	714093.69
2014/02/27	0.781	0.794	0.752	0.778	803003	624061.88
2014/02/28	0.776	0.791	0.776	0.791	328927	256581.39
2014/03/03	0.786	0.789	0.782	0.787	285703	224603.55
2014/03/04	0.778	0.786	0.778	0.786	1209053	946121.38
2014/03/05	0.784	0.784	0.782	0.782	115300	90351.60
2014/03/06	0.778	0.782	0.777	0.782	95700	74744.50
2014/03/07	0.788	0.788	0.780	0.786	912924	714950.56
2014/03/10	0.777	0.777	0.770	0.770	42000	32486.00
2014/03/11	0.762	0.788	0.757	0.765	126803	96475.38
2014/03/12	0.765	0.766	0.760	0.766	632328	483410.97
2014/03/13	0.769	0.779	0.769	0.773	9024	6941.96
2014/03/14	0.769	0.769	0.762	0.768	80100	61037.50
2014/03/17	0.773	0.773	0.770	0.770	86600	66936.80
2014/03/18	0.776	0.776	0.771	0.771	189508	146509.67
2014/03/19	0.798	0.829	0.758	0.762	126200	96173.90
2014/03/20	0.766	0.768	0.760	0.760	137900	105551.30
2014/03/21	0.754	0.785	0.754	0.785	322700	247631.41
2014/03/24	0.782	0.792	0.782	0.791	481601	377938.78
2014/03/25	0.782	0.788	0.782	0.786	365686	286740.22
2014/03/26	0.783	0.783	0.781	0.781	276009	215673.03
2014/03/27	0.759	0.792	0.759	0.781	175859	136940.55
2014/03/28	0.784	0.788	0.783	0.787	9900	7753.40
2014/03/31	0.783	0.783	0.776	0.776	603900	470737.91
2014/04/01	0.779	0.786	0.779	0.786	310503	243046.66
2014/04/02	0.783	0.792	0.783	0.792	123300	97521.30
2014/04/03	0.784	0.784	0.784	0.784	100000	78400.00
2014/04/04	0.783	0.807	0.783	0.807	857001	677299.56
2014/04/08	0.796	0.820	0.796	0.820	2244394	1809562.38
2014/04/09	0.823	0.823	0.814	0.816	157400	128824.40
2014/04/10	0.827	0.838	0.805	0.831	1002377	828209.50
2014/04/11	0.831	0.845	0.831	0.845	129800	108006.50
2014/04/15	0.820	0.820	0.815	0.815	75200	61430.30
2014/04/16	0.814	0.815	0.807	0.809	245141	198391.38
2014/04/17	0.813	0.813	0.806	0.807	327003	264134.41
2014/04/18	0.807	0.808	0.805	0.808	26800	21622.00
2014/04/21	0.804	0.805	0.793	0.793	17100	13668.50
2014/04/22	0.797	0.800	0.794	0.800	124500	99154.20
2014/04/23	0.799	0.799	0.794	0.798	361619	287650.50
2014/04/24	0.801	0.801	0.798	0.798	39301	31387.50
2014/04/25	0.796	0.797	0.796	0.797	48409	38536.56
2014/04/28	0.780	0.789	0.780	0.786	217500	171457.00
2014/04/29	0.783	0.788	0.783	0.788	55504	43610.64
2014/04/30	0.792	0.797	0.792	0.796	603000	479876.00
2014/05/05	0.783	0.786	0.783	0.784	14800	11622.20
2014/05/06	0.790	0.790	0.785	0.786	349022	275031.28
2014/05/07	0.750	0.786	0.750	0.783	4806	3631.00
2014/05/08	0.780	0.796	0.780	0.792	130103	102412.14
2014/05/09	0.783	0.786	0.779	0.784	785900	614244.81
2014/05/12	0.784	0.797	0.783	0.797	466406	370777.94
2014/05/13	0.795	0.795	0.793	0.793	603000	478479.00
2014/05/14	0.795	0.795	0.795	0.795	200	159.00
2014/05/15	0.785	0.785	0.785	0.785	1200	942.00
2014/05/16	0.787	0.791	0.783	0.791	1045102	823754.38
2014/05/19	0.784	0.784	0.777	0.783	212800	165536.20
2014/05/20	0.777	0.846	0.777	0.846	36100	28121.60
2014/05/21	0.764	0.818	0.764	0.783	396404	309014.38
2014/05/22	0.783	0.795	0.783	0.783	186403	146168.16
2014/05/23	0.784	0.790	0.784	0.787	125700	98940.60
2014/05/26	0.794	0.794	0.790	0.792	46100	36548.10
2014/05/27	0.791	0.791	0.789	0.789	19300	15265.50
2014/05/28	0.792	0.795	0.792	0.794	1023806	813861.06
2014/05/29	0.797	0.797	0.796	0.797	43485	34633.56
2014/05/30	0.794	0.796	0.792	0.794	17000	13492.40
2014/06/03	0.794	0.794	0.794	0.794	25500	20247.00
2014/06/04	0.785	0.786	0.781	0.786	98710	77185.31
2014/06/05	0.786	0.789	0.785	0.789	160631	126318.06
2014/06/06	0.786	0.787	0.786	0.787	100802	79330.17
2014/06/09	0.788	0.788	0.785	0.785	30403	23926.36
2014/06/10	0.789	0.797	0.789	0.797	51600	41044.80
2014/06/11	0.791	0.792	0.791	0.792	100000	79150.00
2014/06/12	0.792	0.792	0.790	0.790	52303	41409.68
2014/06/13	0.790	0.807	0.790	0.805	1191802	959066.00
2014/06/16	0.800	0.812	0.800	0.810	117701	94613.60
2014/06/17	0.807	0.807	0.805	0.805	202035	163040.17
2014/06/18	0.799	0.799	0.797	0.797	73628	58712.77
2014/06/19	0.785	0.785	0.783	0.783	2100	1648.30
2014/06/20	0.751	0.783	0.751	0.783	167600	130909.80
2014/06/23	0.790	0.790	0.787	0.787	384609	303486.00
2014/06/25	0.790	0.790	0.790	0.790	100	79.00
2014/06/26	0.791	0.791	0.791	0.791	101235	80076.88
2014/06/27	0.792	0.792	0.791	0.792	370000	292940.00
2014/06/30	0.799	0.799	0.797	0.797	94700	75570.10
2014/07/01	0.798	0.798	0.792	0.794	87901	69738.80
2014/07/02	0.791	0.842	0.791	0.839	789801	627768.88
2014/07/03	0.796	0.806	0.796	0.805	374900	299802.00
2014/07/04	0.804	0.805	0.802	0.802	307300	247183.09
2014/07/07	0.805	0.809	0.803	0.803	192705	155242.63
2014/07/08	0.804	0.804	0.804	0.804	100	80.40
2014/07/09	0.801	0.801	0.794	0.799	123606	98877.00
2014/07/10	0.792	0.793	0.790	0.790	29200	23094.40
2014/07/11	0.795	0.800	0.794	0.799	1463103	1167128.25
2014/07/14	0.801	0.805	0.801	0.805	298165	239247.69
2014/07/15	0.810	0.810	0.807	0.809	799501	646106.81
2014/07/16	0.813	0.813	0.808	0.809	34400	27860.20
2014/07/17	0.805	0.806	0.800	0.800	743100	598548.81
2014/07/18	0.800	0.809	0.800	0.809	217530	175848.23
2014/07/21	0.807	0.807	0.807	0.807	2000	1614.00
2014/07/22	0.813	0.820	0.810	0.814	470753	382831.97
2014/07/23	0.814	0.828	0.814	0.820	308502	253523.84
2014/07/24	0.830	0.844	0.829	0.843	2235089	1877740.00
2014/07/25	0.845	0.850	0.840	0.849	304215	256396.41
2014/07/28	0.853	0.879	0.853	0.878	1194787	1043832.00
2014/07/29	0.871	0.880	0.871	0.879	429901	377470.97
2014/07/30	0.875	0.884	0.872	0.873	740200	650096.81
2014/07/31	0.879	0.881	0.870	0.881	870727	761788.94
2014/08/01	0.884	0.891	0.881	0.881	1941744	1725748.00
2014/08/04	0.884	0.896	0.884	0.896	1127370	1003677.38
2014/08/05	0.897	0.897	0.888	0.890	399409	356763.09
2014/08/06	0.879	0.888	0.879	0.886	148100	130921.80
2014/08/07	0.876	0.876	0.874	0.874	138000	120788.00
2014/08/08	0.940	0.940	0.839	0.874	176201	159555.47
2014/08/11	0.876	0.887	0.875	0.884	364304	322259.84
2014/08/12	0.940	0.940	0.880	0.881	146437	129140.70
2014/08/13	0.817	0.890	0.817	0.878	49802	42930.36
2014/08/14	0.877	0.879	0.873	0.874	312302	273259.75
2014/08/15	0.875	0.878	0.873	0.878	115002	100671.75
2014/08/18	0.885	0.885	0.882	0.885	72101	63710.78
2014/08/19	0.881	0.885	0.878	0.880	51201	45117.68
2014/08/20	0.875	0.878	0.875	0.878	136103	119390.13
2014/08/21	0.871	0.871	0.867	0.870	253625	220381.92
2014/08/22	0.872	0.874	0.869	0.871	444024	387267.44
2014/08/25	0.871	0.872	0.861	0.865	570901	495368.88
2014/08/26	0.868	0.868	0.865	0.865	671800	582171.00
2014/08/27	0.833	0.868	0.833	0.866	2011012	1741258.13
2014/08/28	0.860	0.862	0.858	0.861	6325881	5441539.50
2014/08/29	0.826	0.865	0.826	0.865	6422291	5518812.50
2014/09/01	0.867	0.872	0.867	0.870	313000	272020.16
2014/09/02	0.868	0.884	0.867	0.884	505092	442866.94
2014/09/03	0.888	0.891	0.886	0.891	1562728	1389084.13
2014/09/04	0.890	0.900	0.850	0.898	5790401	5173593.50
2014/09/05	0.897	0.930	0.897	0.909	5414539	4886235.00
2014/09/09	0.907	0.908	0.901	0.904	917337	830441.44
2014/09/10	0.860	0.906	0.860	0.897	150405	134699.97
2014/09/11	0.897	0.904	0.888	0.892	387000	344865.31
2014/09/12	0.892	0.895	0.888	0.893	145631	129897.65
2014/09/15	0.885	0.894	0.885	0.893	140002	124500.18
2014/09/16	0.855	0.896	0.854	0.879	208928	184765.48
2014/09/17	0.880	0.886	0.878	0.885	269507	237787.56
2014/09/18	0.880	0.889	0.880	0.887	525638	466109.00
2014/09/19	0.887	0.894	0.880	0.893	22300	19807.60
2014/09/22	0.960	0.960	0.864	0.874	182730	160735.38
2014/09/23	0.877	0.880	0.874	0.880	170922	149987.59
2014/09/24	0.888	0.896	0.882	0.895	206767	184325.59
2014/09/25	0.899	0.902	0.895	0.895	86500	77634.20
2014/09/26	0.891	0.893	0.890	0.890	167904	149545.45
2014/09/29	0.945	0.945	0.892	0.892	82600	74913.90
2014/09/30	0.897	0.897	0.890	0.891	78900	70424.20
2014/10/08	0.926	0.926	0.890	0.910	138401	123956.49
2014/10/09	0.904	0.904	0.901	0.902	22700	20518.80
2014/10/10	0.898	0.904	0.895	0.897	191209	171500.17
2014/10/13	0.892	0.893	0.889	0.890	40200	35843.90
2014/10/14	0.895	0.895	0.890	0.890	14200	12654.60
2014/10/15	0.883	0.896	0.882	0.892	15800	14060.40
2014/10/16	0.892	0.898	0.892	0.896	37300	33420.70
2014/10/17	0.884	0.894	0.881	0.894	127500	113445.60
2014/10/20	0.911	0.911	0.889	0.895	56702	50517.68
2014/10/21	0.892	0.893	0.888	0.888	204408	182048.92
2014/10/22	0.911	0.911	0.883	0.886	64500	57105.60
2014/10/23	0.886	0.886	0.878	0.878	337600	298279.19
2014/10/24	0.889	0.889	0.873	0.873	68740	60174.84
2014/10/27	0.860	0.869	0.858	0.862	198251	170991.42
2014/10/28	0.868	0.877	0.868	0.877	110800	96478.70
2014/10/29	0.949	0.949	0.880	0.891	167700	150016.91
2014/10/30	0.888	0.896	0.885	0.892	707835	629220.88
2014/10/31	0.904	0.911	0.896	0.911	1117377	1011411.63
2014/11/03	0.937	0.937	0.908	0.908	142716	130452.16
2014/11/04	0.906	0.911	0.905	0.911	123400	111913.00
2014/11/05	0.904	0.906	0.895	0.905	848203	765983.19
2014/11/06	0.902	0.909	0.897	0.909	391902	352606.69
2014/11/07	0.900	0.923	0.900	0.910	266301	242030.39
2014/11/10	0.920	0.932	0.865	0.932	724766	668605.25
2014/11/11	0.932	0.950	0.923	0.934	1909766	1792529.88
2014/11/12	0.933	0.949	0.933	0.948	835228	783393.38
2014/11/13	0.946	0.958	0.943	0.950	1501175	1430675.13
2014/11/14	0.943	0.949	0.940	0.949	43005	40634.75
2014/11/17	0.950	0.951	0.941	0.941	423901	402293.78
2014/11/18	0.937	0.937	0.923	0.926	201400	187740.50
2014/11/19	0.927	0.927	0.921	0.927	250600	232175.59
2014/11/20	0.916	0.924	0.916	0.922	391208	359131.03
2014/11/21	0.922	0.943	0.922	0.943	100501	93563.91
2014/11/24	0.945	0.968	0.945	0.954	2473144	2371962.50
2014/11/25	0.916	0.966	0.916	0.966	1017810	976279.19
2014/11/26	0.966	0.980	0.966	0.980	1907804	1858958.88
2014/11/27	0.980	0.996	0.980	0.996	3259653	3221589.00
2014/11/28	0.994	1.026	0.992	1.026	6232935	6295737.00
2014/12/01	1.026	1.045	1.017	1.034	3077246	3179296.00
2014/12/02	1.034	1.100	1.032	1.089	4418187	4648259.00
2014/12/03	1.100	1.127	1.077	1.093	5761006	6385492.50
2014/12/04	1.088	1.160	1.088	1.159	5990857	6791312.50
2014/12/05	1.198	1.198	1.110	1.166	4405583	5129901.50
2014/12/08	1.168	1.259	1.135	1.247	3720451	4469767.00
2014/12/09	1.251	1.372	1.230	1.297	10005130	13407995.00
2014/12/10	1.250	1.371	1.250	1.360	5071122	6576096.50
2014/12/11	1.400	1.475	1.350	1.475	5512728	7921788.00
2014/12/12	1.466	1.623	1.441	1.623	6356609	10033930.00
2014/12/15	1.652	1.785	1.649	1.785	7561683	13214809.00
2014/12/16	1.610	1.964	1.610	1.964	9648152	17940786.00
2014/12/17	1.768	2.160	1.768	2.160	21439204	42694072.00
2014/12/18	1.944	1.944	1.944	1.944	22179900	43117724.00
2014/12/19	1.750	1.750	1.750	1.750	1596300	2793525.00
2014/12/22	1.575	1.575	1.575	1.575	718400	1131480.00
2014/12/23	1.418	1.418	1.418	1.418	1278900	1813480.25
2014/12/24	1.276	1.283	1.276	1.276	21296725	27208484.00
2014/12/25	1.231	1.280	1.231	1.277	41522845	52239968.00
2014/12/26	1.277	1.405	1.266	1.335	49721693	66162268.00
2014/12/29	1.349	1.402	1.325	1.346	38304200	52485220.00
2014/12/30	1.363	1.363	1.323	1.339	16689584	22342868.00
2014/12/31	1.338	1.374	1.315	1.370	24336543	32867410.00
2015/01/05	1.377	1.450	1.377	1.430	54507474	77022992.00
2015/01/06	1.428	1.432	1.388	1.412	22769869	32118712.00
2015/01/07	1.399	1.423	1.390	1.402	16535521	23231860.00
2015/01/08	1.402	1.408	1.360	1.362	16726288	23006942.00
2015/01/09	1.360	1.429	1.343	1.365	20603059	28675066.00
2015/01/12	1.365	1.380	1.329	1.347	9040659	12222350.00
2015/01/13	1.349	1.364	1.340	1.344	5744453	7763301.50
2015/01/14	1.347	1.367	1.337	1.343	7384857	9986721.00
2015/01/15	1.345	1.420	1.340	1.395	10247397	14044430.00
2015/01/16	1.408	1.417	1.397	1.404	10744561	15109208.00
2015/01/19	1.349	1.349	1.264	1.282	17621186	22921892.00
2015/01/20	1.281	1.315	1.270	1.287	11134683	14357590.00
2015/01/21	1.281	1.361	1.281	1.350	12159441	16118793.00
2015/01/22	1.350	1.355	1.334	1.347	8987681	12094464.00
2015/01/23	1.347	1.370	1.341	1.354	7652926	10414989.00
2015/01/26	1.354	1.367	1.345	1.360	4886446	6614161.00
2015/01/27	1.360	1.362	1.322	1.350	8106000	10875156.00
2015/01/28	1.331	1.353	1.323	1.329	4813681	6446696.50
2015/01/29	1.321	1.321	1.308	1.310	3115403	4092121.25
2015/01/30	1.310	1.325	1.289	1.298	3891200	5062938.50
2015/02/02	1.277	1.280	1.266	1.266	3423300	4346097.00
2015/02/03	1.266	1.291	1.262	1.288	3457700	4417547.50
2015/02/04	1.294	1.304	1.270	1.273	3364600	4333609.50
2015/02/05	1.300	1.317	1.266	1.269	5141600	6620692.00
2015/02/06	1.266	1.266	1.236	1.241	5168600	6473524.50
2015/02/09	1.240	1.267	1.236	1.256	2748100	3444699.00
2015/02/10	1.255	1.283	1.246	1.276	3975000	5053694.00
2015/02/11	1.288	1.289	1.280	1.286	2554900	3285653.00
2015/02/12	1.285	1.295	1.273	1.287	1851900	2376955.50
2015/02/13	1.286	1.315	1.286	1.299	3584500	4670322.50
2015/02/16	1.293	1.308	1.293	1.302	1583990	2057912.00
2015/02/17	1.310	1.317	1.305	1.310	2511000	3292811.00
2015/02/25	1.311	1.319	1.288	1.288	2268100	2947478.00
2015/02/26	1.295	1.324	1.273	1.324	4350202	5687735.50
2015/02/27	1.326	1.333	1.315	1.323	3088200	4099080.00
2015/03/02	1.332	1.335	1.322	1.327	3688000	4897353.50
2015/03/03	1.330	1.330	1.290	1.290	3039400	3950299.50
2015/03/04	1.289	1.300	1.282	1.283	2461000	3169476.50
2015/03/05	1.284	1.284	1.269	1.271	1729000	2202061.50
2015/03/06	1.266	1.284	1.266	1.275	1914800	2444803.00
2015/03/09	1.273	1.299	1.252	1.298	2730225	3484567.25
2015/03/10	1.290	1.295	1.282	1.284	1668746	2146213.25
2015/03/11	1.283	1.300	1.283	1.286	2214000	2862413.75
2015/03/12	1.300	1.320	1.291	1.315	5810406	7613403.50
2015/03/13	1.315	1.334	1.315	1.321	5577002	7396894.00
2015/03/16	1.319	1.354	1.318	1.354	8370408	11233238.00
2015/03/17	1.360	1.377	1.357	1.373	8448064	11571008.00
2015/03/18	1.380	1.413	1.370	1.411	7649968	10620210.00
2015/03/19	1.411	1.412	1.390	1.400	10973622	15381199.00
2015/03/20	1.400	1.438	1.398	1.420	8761807	12401192.00
2015/03/23	1.429	1.455	1.427	1.447	7969169	11494402.00
2015/03/24	1.459	1.460	1.377	1.437	9101769	12989774.00
2015/03/25	1.429	1.440	1.408	1.418	6404406	9130162.00
2015/03/26	1.402	1.446	1.391	1.429	8377200	11879446.00
2015/03/27	1.433	1.447	1.423	1.441	4841450	6941012.00
2015/03/30	1.450	1.500	1.440	1.498	6828805	10090500.00
2015/03/31	1.518	1.549	1.482	1.484	8938803	13523707.00
2015/04/01	1.481	1.510	1.472	1.496	5075903	7563012.00
2015/04/02	1.494	1.509	1.465	1.482	5618800	8360470.50
2015/04/03	1.468	1.504	1.465	1.503	7230630	10763150.00
2015/04/07	1.506	1.536	1.506	1.536	6151442	9365640.00
2015/04/08	1.541	1.555	1.522	1.551	6177203	9503175.00
2015/04/09	1.553	1.580	1.521	1.545	5833400	9057345.00
2015/04/10	1.543	1.585	1.510	1.580	4765461	7437841.00
2015/04/13	1.583	1.617	1.583	1.603	2571100	4113578.50
2015/04/14	1.603	1.635	1.581	1.615	3826094	6143874.00
2015/04/15	1.612	1.639	1.595	1.626	4559690	7401570.00
2015/04/16	1.621	1.720	1.585	1.700	5533202	9101833.00
2015/04/17	1.720	1.757	1.718	1.725	4880051	8437646.00
2015/04/20	1.720	1.736	1.638	1.670	8086666	13851768.00
2015/04/21	1.629	1.705	1.608	1.704	6223048	10515810.00
2015/04/22	1.706	1.789	1.706	1.767	6605371	11488470.00
2015/04/23	1.768	1.788	1.739	1.750	4214020	7393665.50
2015/04/24	1.740	1.740	1.685	1.718	2817250	4826753.00
2015/04/27	1.718	1.770	1.718	1.770	4998205	8727792.00
2015/04/28	1.750	1.790	1.700	1.754	3178500	5581554.50
2015/04/29	1.768	1.768	1.722	1.757	1968490	3434773.25
2015/04/30	1.769	1.770	1.744	1.744	2210200	3878749.25
2015/05/04	1.744	1.758	1.720	1.753	2824571	4928100.00
2015/05/05	1.722	1.760	1.676	1.685	2159649	3696949.00
2015/05/06	1.680	1.730	1.600	1.670	2642215	4484567.00
2015/05/07	1.610	1.675	1.610	1.651	2791778	4636503.50
2015/05/08	1.677	1.690	1.630	1.665	1689910	2804696.00
2015/05/11	1.685	1.703	1.647	1.702	2910004	4895012.00
2015/05/12	1.685	1.720	1.685	1.715	2351144	4019530.50
2015/05/13	1.725	1.725	1.688	1.693	2726189	4671870.50
2015/05/14	1.693	1.709	1.678	1.694	2536260	4296283.00
2015/05/15	1.660	1.680	1.652	1.662	2363597	3948257.75
2015/05/18	1.642	1.657	1.630	1.630	2032312	3344276.50
2015/05/19	1.616	1.693	1.616	1.692	1983422	3322532.75
2015/05/20	1.692	1.715	1.689	1.692	1875871	3186196.75
2015/05/21	1.681	1.713	1.681	1.712	2106171	3595543.00
2015/05/22	1.714	1.778	1.714	1.770	2334469	4082706.00
2015/05/25	1.775	1.828	1.771	1.828	2789500	5022125.00
2015/05/26	1.890	1.899	1.806	1.852	1837267	3407825.75
2015/05/27	1.858	1.880	1.818	1.823	1592700	2927418.00
2015/05/28	1.823	1.839	1.700	1.700	2602317	4675910.50
2015/05/29	1.684	1.740	1.654	1.725	2166920	3720713.00
2015/06/01	1.738	1.799	1.686	1.790	2155579	3771060.25
2015/06/02	1.790	1.798	1.708	1.796	910010	1621179.25
2015/06/03	1.790	1.790	1.765	1.786	1123001	1993559.75
2015/06/04	1.770	1.813	1.710	1.804	1304439	2326349.75
2015/06/05	1.804	1.845	1.763	1.815	1615023	2923500.75
2015/06/08	1.780	1.880	1.780	1.875	1927376	3532905.25
2015/06/09	1.875	1.899	1.854	1.877	2676454	5047239.00
2015/06/10	1.877	1.879	1.836	1.850	1581700	2932180.00
2015/06/11	1.831	1.847	1.810	1.816	834217	1518214.88
2015/06/12	1.830	1.833	1.804	1.821	748002	1362295.38
2015/06/15	1.830	1.830	1.793	1.794	1008200	1826730.25
2015/06/16	1.792	1.792	1.725	1.725	446400	785649.50
2015/06/17	1.750	1.770	1.718	1.767	944900	1643454.88
2015/06/18	1.767	1.767	1.702	1.704	765339	1332051.13
2015/06/19	1.712	1.712	1.603	1.603	976602	1612154.63
2015/06/23	1.602	1.660	1.553	1.660	2007502	3224704.75
2015/06/24	1.699	1.699	1.650	1.699	759601	1273673.75
2015/06/25	1.699	1.699	1.630	1.649	699557	1171733.13
2015/06/26	1.600	1.644	1.498	1.540	2020620	3215091.75
2015/06/29	1.540	1.597	1.430	1.531	1548005	2408243.75
2015/06/30	1.539	1.684	1.501	1.684	1840111	2953968.50
2015/07/01	1.650	1.848	1.650	1.683	1951089	3413807.75
2015/07/02	1.711	1.800	1.550	1.644	2328300	3881671.25
2015/07/03	1.668	1.751	1.480	1.512	2367215	3724650.25
2015/07/06	1.663	1.663	1.572	1.663	5299708	8765205.00
2015/07/07	1.670	1.829	1.663	1.829	9757991	17282844.00
2015/07/08	1.646	1.646	1.646	1.646	3700000	6090200.00
2015/07/09	1.481	1.799	1.481	1.781	27350670	43267468.00
2015/07/10	1.650	1.959	1.612	1.899	25377205	46648956.00
2015/07/13	1.900	1.930	1.790	1.816	14986687	27562486.00
2015/07/14	1.795	1.949	1.640	1.949	17507353	29967362.00
2015/07/15	1.754	2.142	1.754	1.754	18943900	34977796.00
2015/07/16	1.579	1.631	1.579	1.587	21090072	33396140.00
2015/07/17	1.515	1.630	1.515	1.563	7780301	12181293.00
2015/07/20	1.563	1.563	1.478	1.501	6539985	9903660.00
2015/07/21	1.510	1.528	1.482	1.508	4826900	7273937.00
2015/07/22	1.508	1.508	1.480	1.483	4574221	6813783.50
2015/07/23	1.482	1.524	1.468	1.518	6415059	9655913.00
2015/07/24	1.520	1.536	1.493	1.500	6247478	9510645.00
2015/07/27	1.474	1.511	1.365	1.366	4316394	6166589.00
2015/07/28	1.339	1.383	1.300	1.362	4763217	6382590.00
2015/07/29	1.360	1.397	1.350	1.388	3064311	4180354.00
2015/07/30	1.388	1.413	1.367	1.367	3250822	4538515.00
2015/07/31	1.355	1.381	1.355	1.369	1749300	2392769.50
2015/08/03	1.369	1.375	1.331	1.365	2703075	3687070.75
2015/08/04	1.365	1.404	1.335	1.397	3623689	5011217.50
2015/08/05	1.397	1.414	1.390	1.397	1752578	2455750.50
2015/08/06	1.395	1.405	1.381	1.395	645500	899067.38
2015/08/07	1.402	1.420	1.355	1.405	807400	1136743.63
2015/08/10	1.410	1.470	1.380	1.468	3788055	5429251.00
2015/08/11	1.482	1.482	1.443	1.463	3106901	4535583.50
2015/08/12	1.430	1.460	1.430	1.439	602200	870938.13
2015/08/13	1.430	1.448	1.415	1.446	1225000	1755588.38
2015/08/14	1.448	1.455	1.436	1.448	1000000	1446640.00
2015/08/17	1.448	1.455	1.428	1.435	835600	1197445.00
2015/08/18	1.423	1.442	1.357	1.360	2502050	3546891.25
2015/08/19	1.343	1.398	1.331	1.393	1865700	2518301.00
2015/08/20	1.391	1.391	1.344	1.353	704001	960701.75
2015/08/21	1.353	1.430	1.290	1.306	1714100	2254683.50
2015/08/24	1.230	1.280	1.175	1.175	1354700	1614091.00
2015/08/25	1.100	1.146	1.058	1.058	1818900	1969896.00
2015/08/26	1.080	1.145	1.060	1.073	2575551	2817955.50
2015/08/27	1.083	1.160	1.083	1.160	2972669	3309776.25
2015/08/28	1.197	1.218	1.158	1.186	2388658	2820534.50
2015/08/31	1.189	1.194	1.156	1.192	2279200	2674817.50
2015/09/01	1.182	1.228	1.155	1.211	1456596	1745369.50
2015/09/02	1.172	1.211	1.162	1.209	3111534	3730087.00
2015/09/07	1.209	1.264	1.199	1.208	871277	1057483.50
2015/09/08	1.198	1.215	1.160	1.206	466386	553577.75
2015/09/09	1.203	1.239	1.203	1.226	754200	918051.38
2015/09/10	1.210	1.225	1.199	1.220	423000	513329.50
2015/09/11	1.206	1.227	1.206	1.215	124100	150657.80
2015/09/14	1.215	1.215	1.166	1.200	444200	528211.88
2015/09/15	1.119	1.200	1.105	1.175	190500	220497.70
2015/09/16	1.161	1.267	1.161	1.242	584900	700131.38
2015/09/17	1.239	1.241	1.193	1.205	398786	485947.53
2015/09/18	1.205	1.212	1.200	1.210	344200	415889.50
2015/09/21	1.200	1.220	1.193	1.218	140500	169593.30
2015/09/22	1.208	1.227	1.208	1.215	192600	234278.80
2015/09/23	1.215	1.215	1.180	1.207	122279	146617.41
2015/09/24	1.207	1.216	1.191	1.212	203600	244489.00
2015/09/25	1.204	1.204	1.165	1.197	184500	217470.00
2015/09/28	1.197	1.197	1.168	1.193	42400	49976.30
2015/09/29	1.167	1.189	1.163	1.180	67700	79648.60
2015/09/30	1.180	1.193	1.165	1.186	31700	37435.00
2015/10/08	1.193	1.240	1.188	1.214	458300	558581.50
2015/10/09	1.165	1.222	1.165	1.213	204000	244708.41
2015/10/12	1.213	1.263	1.203	1.259	618874	772863.69
2015/10/13	1.235	1.259	1.235	1.240	273600	341486.41
2015/10/14	1.235	1.245	1.223	1.235	247574	305920.00
2015/10/15	1.235	1.250	1.227	1.249	319474	395550.94
2015/10/16	1.265	1.265	1.254	1.263	803567	1013517.00
2015/10/19	1.263	1.281	1.248	1.248	330903	417521.78
2015/10/20	1.255	1.265	1.245	1.265	257467	323809.00
2015/10/21	1.259	1.277	1.230	1.236	491000	617261.69
2015/10/22	1.220	1.269	1.220	1.257	312800	388483.00
2015/10/23	1.251	1.288	1.251	1.280	1039634	1320398.25
2015/10/26	1.282	1.297	1.281	1.286	508500	655886.50
2015/10/27	1.264	1.288	1.256	1.285	71210	90200.80
2015/10/28	1.286	1.288	1.266	1.283	239000	307223.31
2015/10/29	1.280	1.280	1.270	1.270	37340	47560.84
2015/10/30	1.270	1.280	1.253	1.266	66100	83444.80
2015/11/02	1.266	1.270	1.246	1.247	43200	54085.60
2015/11/03	1.255	1.264	1.247	1.251	73300	92001.90
2015/11/04	1.251	1.292	1.251	1.292	349000	447081.50
2015/11/05	1.308	1.359	1.293	1.349	1380889	1856452.88
2015/11/06	1.320	1.366	1.320	1.366	350100	473078.22
2015/11/09	1.351	1.420	1.351	1.392	476900	669619.88
2015/11/10	1.392	1.422	1.365	1.382	568800	793813.38
2015/11/11	1.370	1.383	1.345	1.360	1044742	1421790.13
2015/11/12	1.360	1.360	1.342	1.348	254900	343158.31
2015/11/13	1.340	1.340	1.318	1.320	265600	351533.81
2015/11/16	1.283	1.332	1.283	1.332	438300	580406.00
2015/11/17	1.335	1.370	1.333	1.336	893000	1210906.13
2015/11/18	1.330	1.368	1.322	1.328	300100	403269.81
2015/11/19	1.396	1.396	1.325	1.339	197500	263047.41
2015/11/20	1.331	1.349	1.331	1.345	1299100	1732178.75
2015/11/23	1.339	1.365	1.327	1.327	656600	883284.81
2015/11/24	1.351	1.351	1.321	1.342	25100	33224.10
2015/11/25	1.333	1.348	1.316	1.340	410300	548840.63
2015/11/26	1.338	1.345	1.337	1.345	184500	246830.09
2015/11/27	1.322	1.340	1.280	1.286	72300	94680.60
2015/11/30	1.281	1.298	1.255	1.290	79000	101062.40
2015/12/01	1.309	1.310	1.247	1.291	211300	272068.41
2015/12/02	1.279	1.357	1.279	1.355	452301	597421.69
2015/12/03	1.312	1.365	1.312	1.349	135400	182567.80
2015/12/04	1.358	1.358	1.317	1.324	342300	457152.59
2015/12/07	1.294	1.358	1.294	1.314	11600	15290.30
2015/12/08	1.305	1.320	1.302	1.303	36900	48230.00
2015/12/09	1.304	1.305	1.290	1.296	299067	389080.19
2015/12/10	1.250	1.333	1.250	1.309	371600	489152.09
2015/12/11	1.285	1.317	1.285	1.300	34800	45206.40
2015/12/14	1.375	1.379	1.291	1.315	204400	269096.41
2015/12/15	1.316	1.324	1.302	1.312	129100	169638.20
2015/12/16	1.312	1.330	1.312	1.323	113900	150843.50
2015/12/17	1.325	1.349	1.322	1.341	266100	358191.69
2015/12/18	1.350	1.359	1.322	1.359	850241	1146680.75
2015/12/21	1.358	1.396	1.340	1.391	1290500	1793324.63
2015/12/22	1.398	1.400	1.381	1.400	709900	989678.38
2015/12/23	1.405	1.415	1.374	1.400	175600	245263.91
2015/12/24	1.365	1.382	1.352	1.369	34100	46497.70
2015/12/25	1.368	1.382	1.368	1.379	52800	72430.10
2015/12/28	1.358	1.379	1.301	1.357	440300	596340.13
2015/12/29	1.323	1.360	1.323	1.356	534100	717118.13
2015/12/30	1.342	1.367	1.342	1.364	432400	588965.63
2015/12/31	1.353	1.380	1.347	1.360	135900	185930.91
2016/01/04	1.343	1.397	1.325	1.325	55767	74627.48
2016/01/05	1.278	1.379	1.278	1.347	62000	82582.50
2016/01/06	1.347	1.347	1.292	1.347	261900	349336.41
2016/01/08	1.331	1.331	1.220	1.301	343100	438448.91
2016/01/11	1.250	1.299	1.225	1.225	266400	329948.41
2016/01/12	1.230	1.289	1.200	1.202	165800	200266.70
2016/01/13	1.181	1.227	1.170	1.170	91800	109867.20
2016/01/14	1.101	1.249	1.101	1.202	240000	282625.50
2016/01/15	1.170	1.197	1.155	1.155	119100	139748.30
2016/01/18	1.155	1.163	1.129	1.153	137300	157783.00
2016/01/19	1.160	1.189	1.131	1.189	160356	186479.08
2016/01/20	1.189	1.189	1.166	1.178	63100	73971.60
2016/01/21	1.178	1.178	1.148	1.160	54200	63363.40
2016/01/22	1.138	1.160	1.120	1.160	119100	134784.50
2016/01/25	1.160	1.163	1.140	1.157	57400	65906.30
2016/01/26	1.137	1.142	1.085	1.095	134000	148466.70
2016/01/27	1.090	1.108	1.073	1.080	160800	173308.00
2016/01/28	1.065	1.096	1.065	1.075	310100	336167.31
2016/01/29	1.095	1.112	1.061	1.111	27000	29449.60
2016/02/01	1.072	1.089	1.072	1.083	28200	30317.00
2016/02/02	1.074	1.109	1.068	1.109	101006	111056.30
2016/02/03	1.076	1.109	1.076	1.100	42900	46897.60
2016/02/04	1.117	1.136	1.117	1.123	29600	33236.60
2016/02/05	1.117	1.158	1.117	1.158	10800	12125.10
2016/02/15	1.058	1.160	1.058	1.155	3100	3535.60
2016/02/16	1.191	1.196	1.130	1.140	764400	871054.38
2016/02/17	1.109	1.137	1.108	1.136	231206	259409.75
2016/02/18	1.136	1.136	1.124	1.124	105300	118520.10
2016/02/19	1.129	1.130	1.113	1.120	19900	22251.40
2016/02/22	1.136	1.144	1.122	1.137	96600	109552.60
2016/02/23	1.137	1.147	1.123	1.139	34938	39485.44
2016/02/24	1.138	1.138	1.122	1.138	40700	46010.30
2016/02/25	1.120	1.130	1.075	1.076	75300	82769.10
2016/02/26	1.075	1.121	1.075	1.087	82500	89870.30
2016/02/29	1.140	1.140	1.058	1.076	232600	248980.20
2016/03/01	1.078	1.098	1.074	1.088	216600	234374.41
2016/03/02	1.106	1.130	1.089	1.130	101400	113046.30
2016/03/03	1.130	1.139	1.123	1.130	69400	78626.60
2016/03/04	1.132	1.149	1.121	1.147	600406	683112.19
2016/03/07	1.148	1.166	1.148	1.158	62604	72486.77
2016/03/08	1.131	1.152	1.122	1.152	299400	338938.19
2016/03/09	1.127	1.147	1.124	1.146	139306	157888.11
2016/03/10	1.146	1.153	1.138	1.138	21100	24151.20
2016/03/11	1.114	1.135	1.113	1.134	19900	22390.20
2016/03/14	1.153	1.160	1.135	1.153	314900	363020.41
2016/03/15	1.132	1.157	1.132	1.151	110700	125983.80
2016/03/16	1.152	1.170	1.145	1.158	127900	147998.59
2016/03/17	1.146	1.179	1.146	1.161	85700	99562.70
2016/03/18	1.140	1.180	1.140	1.174	239300	279868.00
2016/03/21	1.189	1.217	1.174	1.198	339638	405291.94
2016/03/22	1.198	1.201	1.186	1.198	98900	118410.00
2016/03/23	1.210	1.210	1.184	1.194	88100	104513.50
2016/03/24	1.189	1.204	1.174	1.190	508686	611911.50
2016/03/25	1.206	1.207	1.164	1.197	773206	912249.50
2016/03/28	1.187	1.187	1.170	1.172	122500	144225.59
2016/03/29	1.170	1.173	1.159	1.160	204800	239410.00
2016/03/30	1.164	1.192	1.164	1.192	59900	70641.70
2016/03/31	1.191	1.194	1.187	1.194	24000	28521.10
2016/04/01	1.195	1.195	1.175	1.189	4000	4738.50
2016/04/05	1.206	1.206	1.174	1.200	142400	170467.59
2016/04/06	1.200	1.200	1.181	1.190	64900	76989.40
2016/04/07	1.202	1.202	1.180	1.180	99800	118047.30
2016/04/08	1.171	1.180	1.165	1.171	89900	105706.60
2016/04/11	1.198	1.198	1.180	1.180	24900	29429.90
2016/04/12	1.180	1.193	1.172	1.183	47900	56657.10
2016/04/13	1.204	1.204	1.191	1.192	149700	179382.91
2016/04/14	1.183	1.197	1.180	1.193	46942	55819.16
2016/04/15	1.182	1.199	1.182	1.199	4900	5817.30
2016/04/18	1.199	1.199	1.178	1.181	40400	47685.60
2016/04/19	1.190	1.190	1.182	1.182	1900	2260.20
2016/04/20	1.195	1.195	1.146	1.181	70400	81441.30
2016/04/21	1.196	1.196	1.177	1.180	115100	135822.50
2016/04/22	1.170	1.180	1.170	1.180	23200	27328.00
2016/04/25	1.156	1.180	1.156	1.180	1300	1512.60
2016/04/26	1.164	1.180	1.164	1.180	105100	122649.50
2016/04/27	1.174	1.186	1.174	1.176	15200	17900.60
2016/04/28	1.182	1.182	1.162	1.177	10000	11698.50
2016/04/29	1.187	1.187	1.166	1.178	34300	40005.10
2016/05/03	1.178	1.188	1.178	1.187	38200	45099.40
2016/05/04	1.187	1.189	1.172	1.189	19600	23117.90
2016/05/05	1.188	1.188	1.177	1.188	9600	11396.16
2016/05/06	1.188	1.189	1.164	1.164	79500	93086.80
2016/05/09	1.164	1.164	1.133	1.145	44400	50634.20
2016/05/10	1.144	1.152	1.130	1.145	128500	145955.41
2016/05/11	1.149	1.159	1.140	1.140	11600	13230.10
2016/05/12	1.140	1.150	1.140	1.150	59400	67777.00
2016/05/13	1.141	1.161	1.134	1.134	17800	20368.30
2016/05/16	1.130	1.150	1.130	1.149	15500	17807.00
2016/05/17	1.153	1.153	1.143	1.152	6600	7555.80
2016/05/18	1.133	1.152	1.132	1.152	9700	11039.40
2016/05/20	1.147	1.149	1.146	1.149	3400	3904.00
2016/05/23	1.136	1.155	1.134	1.155	3800	4317.30
2016/05/24	1.132	1.152	1.126	1.126	27900	31573.40
2016/05/25	1.150	1.150	1.127	1.144	8700	9810.60
2016/05/26	1.147	1.147	1.126	1.140	500	570.00
2016/05/27	1.140	1.152	1.126	1.147	23700	26915.10
2016/05/31	1.157	1.174	1.157	1.174	53400	62216.60
2016/06/01	1.152	1.185	1.152	1.176	312200	367876.91
2016/06/02	1.162	1.180	1.162	1.177	28260	32977.66
2016/06/03	1.175	1.180	1.175	1.180	105800	124829.70
2016/06/06	1.174	1.179	1.174	1.174	100800	118789.20
2016/06/07	1.180	1.180	1.170	1.170	61700	72421.20
2016/06/08	1.176	1.176	1.176	1.176	100	117.60
2016/06/13	1.175	1.175	1.156	1.165	23500	27419.50
2016/06/14	1.161	1.163	1.151	1.158	43200	50063.79
2016/06/15	1.154	1.170	1.154	1.170	80000	93231.38
2016/06/16	1.170	1.170	1.157	1.168	3500	4076.50
2016/06/17	1.173	1.173	1.173	1.173	1000	1173.00
2016/06/20	1.171	1.171	1.170	1.170	1500	1755.10
2016/06/21	1.170	1.170	1.147	1.168	85100	98227.20
2016/06/22	1.148	1.166	1.148	1.166	77400	89581.80
2016/06/23	1.150	1.162	1.150	1.159	4700	5419.40
2016/06/24	1.148	1.160	1.146	1.157	51000	58908.60
2016/06/27	1.155	1.162	1.136	1.157	127400	146663.50
2016/06/28	1.139	1.155	1.139	1.155	39100	45039.80
2016/06/29	1.150	1.160	1.148	1.148	38200	44170.00
2016/06/30	1.150	1.166	1.150	1.165	257573	297193.81
2016/07/01	1.175	1.175	1.160	1.171	37200	43321.60
2016/07/04	1.165	1.188	1.165	1.180	167383	197337.31
2016/07/05	1.187	1.188	1.179	1.180	110500	130401.20
2016/07/06	1.170	1.188	1.170	1.188	184800	218422.59
2016/07/07	1.187	1.188	1.172	1.188	159500	187661.00
2016/07/08	1.188	1.188	1.178	1.178	65700	77444.30
2016/07/11	1.163	1.192	1.163	1.183	109500	130071.80
2016/07/12	1.183	1.203	1.183	1.202	143600	171654.41
2016/07/13	1.210	1.223	1.209	1.212	182000	221598.23
2016/07/14	1.201	1.228	1.201	1.209	15900	19259.10
2016/07/15	1.225	1.236	1.210	1.230	1442973	1765364.38
2016/07/18	1.229	1.235	1.221	1.227	121900	149737.70
2016/07/19	1.215	1.235	1.215	1.235	19100	23488.50
2016/07/20	1.201	1.221	1.200	1.220	29600	35732.20
2016/07/21	1.201	1.218	1.197	1.210	22000	26509.20
2016/07/22	1.201	1.213	1.193	1.213	107800	129410.20
2016/07/25	1.223	1.223	1.187	1.208	43000	51587.00
2016/07/26	1.193	1.217	1.193	1.217	234800	285179.31
2016/07/27	1.230	1.230	1.186	1.188	14100	16864.90
2016/07/28	1.180	1.206	1.180	1.195	7700	9190.40
2016/07/29	1.211	1.211	1.194	1.200	14200	16982.50
2016/08/01	1.181	1.210	1.181	1.183	2200	2601.30
2016/08/02	1.180	1.209	1.180	1.206	2800	3325.70
2016/08/03	1.207	1.207	1.200	1.200	4600	5544.70
2016/08/05	1.165	1.202	1.165	1.202	6700	7921.80
2016/08/08	1.202	1.211	1.202	1.211	10700	12897.10
2016/08/09	1.190	1.236	1.190	1.203	14100	16926.60
2016/08/10	1.210	1.220	1.203	1.215	76967	92690.20
2016/08/11	1.215	1.226	1.201	1.213	83500	102253.10
2016/08/12	1.200	1.230	1.200	1.230	137100	167483.41
2016/08/15	1.230	1.298	1.213	1.286	303890	388604.31
2016/08/16	1.286	1.299	1.268	1.275	33650	42782.40
2016/08/17	1.270	1.280	1.251	1.280	110900	139212.09
2016/08/18	1.257	1.275	1.256	1.261	51800	65905.50
2016/08/19	1.270	1.270	1.259	1.268	12100	15307.40
2016/08/22	1.251	1.263	1.251	1.253	13100	16494.00
2016/08/23	1.250	1.265	1.250	1.253	14200	17809.40
2016/08/24	1.244	1.256	1.244	1.247	7500	9347.50
2016/08/25	1.246	1.279	1.236	1.237	47100	59649.30
2016/08/26	1.260	1.260	1.247	1.251	7100	8927.40
2016/08/29	1.235	1.253	1.230	1.253	11200	13823.30
2016/08/30	1.239	1.249	1.237	1.237	2500	3113.70
2016/08/31	1.245	1.260	1.232	1.239	5300	6569.10
2016/09/01	1.254	1.255	1.237	1.253	24950	31122.65
2016/09/02	1.254	1.254	1.243	1.252	2600	3244.30
2016/09/05	1.238	1.269	1.238	1.250	146200	185180.41
2016/09/06	1.239	1.269	1.239	1.265	122800	152461.30
2016/09/07	1.263	1.265	1.253	1.261	16000	20090.60
2016/09/08	1.267	1.267	1.234	1.257	37000	46304.40
2016/09/09	1.249	1.272	1.248	1.257	48900	61480.20
2016/09/12	1.237	1.250	1.230	1.241	36600	45334.80
2016/09/13	1.259	1.259	1.213	1.229	55650	67686.75
2016/09/14	1.240	1.250	1.230	1.236	60500	74962.30
2016/09/19	1.188	1.259	1.188	1.249	193000	240001.59
2016/09/20	1.225	1.235	1.225	1.231	28100	34625.90
2016/09/21	1.239	1.239	1.239	1.239	1700	2106.30
2016/09/22	1.240	1.252	1.226	1.242	18500	23043.40
2016/09/23	1.255	1.255	1.224	1.240	8300	10372.70
2016/09/26	1.209	1.230	1.209	1.220	56700	69218.10
2016/09/27	1.239	1.239	1.213	1.213	59340	72552.82
2016/09/28	1.237	1.237	1.217	1.219	54200	66176.20
2016/09/29	1.239	1.239	1.216	1.239	900	1103.40
2016/09/30	1.239	1.239	1.239	1.239	300	371.70
2016/10/10	1.238	1.250	1.237	1.250	67300	83785.40
2016/10/11	1.250	1.256	1.250	1.250	26700	33427.10
2016/10/12	1.268	1.290	1.232	1.279	25400	32529.80
2016/10/13	1.279	1.279	1.224	1.248	4300	5444.40
2016/10/17	1.248	1.248	1.239	1.248	4800	5953.00
2016/10/18	1.289	1.289	1.244	1.255	14900	18984.20
2016/10/19	1.255	1.256	1.246	1.246	10300	12869.60
2016/10/20	1.268	1.268	1.250	1.250	11500	14438.60
2016/10/21	1.259	1.263	1.258	1.260	67100	84644.10
2016/10/24	1.256	1.287	1.247	1.260	49300	62085.60
2016/10/25	1.284	1.284	1.261	1.274	6900	8786.80
2016/10/26	1.274	1.274	1.259	1.267	5800	7346.80
2016/10/27	1.245	1.285	1.245	1.252	5500	6978.20
2016/10/28	1.281	1.281	1.260	1.260	22340	28155.80
2016/10/31	1.251	1.281	1.251	1.251	23840	30051.54
2016/11/01	1.245	1.279	1.245	1.268	52300	66151.10
2016/11/02	1.252	1.268	1.247	1.268	21100	26449.40
2016/11/03	1.245	1.282	1.245	1.282	486400	613183.38
2016/11/04	1.276	1.276	1.260	1.271	103250	130940.85
2016/11/07	1.251	1.273	1.249	1.249	2200	2796.00
2016/11/08	1.272	1.294	1.264	1.264	131800	167231.20
2016/11/09	1.261	1.277	1.250	1.276	242290	307433.53
2016/11/10	1.280	1.282	1.271	1.281	68300	87518.90
2016/11/11	1.281	1.295	1.273	1.279	1205990	1546896.63
2016/11/14	1.279	1.296	1.279	1.280	160800	207159.09
2016/11/15	1.289	1.292	1.278	1.289	28000	36064.00
2016/11/16	1.291	1.293	1.283	1.290	286103	368749.34
2016/11/17	1.290	1.292	1.286	1.286	138200	178279.20
2016/11/18	1.292	1.294	1.280	1.281	159100	204786.91
2016/11/21	1.289	1.308	1.289	1.298	365100	475306.94
2016/11/22	1.285	1.347	1.285	1.310	1605600	2098315.00
2016/11/23	1.316	1.330	1.310	1.320	53100	70067.30
2016/11/24	1.301	1.328	1.300	1.328	41200	54437.20
2016/11/25	1.326	1.335	1.311	1.334	40100	53105.50
2016/11/28	1.339	1.400	1.339	1.357	247500	342318.31
2016/11/29	1.375	1.393	1.358	1.365	365600	505129.19
2016/11/30	1.365	1.366	1.352	1.355	103400	140117.30
2016/12/01	1.355	1.369	1.355	1.368	35600	48576.30
2016/12/02	1.360	1.383	1.345	1.348	43600	59181.90
2016/12/05	1.312	1.346	1.312	1.344	29200	38987.20
2016/12/06	1.334	1.335	1.318	1.334	31700	41879.90
2016/12/07	1.320	1.375	1.320	1.375	76600	103375.80
2016/12/08	1.388	1.388	1.336	1.370	153200	207818.41
2016/12/09	1.331	1.364	1.330	1.347	34200	46366.80
2016/12/12	1.360	1.360	1.321	1.322	42800	56957.00
2016/12/13	1.318	1.347	1.318	1.341	44500	59047.60
2016/12/14	1.320	1.343	1.320	1.335	1000	1335.00
2016/12/15	1.289	1.335	1.289	1.294	36600	47548.20
2016/12/16	1.261	1.294	1.261	1.271	97500	123553.10
2016/12/19	1.299	1.299	1.263	1.263	147800	187063.50
2016/12/20	1.310	1.310	1.211	1.254	69900	87738.70
2016/12/21	1.271	1.273	1.236	1.271	29600	37203.70
2016/12/22	1.268	1.271	1.263	1.271	7900	10030.40
2016/12/23	1.311	1.311	1.262	1.262	1200	1559.90
2016/12/26	1.380	1.380	1.225	1.271	19000	23851.60
2016/12/27	1.273	1.273	1.258	1.258	43300	54491.50
2016/12/28	1.271	1.272	1.247	1.247	13800	17369.10
2016/12/29	1.250	1.256	1.249	1.256	12700	15868.90
2016/12/30	1.279	1.280	1.250	1.269	130500	164456.91
2017/01/03	1.266	1.272	1.245	1.272	49100	62150.70
2017/01/04	1.270	1.278	1.269	1.278	22500	28699.30
2017/01/05	1.254	1.290	1.254	1.272	55001	69839.17
2017/01/06	1.289	1.289	1.289	1.289	100	128.90
2017/01/10	1.272	1.288	1.272	1.274	20200	25701.90
2017/01/11	1.273	1.273	1.250	1.262	29200	36782.60
2017/01/12	1.264	1.283	1.255	1.279	37601	47277.25
2017/01/13	1.277	1.287	1.269	1.270	35800	45742.70
2017/01/16	1.270	1.273	1.244	1.273	59702	75466.10
2017/01/17	1.273	1.290	1.262	1.267	10000	12678.40
2017/01/18	1.275	1.299	1.270	1.297	96202	123535.27
2017/01/19	1.297	1.297	1.280	1.283	9200	11797.70
2017/01/20	1.283	1.294	1.283	1.290	2600	3354.90
2017/01/23	1.287	1.300	1.281	1.298	29400	37718.30
2017/01/24	1.291	1.298	1.285	1.289	6600	8508.20
2017/01/25	1.289	1.294	1.282	1.294	1900	2444.90
2017/01/26	1.288	1.299	1.288	1.296	35500	45963.80
2017/02/03	1.313	1.314	1.283	1.299	10700	13891.10
2017/02/06	1.290	1.299	1.281	1.295	51000	65614.30
2017/02/07	1.290	1.290	1.281	1.290	5800	7433.00
2017/02/08	1.285	1.291	1.282	1.291	34000	43751.10
2017/02/09	1.291	1.298	1.285	1.298	21500	27841.90
2017/02/10	1.295	1.298	1.286	1.298	19300	25027.10
2017/02/13	1.298	1.313	1.282	1.307	29900	38992.70
2017/02/14	1.307	1.317	1.300	1.311	110000	143055.91
2017/02/15	1.310	1.340	1.303	1.311	166300	221074.70
2017/02/16	1.326	1.328	1.318	1.318	40200	53225.10
2017/02/17	1.318	1.318	1.307	1.317	27500	36029.60
2017/02/20	1.309	1.329	1.308	1.329	19100	25100.70
2017/02/21	1.319	1.329	1.318	1.329	50200	66586.80
2017/02/22	1.329	1.340	1.328	1.340	24800	33090.90
2017/02/23	1.329	1.329	1.316	1.329	27500	36339.40
2017/02/24	1.336	1.336	1.320	1.325	7700	10203.10
2017/02/27	1.319	1.322	1.308	1.322	35200	46053.10
2017/02/28	1.312	1.319	1.301	1.319	22700	29629.60
2017/03/01	1.311	1.320	1.311	1.311	27400	35986.30
2017/03/02	1.330	1.330	1.313	1.313	28500	37470.10
2017/03/03	1.307	1.330	1.295	1.295	39400	51724.50
2017/03/06	1.295	1.308	1.295	1.305	6300	8220.30
2017/03/07	1.321	1.333	1.310	1.320	37400	49473.70
2017/03/08	1.295	1.322	1.295	1.320	4200	5542.10
2017/03/09	1.320	1.320	1.297	1.320	42600	55330.80
2017/03/10	1.290	1.319	1.290	1.297	41143	53398.77
2017/03/13	1.280	1.315	1.280	1.310	1003500	1314445.38
2017/03/14	1.292	1.318	1.292	1.312	34600	45015.20
2017/03/15	1.304	1.309	1.295	1.308	8800	11486.00
2017/03/16	1.336	1.338	1.303	1.315	27400	35983.70
2017/03/17	1.313	1.323	1.299	1.299	21700	28354.90
2017/03/20	1.300	1.306	1.290	1.305	32543	42243.56
2017/03/21	1.303	1.310	1.301	1.305	5800	7574.70
2017/03/22	1.320	1.320	1.295	1.304	51000	66497.50
2017/03/23	1.303	1.308	1.298	1.306	44900	58344.40
2017/03/24	1.302	1.315	1.300	1.315	144100	188990.50
2017/03/27	1.318	1.318	1.312	1.312	73103	96169.13
2017/03/28	1.314	1.326	1.312	1.312	174800	229339.59
2017/03/29	1.311	1.312	1.309	1.311	17900	23464.00
2017/03/30	1.309	1.321	1.296	1.298	132270	172449.63
2017/03/31	1.308	1.308	1.305	1.305	7800	10187.40
2017/04/05	1.312	1.318	1.305	1.316	211143	276951.69
2017/04/06	1.313	1.323	1.307	1.320	187103	245423.42
2017/04/07	1.315	1.320	1.310	1.320	25300	33194.40
2017/04/10	1.314	1.326	1.312	1.322	5900	7754.80
2017/04/11	1.310	1.321	1.310	1.314	84600	111041.20
2017/04/12	1.319	1.327	1.304	1.327	132000	174794.41
2017/04/13	1.320	1.324	1.310	1.324	10400	13707.80
2017/04/14	1.318	1.319	1.309	1.309	4200	5534.30
2017/04/17	1.309	1.333	1.309	1.325	52843	70005.98
2017/04/18	1.312	1.333	1.311	1.311	13400	17582.80
2017/04/19	1.300	1.319	1.300	1.311	13100	17046.20
2017/04/20	1.320	1.320	1.309	1.309	10800	14144.90
2017/04/21	1.320	1.325	1.310	1.323	44643	58611.69
2017/04/24	1.318	1.331	1.301	1.331	15300	20045.00
2017/04/26	1.317	1.333	1.317	1.328	5900	7825.30
2017/04/27	1.318	1.320	1.305	1.319	56400	74278.95
2017/04/28	1.316	1.328	1.305	1.325	996922	1316224.50
2017/05/02	1.315	1.339	1.315	1.332	29000	38601.70
2017/05/03	1.349	1.349	1.317	1.317	9522	12543.67
2017/05/04	1.308	1.339	1.303	1.339	14100	18419.90
2017/05/05	1.339	1.339	1.305	1.305	27600	36099.50
2017/05/08	1.310	1.335	1.303	1.303	26900	35371.40
2017/05/09	1.328	1.328	1.284	1.299	5300	6889.00
2017/05/10	1.305	1.328	1.300	1.320	12900	16796.20
2017/05/11	1.319	1.319	1.302	1.310	11602	15201.52
2017/05/12	1.319	1.319	1.309	1.317	24202	31714.62
2017/05/15	1.317	1.333	1.317	1.329	8000	10605.00
2017/05/16	1.320	1.333	1.316	1.332	19400	25722.90
2017/05/17	1.332	1.332	1.314	1.316	21300	28205.30
2017/05/18	1.316	1.320	1.310	1.320	25800	33904.60
2017/05/19	1.320	1.320	1.307	1.319	11500	15116.60
2017/05/22	1.308	1.330	1.308	1.330	139800	184256.80
2017/05/23	1.326	1.340	1.313	1.340	164300	218488.59
2017/05/24	1.325	1.339	1.325	1.339	177800	235908.30
2017/05/25	1.336	1.377	1.334	1.377	128900	174843.41
2017/05/26	1.377	1.377	1.352	1.370	25600	34725.30
2017/05/31	1.369	1.385	1.344	1.379	51400	70492.70
2017/06/01	1.362	1.385	1.362	1.385	40661	55904.04
2017/06/02	1.385	1.520	1.385	1.449	1797561	2629206.25
2017/06/05	1.449	1.550	1.420	1.482	264000	392821.59
2017/06/06	1.530	1.530	1.396	1.409	818700	1164060.88
2017/06/07	1.484	1.484	1.400	1.410	369300	520961.19
2017/06/08	1.385	1.410	1.385	1.404	216500	302211.41
2017/06/09	1.402	1.428	1.402	1.417	76100	107775.70
2017/06/12	1.417	1.428	1.410	1.416	75900	107442.60
2017/06/13	1.413	1.421	1.400	1.414	48200	68129.10
2017/06/14	1.412	1.412	1.398	1.406	104000	145678.70
2017/06/15	1.390	1.406	1.390	1.403	14600	20364.10
2017/06/16	1.388	1.404	1.388	1.390	33002	45995.48
2017/06/19	1.390	1.404	1.390	1.402	57900	80944.70
2017/06/20	1.402	1.402	1.396	1.398	44400	62112.00
2017/06/21	1.398	1.426	1.396	1.425	137802	195575.64
2017/06/22	1.426	1.466	1.421	1.461	456400	664060.31
2017/06/23	1.418	1.458	1.418	1.457	29400	42398.20
2017/06/26	1.457	1.478	1.457	1.475	155400	229139.78
2017/06/27	1.438	1.478	1.438	1.458	160600	234555.50
2017/06/28	1.451	1.467	1.442	1.458	119600	174280.80
2017/06/29	1.456	1.456	1.432	1.443	140043	202509.81
2017/06/30	1.442	1.457	1.441	1.457	302300	438346.00
2017/07/03	1.444	1.459	1.444	1.447	51100	74011.90
2017/07/04	1.445	1.447	1.440	1.441	23000	33238.10
2017/07/05	1.437	1.446	1.437	1.446	82600	119156.30
2017/07/06	1.453	1.459	1.447	1.451	40200	58442.10
2017/07/07	1.451	1.459	1.443	1.458	120500	174965.50
2017/07/10	1.447	1.459	1.447	1.451	55800	81018.40
2017/07/11	1.458	1.479	1.450	1.474	366006	536502.94
2017/07/12	1.480	1.480	1.465	1.465	110663	162763.14
2017/07/13	1.470	1.480	1.469	1.479	1344300	1989485.63
2017/07/14	1.483	1.495	1.479	1.495	102963	152883.83
2017/07/17	1.511	1.532	1.473	1.498	1895000	2844521.00
2017/07/18	1.498	1.498	1.472	1.484	2085600	3101968.50
2017/07/19	1.486	1.516	1.475	1.516	14806438	22199098.00
2017/07/20	1.508	1.530	1.508	1.528	2944638	4455988.00
2017/07/21	1.524	1.528	1.506	1.509	5245700	7936218.00
2017/07/24	1.510	1.522	1.502	1.512	2785600	4188315.00
2017/07/25	1.509	1.514	1.502	1.502	557600	841253.19
2017/07/26	1.503	1.506	1.495	1.495	203243	305201.19
2017/07/27	1.494	1.502	1.484	1.491	187100	279495.41
2017/07/28	1.491	1.507	1.484	1.503	114300	171280.80
2017/07/31	1.500	1.510	1.500	1.504	110300	165713.20
2017/08/01	1.497	1.520	1.497	1.519	271000	408903.19
2017/08/02	1.520	1.520	1.513	1.515	422200	641504.00
2017/08/03	1.506	1.518	1.491	1.495	44700	67108.90
2017/08/04	1.493	1.503	1.492	1.495	26400	39543.60
2017/08/07	1.489	1.499	1.477	1.495	40600	60530.70
2017/08/08	1.497	1.498	1.486	1.495	44200	65917.20
2017/08/09	1.487	1.498	1.485	1.498	38200	56823.70
2017/08/10	1.496	1.499	1.485	1.497	11600	17302.60
2017/08/11	1.483	1.497	1.478	1.481	29743	44032.36
2017/08/14	1.474	1.480	1.461	1.480	38322	56403.83
2017/08/15	1.477	1.482	1.472	1.482	19000	28023.80
2017/08/16	1.478	1.480	1.467	1.480	123900	182343.91
2017/08/17	1.462	1.475	1.462	1.475	121400	178759.91
2017/08/18	1.479	1.485	1.470	1.485	110100	162761.50
2017/08/21	1.485	1.487	1.483	1.485	7800	11581.30
2017/08/22	1.489	1.500	1.481	1.500	2245700	3344988.75
2017/08/23	1.504	1.508	1.492	1.508	88800	133587.30
2017/08/24	1.504	1.513	1.498	1.504	2519500	3793008.50
2017/08/25	1.499	1.520	1.498	1.520	1358000	2042244.38
2017/08/28	1.528	1.555	1.523	1.551	170743	264131.25
2017/08/29	1.548	1.548	1.531	1.544	35600	54952.20
2017/08/30	1.558	1.558	1.540	1.543	30200	46876.60
2017/08/31	1.545	1.545	1.522	1.539	31500	48352.10
2017/09/01	1.548	1.568	1.540	1.567	66900	104342.70
2017/09/04	1.565	1.565	1.540	1.552	88200	135979.00
2017/09/05	1.552	1.554	1.545	1.550	69600	107746.60
2017/09/06	1.549	1.549	1.539	1.549	21800	33671.30
2017/09/07	1.543	1.545	1.532	1.534	67200	103224.40
2017/09/08	1.532	1.545	1.530	1.545	5000	7686.10
2017/09/11	1.537	1.545	1.530	1.532	55500	85149.70
2017/09/12	1.527	1.539	1.507	1.530	50800	77468.60
2017/09/13	1.529	1.531	1.525	1.531	79500	121535.70
2017/09/14	1.541	1.541	1.538	1.538	2000	3078.30
2017/09/15	1.522	1.538	1.518	1.531	69300	106126.20
2017/09/18	1.538	1.540	1.530	1.533	43080	66224.84
2017/09/19	1.528	1.542	1.528	1.528	38100	58544.00
2017/09/20	1.536	1.538	1.531	1.531	14200	21772.70
2017/09/21	1.530	1.535	1.512	1.520	11700	17840.30
2017/09/22	1.526	1.538	1.523	1.532	51414	78886.71
2017/09/25	1.532	1.532	1.520	1.529	65700	100305.00
2017/09/26	1.536	1.536	1.530	1.531	25140	38555.64
2017/09/27	1.532	1.535	1.532	1.533	25200	38656.50
2017/09/28	1.532	1.534	1.505	1.533	30843	47052.29
2017/09/29	1.540	1.540	1.530	1.539	23700	36471.00
2017/10/09	1.559	1.564	1.542	1.554	154538	240202.53
2017/10/10	1.559	1.559	1.536	1.551	33100	51063.10
2017/10/11	1.549	1.566	1.549	1.564	179100	278371.50
2017/10/12	1.564	1.566	1.555	1.563	646900	1006477.31
2017/10/13	1.562	1.566	1.555	1.565	30649	47930.57
2017/10/16	1.563	1.597	1.558	1.569	108000	170298.47
2017/10/17	1.563	1.574	1.557	1.574	217300	341687.69
2017/10/18	1.574	1.585	1.569	1.585	1182300	1858706.63
2017/10/19	1.581	1.585	1.578	1.578	28200	44585.90
2017/10/20	1.577	1.581	1.561	1.578	26000	40922.30
2017/10/23	1.575	1.579	1.572	1.579	6500	10246.50
2017/10/24	1.579	1.587	1.578	1.587	99000	156727.80
2017/10/25	1.595	1.600	1.585	1.590	76200	121618.30
2017/10/26	1.590	1.632	1.580	1.620	519497	839218.13
2017/10/27	1.618	1.634	1.614	1.625	69900	113288.90
2017/10/30	1.626	1.626	1.605	1.620	151597	245442.05
2017/10/31	1.619	1.624	1.617	1.624	38100	61775.50
2017/11/01	1.618	1.640	1.615	1.632	131502	214922.23
2017/11/02	1.619	1.638	1.619	1.620	154300	250335.30
2017/11/03	1.620	1.628	1.620	1.622	68040	110392.80
2017/11/06	1.634	1.635	1.607	1.635	58000	93935.80
2017/11/07	1.632	1.646	1.632	1.643	142400	233373.91
2017/11/08	1.644	1.655	1.644	1.648	132700	218687.00
2017/11/09	1.645	1.660	1.645	1.658	259602	429240.28
2017/11/10	1.680	1.680	1.653	1.677	153700	256612.41
2017/11/13	1.677	1.677	1.671	1.674	76800	128479.90
2017/11/14	1.674	1.678	1.657	1.665	70400	117019.80
2017/11/15	1.665	1.666	1.647	1.657	115600	191014.80
2017/11/16	1.657	1.671	1.654	1.663	91800	152453.41
2017/11/17	1.665	1.687	1.664	1.687	458405	769583.88
2017/11/20	1.687	1.696	1.675	1.696	402600	679563.38
2017/11/21	1.698	1.774	1.698	1.750	1035900	1805392.50
2017/11/22	1.753	1.818	1.753	1.795	493340	880875.38
2017/11/23	1.780	1.800	1.778	1.780	506200	905616.81
2017/11/24	1.780	1.820	1.780	1.800	785500	1417436.00
2017/11/27	1.800	1.800	1.714	1.747	194700	340762.41
2017/11/28	1.746	1.746	1.692	1.698	439400	750317.88
2017/11/29	1.690	1.745	1.677	1.698	329340	558140.63
2017/11/30	1.700	1.700	1.658	1.669	177400	297075.81
2017/12/01	1.660	1.685	1.640	1.656	429900	711416.31
2017/12/04	1.648	1.682	1.640	1.678	107800	179565.41
2017/12/05	1.677	1.695	1.677	1.693	80900	136385.80
2017/12/06	1.680	1.740	1.675	1.700	761000	1286933.63
2017/12/07	1.718	1.718	1.667	1.667	274400	460776.09
2017/12/08	1.680	1.680	1.655	1.660	193500	322570.19
2017/12/11	1.690	1.718	1.660	1.710	247700	421893.09
2017/12/12	1.710	1.716	1.686	1.687	261700	444275.59
2017/12/13	1.681	1.713	1.681	1.713	256300	433277.31
2017/12/14	1.722	1.723	1.675	1.685	97500	165191.09
2017/12/15	1.685	1.685	1.655	1.675	222400	370396.91
2017/12/18	1.636	1.675	1.636	1.673	47200	78265.40
2017/12/19	1.673	1.679	1.658	1.679	106400	178272.50
2017/12/20	1.662	1.689	1.662	1.684	165700	278097.50
2017/12/21	1.666	1.689	1.666	1.683	159300	268098.69
2017/12/22	1.686	1.690	1.664	1.685	114000	191909.09
2017/12/25	1.688	1.738	1.687	1.710	298000	508765.00
2017/12/26	1.709	1.723	1.709	1.713	159700	273343.91
2017/12/27	1.690	1.723	1.690	1.700	116700	199521.20
2017/12/28	1.680	1.709	1.680	1.705	27600	46834.60
2017/12/29	1.690	1.720	1.690	1.693	37200	63406.00
2018/01/02	1.695	1.720	1.695	1.712	146100	249880.20
2018/01/03	1.712	1.726	1.712	1.719	241300	415473.19
2018/01/04	1.726	1.732	1.718	1.726	113300	195795.80
2018/01/05	1.735	1.735	1.719	1.720	82800	142609.00
2018/01/08	1.720	1.850	1.715	1.779	435300	766849.38
2018/01/09	1.780	1.800	1.750	1.779	236800	417994.59
2018/01/10	1.761	1.796	1.761	1.779	69600	123543.00
2018/01/11	1.783	1.800	1.780	1.795	110200	196873.20
2018/01/12	1.795	1.830	1.780	1.811	333200	603460.00
2018/01/15	1.811	1.840	1.811	1.834	298200	546623.88
2018/01/16	1.820	1.860	1.784	1.859	489300	897942.31
2018/01/17	1.862	1.898	1.862	1.863	845200	1593569.00
2018/01/18	1.898	1.963	1.872	1.948	1200088	2289140.25
2018/01/19	1.993	2.115	1.987	2.111	1871524	3889467.00
2018/01/22	2.090	2.322	2.000	2.322	2916122	6418953.50
2018/01/23	2.316	2.316	2.090	2.090	7611200	16365955.00
2018/01/24	1.881	1.881	1.881	1.881	3183900	5988916.00
2018/01/25	1.839	1.860	1.820	1.836	7453134	13705960.00
2018/01/26	1.835	1.857	1.828	1.847	4980834	9199312.00
2018/01/29	1.850	1.852	1.800	1.809	5362434	9842796.00
2018/01/30	1.800	1.808	1.780	1.780	2809000	5051813.50
2018/01/31	1.770	1.830	1.770	1.810	2065034	3735433.75
2018/02/01	1.807	1.873	1.807	1.849	7881534	14460029.00
2018/02/02	1.847	1.847	1.809	1.831	2873734	5246785.50
2018/02/05	1.816	1.825	1.800	1.823	1976522	3582489.75
2018/02/06	1.800	1.813	1.708	1.768	3621000	6390571.50
2018/02/07	1.797	1.797	1.724	1.727	3018700	5307340.00
2018/02/08	1.718	1.746	1.682	1.699	2143900	3653476.50
2018/02/09	1.670	1.670	1.580	1.612	3198700	5151272.00
2018/02/12	1.615	1.669	1.615	1.642	2492700	4058984.50
2018/02/13	1.666	1.685	1.650	1.668	2222100	3704013.25
2018/02/14	1.678	1.680	1.654	1.680	1638100	2729485.50
2018/02/22	1.686	1.728	1.686	1.721	1729900	2958782.00
2018/02/23	1.721	1.726	1.700	1.719	1138800	1950979.75
2018/02/26	1.729	1.739	1.709	1.735	806400	1392937.25
2018/02/27	1.736	1.736	1.706	1.707	1026800	1759164.13
2018/02/28	1.701	1.701	1.672	1.688	954700	1608057.75
2018/03/01	1.680	1.695	1.666	1.688	2435500	4095002.75
2018/03/02	1.679	1.688	1.668	1.675	875800	1467096.38
2018/03/05	1.673	1.690	1.670	1.677	224300	376177.09
2018/03/06	1.671	1.691	1.666	1.691	1487200	2497686.00
2018/03/07	1.690	1.712	1.683	1.683	670900	1142649.38
2018/03/08	1.708	1.708	1.676	1.700	315200	533954.00
2018/03/09	1.700	1.709	1.692	1.708	854500	1456819.38
2018/03/12	1.713	1.719	1.705	1.705	747200	1277155.25
2018/03/13	1.706	1.716	1.695	1.695	822800	1406037.50
2018/03/14	1.688	1.688	1.678	1.685	676100	1138528.75
2018/03/15	1.686	1.698	1.681	1.698	508600	860000.38
2018/03/16	1.697	1.707	1.689	1.689	377000	640888.88
2018/03/19	1.704	1.704	1.680	1.688	312500	527002.00
2018/03/20	1.678	1.691	1.673	1.689	707222	1188903.38
2018/03/21	1.703	1.710	1.687	1.692	529900	901797.88
2018/03/22	1.690	1.690	1.670	1.677	2035000	3404916.50
2018/03/23	1.651	1.651	1.601	1.622	920400	1493027.00
2018/03/26	1.598	1.622	1.598	1.604	1066900	1711494.75
2018/03/27	1.625	1.629	1.606	1.618	1539900	2490966.50
2018/03/28	1.615	1.615	1.575	1.597	355600	568097.63
2018/03/29	1.596	1.618	1.566	1.614	663700	1053885.25
2018/03/30	1.649	1.649	1.602	1.607	1247000	2002358.63
2018/04/02	1.612	1.622	1.594	1.595	449800	722341.38
2018/04/03	1.570	1.598	1.570	1.587	406600	642203.50
2018/04/04	1.587	1.608	1.587	1.588	424200	677431.88
2018/04/09	1.585	1.597	1.580	1.586	151300	239941.20
2018/04/10	1.588	1.615	1.588	1.614	290700	465411.91
2018/04/11	1.615	1.635	1.615	1.628	278300	452938.81
2018/04/12	1.617	1.625	1.616	1.616	128100	207256.59
2018/04/13	1.617	1.625	1.604	1.612	69300	111903.60
2018/04/16	1.595	1.600	1.575	1.580	252000	399379.00
2018/04/17	1.590	1.596	1.564	1.564	227600	357416.41
2018/04/18	1.567	1.599	1.541	1.550	655200	1014873.88
2018/04/19	1.547	1.577	1.546	1.570	1175000	1837090.13
2018/04/20	1.544	1.578	1.543	1.564	281500	437781.31
2018/04/23	1.565	1.570	1.546	1.558	274700	426140.41
2018/04/24	1.564	1.593	1.564	1.593	367300	582177.13
2018/04/25	1.594	1.594	1.579	1.579	106200	168096.00
2018/04/26	1.565	1.575	1.553	1.553	142100	221320.50
2018/04/27	1.553	1.553	1.518	1.544	188600	290499.91
2018/05/02	1.548	1.566	1.542	1.546	68200	105469.30
2018/05/03	1.519	1.551	1.519	1.549	103400	159108.41
2018/05/04	1.554	1.556	1.542	1.549	22800	35326.60
2018/05/07	1.555	1.565	1.545	1.565	397700	619916.88
2018/05/08	1.571	1.596	1.553	1.587	231600	366636.19
2018/05/09	1.587	1.596	1.582	1.585	498500	793708.31
2018/05/10	1.595	1.600	1.587	1.595	139500	222479.30
2018/05/11	1.586	1.598	1.585	1.593	218200	347566.59
2018/05/14	1.606	1.608	1.605	1.605	179800	288728.19
2018/05/15	1.607	1.608	1.595	1.607	138500	221923.00
2018/05/16	1.595	1.606	1.592	1.592	54700	87459.60
2018/05/17	1.596	1.596	1.583	1.583	22800	36213.00
2018/05/18	1.589	1.606	1.580	1.606	77500	123658.30
2018/05/21	1.601	1.614	1.598	1.609	223200	359157.41
2018/05/22	1.610	1.610	1.591	1.595	174600	278952.69
2018/05/23	1.596	1.596	1.581	1.581	183500	290743.81
2018/05/24	1.594	1.594	1.575	1.575	63300	99984.30
2018/05/25	1.576	1.584	1.553	1.553	115200	180379.59
2018/05/28	1.559	1.576	1.559	1.570	48700	76489.10
2018/05/29	1.559	1.575	1.559	1.570	51900	81372.90
2018/05/30	1.560	1.560	1.539	1.541	141300	218001.80
2018/05/31	1.542	1.561	1.542	1.561	290300	450956.91
2018/06/01	1.561	1.565	1.549	1.551	318900	496591.09
2018/06/04	1.565	1.582	1.561	1.580	168100	264141.00
2018/06/05	1.587	1.596	1.572	1.595	124900	198728.41
2018/06/06	1.603	1.603	1.581	1.590	295700	469064.31
2018/06/07	1.598	1.598	1.580	1.591	168400	267508.09
2018/06/08	1.582	1.582	1.558	1.571	69200	108422.10
2018/06/11	1.575	1.575	1.562	1.570	91500	143266.50
2018/06/12	1.583	1.589	1.569	1.588	576400	913397.63
2018/06/13	1.588	1.588	1.550	1.570	1190200	1871206.63
2018/06/14	1.566	1.584	1.561	1.568	112100	176053.30
2018/06/15	1.558	1.576	1.556	1.565	112600	176014.30
2018/06/19	1.559	1.559	1.524	1.524	512800	789069.63
2018/06/20	1.514	1.547	1.514	1.543	102500	156613.70
2018/06/21	1.541	1.555	1.526	1.533	412800	639677.63
2018/06/22	1.521	1.553	1.508	1.535	119000	182137.09
2018/06/25	1.535	1.560	1.493	1.500	388300	585721.88
2018/06/26	1.480	1.493	1.457	1.486	645500	947707.00
2018/06/27	1.478	1.481	1.439	1.450	212600	309424.69
2018/06/28	1.466	1.466	1.421	1.444	129300	186396.09
2018/06/29	1.443	1.468	1.435	1.466	260400	376915.50
2018/07/02	1.467	1.515	1.417	1.420	746200	1064043.25
2018/07/03	1.492	1.492	1.390	1.439	317700	449404.09
2018/07/04	1.415	1.432	1.401	1.411	317500	447315.09
2018/07/05	1.409	1.419	1.398	1.402	143700	201758.00
2018/07/06	1.418	1.420	1.387	1.418	1349000	1906346.13
2018/07/09	1.425	1.448	1.425	1.448	705505	1018819.13
2018/07/10	1.448	1.454	1.443	1.448	2113005	3061710.25
2018/07/11	1.440	1.440	1.422	1.432	83000	118541.60
2018/07/12	1.439	1.465	1.438	1.458	389500	567361.13
2018/07/13	1.467	1.470	1.447	1.468	280000	409881.00
2018/07/16	1.470	1.470	1.452	1.459	45200	65945.00
2018/07/17	1.450	1.457	1.426	1.457	187900	270671.09
2018/07/18	1.442	1.460	1.441	1.444	94600	136695.41
2018/07/19	1.453	1.453	1.440	1.440	36800	53147.40
2018/07/20	1.439	1.470	1.436	1.465	176100	256825.09
2018/07/23	1.465	1.479	1.444	1.478	107000	156772.91
2018/07/24	1.485	1.520	1.479	1.515	339400	511406.00
2018/07/25	1.510	1.520	1.500	1.501	149800	225356.91
2018/07/26	1.502	1.502	1.480	1.481	175100	261237.09
2018/07/27	1.487	1.487	1.476	1.476	27700	40951.40
2018/07/30	1.476	1.491	1.466	1.479	79300	116889.40
2018/07/31	1.477	1.484	1.470	1.484	25100	37062.20
2018/08/01	1.486	1.486	1.464	1.465	111700	164248.70
2018/08/02	1.453	1.470	1.425	1.448	516200	747810.69
2018/08/03	1.466	1.466	1.432	1.432	268300	386023.09
2018/08/06	1.439	1.439	1.396	1.403	125001	175968.41
2018/08/07	1.410	1.435	1.403	1.435	212200	302408.09
2018/08/08	1.430	1.438	1.412	1.433	31000	44182.10
2018/08/09	1.417	1.450	1.416	1.448	448800	646245.69
2018/08/10	1.456	1.456	1.438	1.447	161100	232156.91
2018/08/13	1.444	1.444	1.425	1.439	107200	153183.09
2018/08/14	1.439	1.439	1.427	1.431	316900	453291.69
2018/08/15	1.430	1.435	1.409	1.430	516400	738530.38
2018/08/16	1.398	1.440	1.398	1.422	64100	90977.40
2018/08/17	1.405	1.435	1.400	1.400	195900	276031.41
2018/08/20	1.398	1.408	1.388	1.408	229901	321930.31
2018/08/21	1.451	1.451	1.399	1.430	67100	96111.60
2018/08/22	1.421	1.428	1.420	1.420	25900	36872.30
2018/08/23	1.429	1.430	1.416	1.421	191100	272339.50
2018/08/24	1.407	1.432	1.407	1.427	560200	798141.38
2018/08/27	1.427	1.454	1.421	1.452	689700	994522.13
2018/08/28	1.445	1.458	1.443	1.455	706300	1026409.19
2018/08/29	1.445	1.456	1.443	1.445	89600	129852.30
2018/08/30	1.445	1.453	1.439	1.440	157300	227494.09
2018/08/31	1.433	1.443	1.405	1.437	325100	462584.09
2018/09/03	1.419	1.429	1.415	1.429	30700	43625.60
2018/09/04	1.430	1.452	1.424	1.450	326600	472128.41
2018/09/05	1.435	1.439	1.423	1.426	69900	99866.90
2018/09/06	1.435	1.435	1.411	1.411	197300	280227.69
2018/09/07	1.426	1.430	1.411	1.412	49200	69688.20
2018/09/10	1.411	1.437	1.401	1.418	55300	78068.10
2018/09/11	1.449	1.449	1.391	1.401	251600	352266.91
2018/09/12	1.420	1.420	1.386	1.391	127300	177638.30
2018/09/13	1.400	1.410	1.389	1.400	21000	29418.00
2018/09/14	1.389	1.405	1.387	1.405	49600	69432.60
2018/09/17	1.403	1.404	1.388	1.400	16300	22865.30
2018/09/18	1.400	1.418	1.386	1.411	148900	210206.30
2018/09/19	1.411	1.524	1.404	1.441	541900	776549.88
2018/09/20	1.444	1.444	1.430	1.435	220900	316911.50
2018/09/21	1.432	1.484	1.432	1.483	467700	683094.88
2018/09/25	1.515	1.521	1.453	1.479	106400	157054.91
2018/09/26	1.479	1.498	1.464	1.496	245700	366558.59
2018/09/27	1.453	1.514	1.453	1.486	128400	190513.00
2018/09/28	1.495	1.513	1.495	1.509	179500	270321.09
2018/10/08	1.498	1.498	1.449	1.457	366600	539349.38
2018/10/09	1.456	1.456	1.441	1.446	74600	107867.70
2018/10/10	1.450	1.475	1.400	1.450	255100	366379.31
2018/10/11	1.420	1.439	1.390	1.400	455700	642248.19
2018/10/12	1.374	1.422	1.369	1.405	158500	221318.30
2018/10/15	1.406	1.415	1.394	1.397	75600	106151.30
2018/10/16	1.391	1.410	1.385	1.399	155200	216865.59
2018/10/17	1.415	1.415	1.384	1.410	127600	179760.91
2018/10/18	1.398	1.413	1.385	1.393	81200	113314.20
2018/10/19	1.382	1.413	1.381	1.413	264700	367846.41
2018/10/22	1.430	1.467	1.430	1.463	274200	400448.41
2018/10/23	1.441	1.460	1.422	1.427	148700	214374.09
2018/10/24	1.444	1.447	1.410	1.447	77200	110872.50
2018/10/25	1.446	1.446	1.420	1.442	150400	215508.59
2018/10/26	1.445	1.448	1.440	1.445	58200	84186.30
2018/10/29	1.450	1.450	1.419	1.420	116200	165661.59
2018/10/30	1.419	1.443	1.415	1.420	49000	70138.80
2018/10/31	1.420	1.442	1.420	1.427	99100	141882.30
2018/11/01	1.423	1.435	1.423	1.430	46700	66818.50
2018/11/02	1.440	1.458	1.415	1.444	274200	396355.41
2018/11/05	1.450	1.464	1.420	1.430	230000	330892.19
2018/11/06	1.430	1.430	1.413	1.420	63500	89980.50
2018/11/07	1.410	1.423	1.410	1.410	166400	235551.80
2018/11/08	1.413	1.427	1.413	1.427	69000	98185.50
2018/11/09	1.402	1.420	1.393	1.402	217600	304785.19
2018/11/12	1.402	1.420	1.393	1.412	84100	117773.60
2018/11/13	1.400	1.419	1.391	1.419	244000	343892.50
2018/11/14	1.384	1.433	1.384	1.399	109100	152414.20
2018/11/15	1.395	1.429	1.390	1.420	158500	222150.30
2018/11/16	1.417	1.429	1.392	1.410	165800	234333.50
2018/11/19	1.426	1.426	1.405	1.420	108300	152874.00
2018/11/20	1.420	1.420	1.392	1.393	127700	178137.91
2018/11/21	1.390	1.401	1.390	1.400	124500	174079.09
2018/11/22	1.399	1.410	1.393	1.394	141800	198155.91
2018/11/23	1.399	1.399	1.380	1.386	155200	215163.50
2018/11/26	1.380	1.400	1.368	1.375	140400	193288.09
2018/11/27	1.387	1.387	1.369	1.370	134400	184579.09
2018/11/28	1.378	1.383	1.368	1.380	23200	31970.60
2018/11/29	1.385	1.385	1.372	1.372	52100	71845.70
2018/11/30	1.372	1.376	1.367	1.375	90000	123406.70
2018/12/03	1.403	1.414	1.379	1.410	247100	346595.50
2018/12/04	1.392	1.410	1.392	1.403	54100	75751.80
2018/12/05	1.402	1.402	1.384	1.398	223800	310485.19
2018/12/06	1.393	1.395	1.379	1.385	81000	112007.60
2018/12/07	1.382	1.387	1.377	1.377	17200	23754.90
2018/12/10	1.375	1.379	1.360	1.367	189800	259035.59
2018/12/11	1.376	1.376	1.363	1.368	56500	77202.00
2018/12/12	1.377	1.377	1.360	1.363	94500	128900.90
2018/12/13	1.379	1.390	1.366	1.390	79000	109318.60
2018/12/14	1.373	1.380	1.372	1.373	42000	57738.70
2018/12/17	1.361	1.371	1.360	1.364	27600	37627.90
2018/12/18	1.367	1.367	1.358	1.359	222000	301801.19
2018/12/19	1.359	1.369	1.354	1.368	134500	182803.70
2018/12/20	1.366	1.366	1.332	1.335	131100	176074.09
2018/12/21	1.333	1.344	1.315	1.335	99700	131950.41
2018/12/24	1.334	1.335	1.306	1.329	13911	18462.17
2018/12/25	1.308	1.325	1.300	1.322	90800	118857.50
2018/12/26	1.378	1.378	1.303	1.340	32900	43161.30
2018/12/27	1.339	1.339	1.309	1.309	26500	34754.10
2018/12/28	1.299	1.330	1.268	1.316	13400	17518.50
2019/01/02	1.302	1.312	1.302	1.310	16700	21862.80
2019/01/03	1.300	1.328	1.300	1.301	26900	35138.10
2019/01/04	1.310	1.326	1.309	1.324	96100	125841.10
2019/01/07	1.324	1.324	1.303	1.319	132000	173292.70
2019/01/08	1.318	1.319	1.310	1.310	21300	27953.70
2019/01/09	1.312	1.334	1.312	1.333	186422	248178.84
2019/01/10	1.313	1.333	1.313	1.324	63600	84276.20
2019/01/11	1.338	1.338	1.335	1.335	34300	45815.40
2019/01/14	1.352	1.352	1.315	1.328	28400	37681.40
2019/01/15	1.326	1.349	1.310	1.348	131900	176755.91
2019/01/16	1.346	1.350	1.345	1.350	80200	108199.10
2019/01/17	1.354	1.354	1.346	1.348	38500	51947.00
2019/01/18	1.360	1.368	1.350	1.366	105800	143833.91
2019/01/21	1.389	1.389	1.372	1.375	69900	96433.00
2019/01/22	1.375	1.376	1.352	1.364	107300	146923.09
2019/01/23	1.325	1.378	1.325	1.375	45700	62227.20
2019/01/24	1.365	1.385	1.358	1.366	53900	73941.40
2019/01/25	1.378	1.383	1.370	1.383	137789	190079.42
2019/01/28	1.400	1.415	1.388	1.390	120700	169748.00
2019/01/29	1.390	1.398	1.377	1.395	159700	220254.20
2019/01/30	1.395	1.395	1.379	1.384	138100	191861.00
2019/01/31	1.391	1.397	1.387	1.397	132200	183912.41
2019/02/01	1.398	1.424	1.398	1.413	303600	428970.88
2019/02/11	1.368	1.443	1.368	1.442	261100	371614.09
2019/02/12	1.442	1.450	1.411	1.443	255700	367337.69
2019/02/13	1.452	1.475	1.439	1.475	462000	671698.63
2019/02/14	1.475	1.481	1.467	1.474	100200	147469.20
2019/02/15	1.451	1.475	1.450	1.456	168300	244793.41
2019/02/18	1.477	1.487	1.470	1.487	518911	765079.50
2019/02/19	1.489	1.495	1.473	1.488	369900	550218.19
2019/02/20	1.488	1.492	1.480	1.492	115311	171074.28
2019/02/21	1.472	1.500	1.472	1.487	260700	388896.09
2019/02/22	1.485	1.514	1.474	1.513	255600	381363.00
2019/02/25	1.514	1.620	1.513	1.611	1031400	1617747.88
2019/02/26	1.619	1.619	1.577	1.595	835311	1334931.00
数据来源:通达信
