159948 创业板EF 日线 前复权
      日期	    开盘	    最高	    最低	    收盘	    成交量	    成交额
2016/05/31	2.055	2.165	2.055	2.165	280922090	588566272.00
2016/06/01	2.164	2.184	2.146	2.163	65294745	141833008.00
2016/06/02	2.158	2.185	2.150	2.185	80157449	174174880.00
2016/06/03	2.180	2.235	2.180	2.208	57498938	126904592.00
2016/06/06	2.214	2.219	2.185	2.199	27342834	60211176.00
2016/06/07	2.200	2.204	2.181	2.195	17233370	37774192.00
2016/06/08	2.195	2.205	2.172	2.191	13762907	30098922.00
2016/06/13	2.161	2.165	2.060	2.060	15826425	33756684.00
2016/06/14	2.054	2.072	2.020	2.060	19249331	39569232.00
2016/06/15	2.040	2.146	2.030	2.133	21936876	46530884.00
2016/06/16	2.126	2.139	2.100	2.104	10249601	21785516.00
2016/06/17	2.108	2.156	2.108	2.125	8931887	19097816.00
2016/06/20	2.115	2.133	2.093	2.124	5960169	12567677.00
2016/06/21	2.128	2.160	2.089	2.101	6316465	13464585.00
2016/06/22	2.100	2.153	2.092	2.150	9870171	20978510.00
2016/06/23	2.149	2.158	2.122	2.145	7328359	15725761.00
2016/06/24	2.139	2.164	2.066	2.138	6670714	14214570.00
2016/06/27	2.129	2.201	2.119	2.194	8438288	18317142.00
2016/06/28	2.191	2.226	2.169	2.220	10019112	22141508.00
2016/06/29	2.220	2.244	2.210	2.217	3436893	7647665.50
2016/06/30	2.217	2.238	2.211	2.232	6152832	13719759.00
2016/07/01	2.234	2.245	2.210	2.220	8021602	17888072.00
2016/07/04	2.209	2.259	2.209	2.251	9493725	21231218.00
2016/07/05	2.242	2.263	2.219	2.247	5110963	11502496.00
2016/07/06	2.248	2.251	2.232	2.245	3618393	8118723.00
2016/07/07	2.245	2.250	2.213	2.235	3381611	7539756.50
2016/07/08	2.235	2.259	2.225	2.246	3010274	6755833.00
2016/07/11	2.238	2.256	2.221	2.223	2599899	5834276.00
2016/07/12	2.223	2.252	2.186	2.251	8164912	18148866.00
2016/07/13	2.252	2.306	2.252	2.289	10940152	24961214.00
2016/07/14	2.285	2.299	2.276	2.298	8176370	18734568.00
2016/07/15	2.301	2.305	2.263	2.272	4569143	10408064.00
2016/07/18	2.269	2.272	2.241	2.255	5188678	11696413.00
2016/07/19	2.249	2.280	2.243	2.276	12585254	28437386.00
2016/07/20	2.275	2.293	2.273	2.277	11366824	25966710.00
2016/07/21	2.280	2.294	2.264	2.272	7451171	16986934.00
2016/07/22	2.270	2.277	2.255	2.255	9991823	22610408.00
2016/07/25	2.257	2.268	2.242	2.250	3793768	8552992.00
2016/07/26	2.250	2.283	2.250	2.283	2819665	6410807.50
2016/07/27	2.284	2.288	2.145	2.165	8484791	18689090.00
2016/07/28	2.148	2.177	2.120	2.145	7113646	15298826.00
2016/07/29	2.150	2.152	2.119	2.132	5101811	10890092.00
2016/08/01	2.118	2.137	2.072	2.110	11390133	23828760.00
2016/08/02	2.110	2.122	2.102	2.121	5882731	12438923.00
2016/08/03	2.120	2.122	2.102	2.114	2631624	5563441.00
2016/08/04	2.114	2.138	2.109	2.134	5059158	10740781.00
2016/08/05	2.130	2.136	2.114	2.115	3339079	7093340.50
2016/08/08	2.115	2.137	2.000	2.137	5211731	11053945.00
2016/08/09	2.137	2.159	2.137	2.159	3556161	7646249.00
2016/08/10	2.155	2.170	2.146	2.146	4702456	10142937.00
2016/08/11	2.140	2.146	2.113	2.113	2066288	4390360.50
2016/08/12	2.107	2.130	2.107	2.130	704670	1494714.63
2016/08/15	2.134	2.209	2.120	2.200	7845410	17013122.00
2016/08/16	2.200	2.218	2.191	2.208	6181576	13661258.00
2016/08/17	2.212	2.226	2.203	2.218	6074215	13468557.00
2016/08/18	2.214	2.222	2.202	2.210	7265918	16067429.00
2016/08/19	2.206	2.220	2.204	2.214	4038331	8927616.00
2016/08/22	2.215	2.221	2.177	2.177	5031877	11088746.00
2016/08/23	2.177	2.196	2.169	2.183	5833898	12762057.00
2016/08/24	2.180	2.215	2.180	2.200	4168873	9170771.00
2016/08/25	2.186	2.194	2.163	2.192	4514708	9812208.00
2016/08/26	2.191	2.223	2.191	2.200	4277017	9462275.00
2016/08/29	2.203	2.220	2.196	2.203	2489572	5491873.00
2016/08/30	2.209	2.221	2.205	2.205	1630555	3609939.75
2016/08/31	2.205	2.208	2.187	2.201	2457038	5403502.00
2016/09/01	2.200	2.212	2.193	2.193	2138197	4719875.50
2016/09/02	2.190	2.198	2.170	2.183	770804	1684420.88
2016/09/05	2.205	2.210	2.190	2.195	3243347	7142460.00
2016/09/06	2.196	2.239	2.173	2.233	7749211	17124804.00
2016/09/07	2.233	2.244	2.222	2.223	4246030	9506704.00
2016/09/08	2.223	2.235	2.221	2.233	3280014	7310216.00
2016/09/09	2.232	2.241	2.216	2.216	3685021	8217339.50
2016/09/12	2.200	2.200	2.156	2.158	12757310	27753580.00
2016/09/13	2.170	2.178	2.151	2.159	3944586	8521808.00
2016/09/14	2.152	2.171	2.145	2.157	7793911	16813458.00
2016/09/19	2.157	2.186	2.157	2.175	3553669	7735110.00
2016/09/20	2.180	2.180	2.169	2.173	2049831	4454426.00
2016/09/21	2.173	2.185	2.171	2.173	1823012	3976259.25
2016/09/22	2.173	2.210	2.173	2.184	2577269	5639331.50
2016/09/23	2.186	2.186	2.170	2.173	1669351	3631167.00
2016/09/26	2.169	2.175	2.140	2.140	3877103	8391061.00
2016/09/27	2.140	2.153	2.127	2.153	2781945	5953160.00
2016/09/28	2.145	2.159	2.100	2.157	1598168	3441939.25
2016/09/29	2.156	2.170	2.155	2.161	1812177	3920176.25
2016/09/30	2.162	2.169	2.158	2.165	369011	798762.50
2016/10/10	2.163	2.224	2.163	2.224	6051907	13365134.00
2016/10/11	2.223	2.225	2.215	2.224	2323134	5160396.50
2016/10/12	2.215	2.233	2.215	2.224	5562933	12374439.00
2016/10/13	2.225	2.234	2.217	2.224	2159176	4811455.50
2016/10/14	2.217	2.217	2.195	2.208	3296017	7268610.50
2016/10/17	2.212	2.217	2.178	2.185	3612728	7904581.00
2016/10/18	2.185	2.214	2.182	2.214	4309832	9470763.00
2016/10/19	2.211	2.216	2.197	2.199	3878350	8567448.00
2016/10/20	2.199	2.215	2.199	2.210	1872516	4139587.25
2016/10/21	2.212	2.218	2.187	2.198	1245899	2733469.25
2016/10/24	2.198	2.224	2.198	2.216	6712265	14848955.00
2016/10/25	2.226	2.226	2.214	2.216	274026	607943.75
2016/10/26	2.217	2.220	2.197	2.203	482674	1063713.50
2016/10/27	2.198	2.203	2.191	2.200	1260812	2770199.00
2016/10/28	2.180	2.211	2.180	2.184	680475	1493233.50
2016/10/31	2.183	2.183	2.163	2.177	2340028	5080700.00
2016/11/01	2.175	2.193	2.175	2.191	3552256	7760957.50
2016/11/02	2.187	2.189	2.163	2.163	1043230	2269675.75
2016/11/03	2.210	2.210	2.153	2.168	1801572	3895903.25
2016/11/04	2.169	2.184	2.160	2.163	1065613	2317358.50
2016/11/07	2.162	2.162	2.143	2.149	925797	1990888.38
2016/11/08	2.151	2.176	2.151	2.168	1313592	2846881.25
2016/11/09	2.167	2.174	2.117	2.139	3605633	7753783.50
2016/11/10	2.142	2.166	2.142	2.162	2658280	5749289.00
2016/11/11	2.162	2.168	2.147	2.165	1816130	3915285.50
2016/11/14	2.163	2.195	2.163	2.181	2555586	5588985.50
2016/11/15	2.183	2.201	2.172	2.198	3077666	6727873.00
2016/11/16	2.200	2.228	2.200	2.201	2145584	4755013.00
2016/11/17	2.201	2.201	2.179	2.181	1129357	2468517.25
2016/11/18	2.186	2.190	2.176	2.180	797505	1741254.25
2016/11/21	2.176	2.184	2.169	2.172	2189881	4763916.00
2016/11/22	2.178	2.197	2.170	2.197	2821660	6169488.50
2016/11/23	2.200	2.213	2.186	2.189	4352989	9592101.00
2016/11/24	2.188	2.191	2.166	2.168	2431502	5305247.50
2016/11/25	2.160	2.186	2.146	2.186	6268288	13570202.00
2016/11/28	2.186	2.199	2.180	2.190	3991366	8755060.00
2016/11/29	2.180	2.200	2.176	2.185	6769581	14825483.00
2016/11/30	2.185	2.224	2.170	2.207	8022684	17725088.00
2016/12/01	2.204	2.214	2.198	2.207	4111604	9070576.00
2016/12/02	2.207	2.215	2.172	2.172	4310806	9478457.00
2016/12/05	2.168	2.188	2.160	2.170	4681289	10191605.00
2016/12/06	2.182	2.184	2.151	2.151	1365400	2955026.50
2016/12/07	2.157	2.165	2.145	2.164	1527600	3292242.00
2016/12/08	2.176	2.179	2.145	2.147	2082973	4486405.50
2016/12/09	2.147	2.149	2.126	2.131	2491002	5323048.50
2016/12/12	2.130	2.130	2.014	2.014	6415271	13336299.00
2016/12/13	2.014	2.024	1.992	2.018	7160605	14391220.00
2016/12/14	2.006	2.016	1.990	1.996	3842908	7691368.50
2016/12/15	1.990	2.023	1.980	2.004	3856897	7731924.50
2016/12/16	2.012	2.037	2.003	2.024	1389058	2813651.25
2016/12/19	2.027	2.027	2.007	2.013	1953400	3933270.25
2016/12/20	2.012	2.023	2.007	2.008	2939890	5920348.00
2016/12/21	2.021	2.024	2.016	2.018	756391	1529123.13
2016/12/22	2.025	2.025	2.010	2.018	406500	819719.88
2016/12/23	2.018	2.024	1.998	1.998	1499791	3001880.25
2016/12/26	1.980	2.004	1.967	2.004	6169390	12188325.00
2016/12/27	2.004	2.006	1.974	1.998	1202966	2407104.50
2016/12/28	1.999	1.999	1.989	1.989	274600	547010.00
2016/12/29	1.986	2.000	1.986	1.993	119700	238908.50
2016/12/30	1.995	1.997	1.982	1.989	602542	1198203.75
2017/01/03	2.018	2.018	1.993	1.995	183300	366010.91
2017/01/04	1.993	2.027	1.990	2.022	3163563	6375877.00
2017/01/05	2.017	2.024	2.016	2.020	375614	758708.81
2017/01/06	2.005	2.008	1.996	2.001	476482	954923.63
2017/01/09	2.001	2.001	1.989	1.999	688691	1372516.13
2017/01/10	1.990	2.002	1.990	1.991	193214	385176.31
2017/01/11	1.986	1.994	1.971	1.975	927000	1838157.38
2017/01/12	1.975	1.984	1.968	1.969	860182	1700853.38
2017/01/13	1.960	1.974	1.938	1.940	1267911	2469268.25
2017/01/16	1.940	1.987	1.822	1.865	4946870	9391647.00
2017/01/17	1.865	1.910	1.843	1.902	6556545	12329234.00
2017/01/18	1.892	1.896	1.880	1.883	358300	676625.50
2017/01/19	1.871	1.889	1.871	1.880	159637	299912.84
2017/01/20	1.887	1.925	1.887	1.918	1743005	3350594.75
2017/01/23	1.919	1.931	1.919	1.922	248151	477275.38
2017/01/24	1.922	1.922	1.898	1.901	238208	453336.03
2017/01/25	1.892	1.911	1.892	1.909	234557	446813.72
2017/01/26	1.916	1.924	1.916	1.924	280200	538717.81
2017/02/03	1.970	1.970	1.915	1.917	109400	209833.70
2017/02/06	1.919	1.943	1.918	1.936	1179146	2271706.00
2017/02/07	1.932	1.941	1.923	1.930	1129200	2180130.25
2017/02/08	1.927	1.946	1.921	1.943	3630001	7007596.00
2017/02/09	1.943	1.961	1.943	1.960	1171002	2290924.50
2017/02/10	1.956	1.956	1.945	1.950	1130267	2202019.25
2017/02/13	1.950	1.965	1.938	1.957	1011682	1976237.63
2017/02/14	1.957	1.962	1.954	1.956	110187	215567.22
2017/02/15	1.960	1.964	1.938	1.942	312600	610721.50
2017/02/16	1.941	1.946	1.936	1.940	217000	420953.19
2017/02/17	1.945	1.950	1.930	1.931	812746	1571210.00
2017/02/20	1.937	1.940	1.926	1.940	634066	1228447.63
2017/02/21	1.942	1.975	1.942	1.970	1917545	3773431.25
2017/02/22	1.970	1.972	1.959	1.967	1141214	2243929.00
2017/02/23	1.969	1.973	1.957	1.973	1174540	2305507.50
2017/02/24	1.971	1.990	1.971	1.988	1911539	3795392.25
2017/02/27	1.988	1.994	1.975	1.979	501875	997852.13
2017/02/28	1.982	1.982	1.971	1.974	246491	486803.66
2017/03/01	1.976	1.991	1.976	1.984	474388	942773.44
2017/03/02	1.990	1.990	1.971	1.972	159591	316147.50
2017/03/03	1.968	1.984	1.960	1.982	593653	1174311.38
2017/03/06	1.989	2.015	1.989	2.015	1364809	2737859.50
2017/03/07	2.020	2.030	2.014	2.030	1658526	3354004.00
2017/03/08	2.029	2.035	2.015	2.018	584009	1180884.13
2017/03/09	2.018	2.018	2.005	2.007	1915415	3853793.25
2017/03/10	2.008	2.013	2.001	2.006	362351	727557.19
2017/03/13	2.001	2.026	1.993	2.025	341283	687569.88
2017/03/14	2.026	2.026	2.007	2.015	229328	461730.06
2017/03/15	2.005	2.017	2.002	2.016	489553	982358.31
2017/03/16	2.020	2.026	2.020	2.022	746105	1510077.13
2017/03/17	2.025	2.039	2.007	2.009	1035863	2105775.75
2017/03/20	2.006	2.011	2.000	2.010	376914	755303.13
2017/03/21	2.010	2.019	2.007	2.018	426741	860261.88
2017/03/22	2.007	2.020	2.000	2.007	320870	643126.75
2017/03/23	2.013	2.020	1.992	2.009	1168513	2349819.00
2017/03/24	2.009	2.026	2.009	2.025	1225029	2469892.50
2017/03/27	2.020	2.030	2.011	2.012	857128	1728834.50
2017/03/28	2.010	2.014	2.003	2.008	179561	360580.84
2017/03/29	2.050	2.198	1.990	1.993	1769692	3542441.25
2017/03/30	1.990	1.990	1.955	1.955	4813496	9468781.00
2017/03/31	1.961	1.970	1.960	1.968	216796	426114.84
2017/04/05	1.968	2.004	1.968	2.003	704544	1407548.00
2017/04/06	2.009	2.012	2.003	2.011	192864	387314.53
2017/04/07	2.030	2.030	2.003	2.008	96427	194043.48
2017/04/10	2.004	2.004	1.979	1.980	323100	642352.31
2017/04/11	1.980	1.986	1.955	1.985	252759	498419.41
2017/04/12	1.985	1.985	1.965	1.966	260129	513270.84
2017/04/13	1.966	1.980	1.966	1.973	80414	158940.03
2017/04/14	1.970	1.970	1.951	1.957	300614	589142.81
2017/04/17	1.956	1.956	1.928	1.931	390642	757745.50
2017/04/18	1.935	1.943	1.915	1.915	214647	413830.03
2017/04/19	1.912	1.912	1.880	1.912	1050782	1995287.63
2017/04/20	1.908	1.920	1.905	1.911	754976	1441810.50
2017/04/21	1.914	1.932	1.905	1.906	107700	206619.00
2017/04/24	1.906	1.906	1.865	1.878	2591814	4867025.00
2017/04/25	1.883	1.895	1.872	1.885	311600	588184.50
2017/04/26	1.885	1.890	1.876	1.884	250238	471569.41
2017/04/27	1.880	1.913	1.863	1.908	1978191	3769591.00
2017/04/28	1.910	1.921	1.904	1.918	1340274	2569028.00
2017/05/02	1.920	1.920	1.910	1.916	158336	303452.03
2017/05/03	1.917	1.917	1.901	1.906	164991	314910.06
2017/05/04	1.903	1.923	1.903	1.907	658964	1265918.13
2017/05/05	1.898	1.908	1.888	1.888	1081791	2054149.50
2017/05/08	1.882	1.887	1.857	1.857	634914	1190517.88
2017/05/09	1.858	1.869	1.835	1.866	410791	760530.06
2017/05/10	1.875	1.880	1.840	1.840	376782	701442.63
2017/05/11	1.835	1.836	1.790	1.834	1170162	2129932.75
2017/05/12	1.832	1.842	1.820	1.842	2718000	4970672.50
2017/05/15	1.847	1.856	1.840	1.846	1646757	3041198.75
2017/05/16	1.833	1.880	1.829	1.879	989690	1824476.88
2017/05/17	1.879	1.900	1.879	1.889	993300	1879792.25
2017/05/18	1.882	1.893	1.877	1.880	1217091	2291808.50
2017/05/19	1.880	1.882	1.862	1.868	286500	537858.69
2017/05/22	1.868	1.880	1.845	1.854	697500	1304040.75
2017/05/23	1.855	1.857	1.822	1.829	1106729	2035134.25
2017/05/24	1.813	1.842	1.796	1.836	2329739	4234685.50
2017/05/25	1.840	1.851	1.810	1.845	4725047	8651002.00
2017/05/26	1.841	1.849	1.828	1.833	1623400	2984722.25
2017/05/31	1.849	1.895	1.834	1.837	693800	1280208.38
2017/06/01	1.835	1.835	1.801	1.801	683282	1237704.00
2017/06/02	1.801	1.823	1.782	1.817	1623500	2934984.50
2017/06/05	1.810	1.839	1.810	1.831	320873	587292.19
2017/06/06	1.840	1.846	1.831	1.835	627800	1154691.75
2017/06/07	1.855	1.874	1.830	1.866	5980672	11103533.00
2017/06/08	1.865	1.874	1.861	1.862	560900	1047740.31
2017/06/09	1.862	1.868	1.850	1.865	453900	843766.88
2017/06/12	1.858	1.858	1.842	1.845	263214	485849.63
2017/06/13	1.848	1.868	1.844	1.862	780300	1452732.50
2017/06/14	1.862	1.864	1.853	1.860	282322	525276.88
2017/06/15	1.863	1.894	1.863	1.887	3163283	5967208.50
2017/06/16	1.887	1.887	1.876	1.880	960500	1806872.88
2017/06/19	1.880	1.888	1.875	1.884	1235065	2323929.00
2017/06/20	1.890	1.906	1.889	1.891	2109491	4011358.50
2017/06/21	1.928	1.928	1.882	1.895	271400	513265.19
2017/06/22	1.893	1.901	1.870	1.871	169900	321212.91
2017/06/23	1.870	1.882	1.850	1.882	297000	553486.38
2017/06/26	1.881	1.894	1.873	1.894	336738	634096.19
2017/06/27	1.892	1.905	1.890	1.891	281200	533602.81
2017/06/28	1.891	1.891	1.877	1.878	270274	507911.78
2017/06/29	1.879	1.892	1.877	1.886	183693	346064.72
2017/06/30	1.878	1.891	1.875	1.889	1349500	2544806.75
2017/07/03	1.891	1.909	1.889	1.907	297800	566063.63
2017/07/04	1.907	1.907	1.899	1.901	668300	1270026.50
2017/07/05	1.938	2.005	1.895	1.906	578400	1097639.88
2017/07/06	1.914	1.916	1.892	1.906	436148	832165.69
2017/07/07	1.910	1.910	1.896	1.897	5099157	9693144.00
2017/07/10	1.881	1.893	1.867	1.870	414400	778424.38
2017/07/11	1.860	1.872	1.850	1.850	3287700	6103795.50
2017/07/12	1.850	1.850	1.813	1.846	621100	1134280.88
2017/07/13	1.833	1.849	1.830	1.839	346000	634807.13
2017/07/14	1.839	1.839	1.807	1.811	888500	1612139.75
2017/07/17	1.810	1.810	1.700	1.723	2877614	4990670.00
2017/07/18	1.709	1.730	1.693	1.715	1073591	1832427.63
2017/07/19	1.710	1.739	1.701	1.738	3136191	5421102.50
2017/07/20	1.736	1.763	1.731	1.739	7006500	12300306.00
2017/07/21	1.739	1.745	1.722	1.726	780800	1358065.25
2017/07/24	1.721	1.732	1.720	1.730	400155	691191.00
2017/07/25	1.730	1.739	1.723	1.732	131700	228100.91
2017/07/26	1.732	1.761	1.720	1.725	214191	373846.38
2017/07/27	1.725	1.795	1.714	1.794	2104523	3718927.50
2017/07/28	1.790	1.805	1.780	1.786	737305	1317435.50
2017/07/31	1.801	1.801	1.768	1.784	2476300	4443711.00
2017/08/01	1.784	1.794	1.769	1.792	259853	463287.31
2017/08/02	1.790	1.800	1.777	1.778	400800	715486.19
2017/08/03	1.767	1.814	1.767	1.783	751743	1351418.38
2017/08/04	1.782	1.789	1.766	1.771	170971	304216.03
2017/08/07	1.771	1.795	1.771	1.785	276100	493099.69
2017/08/08	1.793	1.812	1.775	1.812	679162	1224764.38
2017/08/09	1.802	1.830	1.800	1.820	1560909	2842037.00
2017/08/10	1.820	1.836	1.802	1.811	805000	1464204.25
2017/08/11	1.791	1.816	1.778	1.801	542871	982971.75
2017/08/14	1.822	1.847	1.790	1.841	563082	1033227.06
2017/08/15	1.847	1.849	1.835	1.848	424400	781749.81
2017/08/16	1.849	1.888	1.838	1.880	857180	1605043.00
2017/08/17	1.873	1.908	1.858	1.890	784392	1480029.25
2017/08/18	1.889	1.897	1.872	1.877	399300	752565.88
2017/08/21	1.882	1.889	1.877	1.883	245979	462809.69
2017/08/22	1.880	1.895	1.868	1.870	309500	580942.19
2017/08/23	1.878	1.887	1.857	1.881	1635660	3076839.50
2017/08/24	1.863	1.881	1.859	1.859	3327000	6237745.50
2017/08/25	1.860	1.875	1.860	1.874	1854794	3464782.50
2017/08/28	1.872	1.920	1.872	1.918	1221540	2328981.00
2017/08/29	1.915	1.927	1.899	1.906	4882482	9373255.00
2017/08/30	1.910	1.923	1.910	1.912	3921631	7504703.00
2017/08/31	1.919	1.930	1.911	1.915	773100	1483079.13
2017/09/01	1.915	1.930	1.915	1.926	286706	551451.50
2017/09/04	1.929	1.956	1.926	1.955	2933630	5707779.50
2017/09/05	1.956	1.969	1.951	1.958	2878401	5639794.50
2017/09/06	1.950	1.972	1.950	1.972	1015268	1990051.38
2017/09/07	1.987	1.987	1.960	1.973	1967271	3889043.00
2017/09/08	1.955	1.972	1.950	1.956	587000	1150519.25
2017/09/11	1.951	1.965	1.951	1.963	2473891	4846157.50
2017/09/12	1.963	1.970	1.952	1.952	334782	657223.50
2017/09/13	1.950	1.960	1.906	1.952	351716	685679.94
2017/09/14	1.952	1.962	1.945	1.945	1799991	3521163.00
2017/09/15	1.942	1.963	1.941	1.943	1102562	2143911.25
2017/09/18	1.942	1.967	1.942	1.960	3798745	7443253.50
2017/09/19	1.961	1.975	1.956	1.956	2390014	4702711.50
2017/09/20	1.960	1.968	1.950	1.967	785273	1533865.88
2017/09/21	1.962	1.970	1.950	1.950	310900	608719.88
2017/09/22	1.940	1.940	1.930	1.940	172671	334073.50
2017/09/25	1.931	1.940	1.911	1.911	616614	1182031.38
2017/09/26	1.910	1.929	1.893	1.905	399800	759922.81
2017/09/27	1.918	1.926	1.912	1.919	226304	434164.81
2017/09/28	1.924	1.938	1.921	1.931	670091	1288904.88
2017/09/29	1.931	1.940	1.931	1.939	157682	305300.06
2017/10/09	1.960	1.975	1.949	1.965	211552	414406.63
2017/10/10	1.964	1.991	1.963	1.991	568176	1124507.13
2017/10/11	1.991	2.001	1.973	1.975	2250900	4487133.00
2017/10/12	1.973	2.001	1.972	1.977	1609963	3189072.25
2017/10/13	1.972	2.000	1.972	2.000	544198	1083098.13
2017/10/16	2.002	2.002	1.963	1.963	354721	703158.06
2017/10/17	1.961	1.975	1.952	1.969	388727	762550.94
2017/10/18	1.969	2.000	1.939	1.940	1495982	2931396.25
2017/10/19	1.949	1.951	1.931	1.939	237000	459340.41
2017/10/20	1.935	1.958	1.929	1.958	175830	341719.00
2017/10/23	1.951	1.974	1.951	1.974	519462	1021421.25
2017/10/24	1.974	1.987	1.960	1.979	976230	1917061.38
2017/10/25	1.985	1.985	1.964	1.981	257043	508194.66
2017/10/26	1.979	1.995	1.979	1.984	208414	414240.41
2017/10/27	1.976	1.984	1.965	1.980	336471	664227.19
2017/10/30	1.972	1.972	1.925	1.936	801330	1548883.38
2017/10/31	1.936	1.945	1.930	1.941	152677	295623.91
2017/11/01	1.942	1.953	1.932	1.943	2933700	5715832.50
2017/11/02	1.934	1.936	1.911	1.920	2496600	4818352.50
2017/11/03	1.920	1.922	1.881	1.905	258739	491479.38
2017/11/06	1.903	1.918	1.881	1.913	762973	1450210.50
2017/11/07	1.913	1.928	1.903	1.923	253491	485260.09
2017/11/08	1.918	1.947	1.916	1.934	403900	781692.06
2017/11/09	1.908	1.945	1.908	1.945	139824	270359.44
2017/11/10	1.945	1.969	1.945	1.963	657300	1289761.75
2017/11/13	1.964	1.975	1.948	1.967	301824	594190.13
2017/11/14	1.958	1.980	1.950	1.960	286682	564021.13
2017/11/15	1.963	1.963	1.924	1.929	1148994	2220102.75
2017/11/16	1.920	1.942	1.920	1.930	518714	1001201.50
2017/11/17	1.930	1.959	1.886	1.910	469400	902006.81
2017/11/20	1.899	1.924	1.845	1.924	193700	365857.31
2017/11/21	1.906	1.925	1.900	1.924	1097257	2101356.25
2017/11/22	1.924	1.935	1.901	1.905	146857	280297.38
2017/11/23	1.903	1.917	1.860	1.875	381175	717848.88
2017/11/24	1.880	1.880	1.840	1.861	387871	718044.25
2017/11/27	1.860	1.860	1.828	1.847	376785	696624.63
2017/11/28	1.838	1.862	1.837	1.860	604514	1117906.63
2017/11/29	1.837	1.870	1.835	1.862	100886	186536.38
2017/11/30	1.860	1.860	1.840	1.840	96700	178688.09
2017/12/01	1.858	1.868	1.845	1.865	637764	1180342.75
2017/12/04	1.870	1.875	1.840	1.858	4568667	8469379.00
2017/12/05	1.849	1.849	1.800	1.827	1160057	2106860.75
2017/12/06	1.820	1.838	1.790	1.836	1818174	3284731.75
2017/12/07	1.826	1.839	1.813	1.819	2680400	4879139.50
2017/12/08	1.815	1.846	1.815	1.834	294000	539927.69
2017/12/11	1.830	1.858	1.830	1.858	691000	1278255.88
2017/12/12	1.861	1.861	1.844	1.844	476657	882616.31
2017/12/13	1.856	1.856	1.837	1.848	1050100	1942329.50
2017/12/14	1.850	1.854	1.833	1.849	1554600	2869955.00
2017/12/15	1.849	1.849	1.822	1.838	98265	180374.94
2017/12/18	1.832	1.834	1.825	1.830	170500	311827.50
2017/12/19	1.840	1.857	1.822	1.849	3152991	5790535.50
2017/12/20	1.851	1.851	1.835	1.844	83600	153817.91
2017/12/21	1.820	1.857	1.820	1.828	455191	833875.50
2017/12/22	1.830	1.838	1.820	1.820	262591	480055.69
2017/12/25	1.830	1.830	1.803	1.810	223800	405497.41
2017/12/26	1.812	1.812	1.794	1.810	93500	168190.09
2017/12/27	1.800	1.812	1.795	1.795	132000	238006.70
2017/12/28	1.830	1.830	1.787	1.799	199700	360873.91
2017/12/29	1.795	1.809	1.794	1.809	106400	191252.59
2018/01/02	1.822	1.854	1.809	1.827	103191	187711.97
2018/01/03	1.829	1.854	1.803	1.853	4294664	7800988.50
2018/01/04	1.852	1.852	1.845	1.850	229700	424967.09
2018/01/05	1.868	1.868	1.849	1.861	191491	356121.59
2018/01/08	1.805	1.861	1.805	1.860	479056	886114.25
2018/01/09	1.861	1.862	1.855	1.856	76756	142646.72
2018/01/10	1.856	1.858	1.835	1.843	133358	246187.89
2018/01/11	1.845	1.868	1.829	1.863	1721387	3203784.75
2018/01/12	1.878	1.878	1.841	1.846	389491	720572.00
2018/01/15	1.828	1.828	1.783	1.786	1060340	1912660.00
2018/01/16	1.795	1.799	1.779	1.785	936000	1674465.88
2018/01/17	1.761	1.801	1.751	1.797	1606971	2842985.50
2018/01/18	1.798	1.813	1.752	1.798	891291	1605693.88
2018/01/19	1.798	1.802	1.780	1.787	685079	1226929.13
2018/01/22	1.787	1.830	1.772	1.829	1891851	3425778.25
2018/01/23	1.827	1.837	1.810	1.825	712957	1302640.25
2018/01/24	1.825	1.884	1.807	1.883	4156865	7740317.50
2018/01/25	1.865	1.920	1.865	1.877	5175815	9843369.00
2018/01/26	1.873	1.897	1.843	1.882	2132698	4021401.00
2018/01/29	1.892	1.892	1.857	1.868	4295992	8038097.50
2018/01/30	1.852	1.871	1.840	1.841	2396800	4439698.00
2018/01/31	1.836	1.836	1.789	1.796	3061200	5527684.00
2018/02/01	1.812	1.813	1.758	1.759	2104000	3743973.00
2018/02/02	1.758	1.788	1.730	1.765	2370800	4191475.50
2018/02/05	1.748	1.758	1.733	1.744	812400	1419169.63
2018/02/06	1.733	1.736	1.653	1.653	2606000	4425884.50
2018/02/07	1.685	1.693	1.627	1.673	2758340	4619649.50
2018/02/08	1.700	1.716	1.668	1.705	5068200	8626177.00
2018/02/09	1.680	1.689	1.600	1.650	8886192	14794846.00
2018/02/12	1.696	1.719	1.662	1.710	2698691	4567246.00
2018/02/13	1.750	1.750	1.703	1.706	1389800	2383521.25
2018/02/14	1.720	1.720	1.691	1.704	5608100	9535168.00
2018/02/22	1.718	1.744	1.700	1.740	4691700	8109179.50
2018/02/23	1.729	1.740	1.713	1.726	2287060	3946179.25
2018/02/26	1.730	1.796	1.730	1.787	3779630	6637645.00
2018/02/27	1.788	1.824	1.787	1.806	2712273	4908309.50
2018/02/28	1.805	1.840	1.780	1.819	4061100	7398596.00
2018/03/01	1.818	1.855	1.801	1.855	2063191	3790438.50
2018/03/02	1.860	1.868	1.831	1.843	1380100	2555717.25
2018/03/05	1.830	1.872	1.830	1.872	2980000	5504322.50
2018/03/06	1.866	1.876	1.854	1.860	5052657	9411363.00
2018/03/07	1.855	1.867	1.842	1.848	3518056	6514585.50
2018/03/08	1.840	1.860	1.840	1.854	2817100	5211375.50
2018/03/09	1.854	1.938	1.823	1.927	7360934	14078426.00
2018/03/12	1.929	1.972	1.929	1.952	6018700	11750557.00
2018/03/13	1.950	1.965	1.915	1.942	3076138	5972148.00
2018/03/14	1.936	1.942	1.902	1.907	1557563	2992630.00
2018/03/15	1.907	1.918	1.876	1.916	3313800	6293249.00
2018/03/16	1.915	1.920	1.884	1.888	1322100	2514082.50
2018/03/19	1.888	1.924	1.879	1.909	4411834	8423853.00
2018/03/20	1.890	1.934	1.879	1.934	1765584	3376564.25
2018/03/21	1.921	1.940	1.890	1.892	4656614	8959638.00
2018/03/22	1.895	1.907	1.881	1.881	6242400	11790806.00
2018/03/23	1.842	1.854	1.769	1.786	3785000	6867750.50
2018/03/26	1.776	1.845	1.750	1.845	2078782	3723143.00
2018/03/27	1.850	1.917	1.850	1.915	3708900	7044526.00
2018/03/28	1.913	1.920	1.870	1.905	2890449	5515111.00
2018/03/29	1.905	1.924	1.885	1.905	2517157	4798486.00
2018/03/30	1.915	1.971	1.914	1.971	2670956	5182950.50
2018/04/02	1.972	1.990	1.958	1.968	2805124	5534506.00
2018/04/03	1.955	1.955	1.917	1.939	2665114	5156530.50
2018/04/04	1.952	1.952	1.902	1.904	1963100	3774852.00
2018/04/09	1.904	1.928	1.882	1.910	1223188	2334453.50
2018/04/10	1.927	1.927	1.878	1.899	1049000	1983830.13
2018/04/11	1.901	1.925	1.899	1.901	1607400	3064622.00
2018/04/12	1.897	1.915	1.891	1.895	801091	1525760.75
2018/04/13	1.917	1.985	1.875	1.891	1330408	2527145.50
2018/04/16	1.891	1.919	1.883	1.902	1461500	2775801.00
2018/04/17	1.965	1.965	1.848	1.850	2949000	5521638.00
2018/04/18	1.867	1.900	1.823	1.890	4043930	7524015.50
2018/04/19	1.878	1.908	1.871	1.888	1287991	2438636.00
2018/04/20	1.888	1.898	1.844	1.847	2352300	4382501.00
2018/04/23	1.858	1.861	1.792	1.816	2108300	3831198.25
2018/04/24	1.817	1.876	1.800	1.876	3912831	7242325.50
2018/04/25	1.876	1.891	1.860	1.885	1915172	3603945.25
2018/04/26	1.883	1.883	1.842	1.844	2956000	5484507.50
2018/04/27	1.832	1.880	1.832	1.873	1229671	2300104.00
2018/05/02	1.874	1.900	1.853	1.868	1243500	2335603.00
2018/05/03	1.850	1.893	1.830	1.892	4892900	9157076.00
2018/05/04	1.890	1.897	1.876	1.880	2971300	5608917.00
2018/05/07	1.870	1.923	1.870	1.917	3288147	6288673.00
2018/05/08	1.923	1.923	1.905	1.919	1185700	2272011.75
2018/05/09	1.922	1.929	1.910	1.920	833675	1600997.13
2018/05/10	1.923	1.931	1.912	1.930	1466591	2822560.75
2018/05/11	1.933	1.935	1.903	1.903	2408000	4622990.00
2018/05/14	1.903	1.910	1.893	1.899	917582	1745998.88
2018/05/15	1.887	1.927	1.887	1.927	1824200	3487864.50
2018/05/16	1.917	1.929	1.912	1.913	1649603	3170086.75
2018/05/17	1.901	1.919	1.893	1.898	1513600	2877121.25
2018/05/18	1.902	1.907	1.878	1.906	1235800	2340735.50
2018/05/21	1.909	1.941	1.909	1.931	3827498	7395255.50
2018/05/22	1.929	1.949	1.926	1.944	2151483	4170529.75
2018/05/23	1.931	1.943	1.914	1.914	1180865	2277925.50
2018/05/24	1.922	1.922	1.906	1.907	958600	1832229.75
2018/05/25	1.908	1.908	1.871	1.872	3336400	6286685.50
2018/05/28	1.852	1.882	1.852	1.863	2843900	5320560.00
2018/05/29	1.867	1.880	1.840	1.841	2035800	3802362.00
2018/05/30	1.835	1.835	1.785	1.788	2506342	4522284.50
2018/05/31	1.809	1.816	1.779	1.812	4290900	7697459.50
2018/06/01	1.811	1.811	1.767	1.778	1632800	2905852.75
2018/06/04	1.778	1.782	1.757	1.768	3287200	5809277.00
2018/06/05	1.768	1.815	1.768	1.815	6260300	11271848.00
2018/06/06	1.821	1.821	1.800	1.812	6092700	11044470.00
2018/06/07	1.816	1.816	1.796	1.797	1403782	2533996.75
2018/06/08	1.797	1.797	1.766	1.780	3743600	6656917.00
2018/06/11	1.735	1.780	1.602	1.756	3768000	6628713.50
2018/06/12	1.757	1.782	1.748	1.779	5082500	8948320.00
2018/06/13	1.768	1.776	1.753	1.753	1348100	2375549.00
2018/06/14	1.754	1.768	1.735	1.738	4820300	8428617.00
2018/06/15	1.735	1.746	1.700	1.704	3458400	5931331.50
2018/06/19	1.675	1.690	1.593	1.608	3741282	6100303.50
2018/06/20	1.608	1.641	1.587	1.625	3220549	5213793.00
2018/06/21	1.658	1.658	1.580	1.581	3797900	6087176.50
2018/06/22	1.566	1.618	1.561	1.608	2939414	4663865.50
2018/06/25	1.620	1.629	1.597	1.597	949542	1531261.63
2018/06/26	1.586	1.630	1.580	1.620	2137200	3451151.00
2018/06/27	1.600	1.630	1.600	1.607	1425900	2297079.00
2018/06/28	1.603	1.631	1.601	1.605	1220514	1972992.25
2018/06/29	1.615	1.674	1.610	1.670	2291900	3778949.25
2018/07/02	1.670	1.676	1.631	1.643	3168582	5225477.50
2018/07/03	1.648	1.679	1.617	1.664	6054219	9943157.00
2018/07/04	1.660	1.660	1.618	1.627	2739982	4480889.50
2018/07/05	1.628	1.638	1.590	1.596	2901285	4662943.00
2018/07/06	1.590	1.640	1.581	1.609	3237100	5235408.50
2018/07/09	1.610	1.649	1.610	1.648	2603000	4260514.00
2018/07/10	1.813	1.813	1.644	1.662	1188600	1980953.75
2018/07/11	1.650	1.650	1.607	1.630	2298096	3730975.00
2018/07/12	1.638	1.690	1.612	1.684	3097282	5171796.50
2018/07/13	1.685	1.691	1.675	1.690	1779800	2998959.00
2018/07/16	1.690	1.692	1.675	1.683	764200	1285126.75
2018/07/17	1.683	1.693	1.668	1.691	817700	1373817.88
2018/07/18	1.692	1.708	1.680	1.680	857600	1454473.75
2018/07/19	1.678	1.686	1.652	1.658	1526000	2541944.25
2018/07/20	1.651	1.685	1.646	1.682	1526986	2547505.00
2018/07/23	1.673	1.685	1.655	1.685	3745100	6280926.00
2018/07/24	1.688	1.707	1.670	1.697	1298000	2199050.75
2018/07/25	1.700	1.715	1.693	1.698	995800	1694814.38
2018/07/26	1.702	1.702	1.670	1.675	1746600	2935960.50
2018/07/27	1.677	1.679	1.663	1.666	656100	1094648.63
2018/07/30	1.660	1.665	1.624	1.630	1750600	2866834.25
2018/07/31	1.636	1.641	1.621	1.626	1165500	1898730.38
2018/08/01	1.626	1.647	1.607	1.612	1031400	1679647.75
2018/08/02	1.612	1.612	1.549	1.579	2279682	3592938.00
2018/08/03	1.573	1.587	1.548	1.549	1920700	3006497.75
2018/08/06	1.549	1.553	1.499	1.506	5146900	7864800.00
2018/08/07	1.505	1.551	1.500	1.550	2723296	4160734.75
2018/08/08	1.548	1.548	1.510	1.513	2057982	3135854.75
2018/08/09	1.513	1.575	1.505	1.562	3849257	5985614.50
2018/08/10	1.560	1.579	1.560	1.575	1736814	2726266.00
2018/08/13	1.559	1.597	1.547	1.595	2171300	3422445.50
2018/08/14	1.586	1.594	1.577	1.584	921300	1460911.88
2018/08/15	1.588	1.588	1.536	1.541	1805100	2809418.75
2018/08/16	1.517	1.556	1.505	1.528	2034200	3116367.25
2018/08/17	1.540	1.547	1.495	1.499	2610700	3940732.25
2018/08/20	1.498	1.510	1.466	1.499	3366400	4991026.00
2018/08/21	1.500	1.525	1.492	1.521	2353300	3543958.00
2018/08/22	1.516	1.521	1.501	1.501	1330200	2004800.38
2018/08/23	1.504	1.528	1.501	1.522	3341900	5067536.50
2018/08/24	1.504	1.525	1.504	1.514	1824500	2759124.00
2018/08/27	1.514	1.561	1.514	1.557	2387700	3689810.25
2018/08/28	1.571	1.571	1.549	1.560	1338900	2082944.75
2018/08/29	1.548	1.555	1.541	1.545	1153000	1781541.50
2018/08/30	1.546	1.549	1.520	1.523	1876828	2870399.00
2018/08/31	1.523	1.523	1.498	1.508	3125900	4703604.00
2018/09/03	1.496	1.509	1.477	1.508	2674300	3976948.00
2018/09/04	1.508	1.524	1.494	1.518	2598800	3924093.00
2018/09/05	1.510	1.519	1.492	1.493	2205000	3315822.00
2018/09/06	1.489	1.506	1.479	1.486	1174100	1747472.00
2018/09/07	1.492	1.518	1.477	1.489	2399300	3600048.50
2018/09/10	1.489	1.490	1.451	1.452	5150600	7537909.00
2018/09/11	1.453	1.467	1.442	1.458	1396300	2030947.88
2018/09/12	1.460	1.467	1.444	1.448	1323700	1927337.50
2018/09/13	1.460	1.467	1.431	1.451	3165800	4587854.50
2018/09/14	1.453	1.457	1.427	1.428	3554500	5113724.50
2018/09/17	1.425	1.425	1.405	1.408	1993600	2816516.00
2018/09/18	1.413	1.441	1.407	1.440	2617900	3740556.50
2018/09/19	1.430	1.465	1.426	1.452	2876200	4163465.75
2018/09/20	1.450	1.460	1.444	1.448	4535700	6583573.00
2018/09/21	1.452	1.473	1.442	1.472	4608800	6731300.00
2018/09/25	1.461	1.477	1.461	1.463	974500	1429939.13
2018/09/26	1.463	1.492	1.463	1.484	2480200	3674607.00
2018/09/27	1.482	1.482	1.460	1.460	3151400	4632730.50
2018/09/28	1.461	1.473	1.454	1.470	4263600	6255647.50
2018/10/08	1.455	1.455	1.408	1.410	3836100	5475458.50
2018/10/09	1.414	1.422	1.397	1.406	1446000	2033775.25
2018/10/10	1.408	1.415	1.391	1.404	2743200	3842285.00
2018/10/11	1.389	1.389	1.302	1.312	8916091	11857782.00
2018/10/12	1.316	1.332	1.281	1.323	4273100	5600654.50
2018/10/15	1.325	1.334	1.299	1.304	3033335	3984728.75
2018/10/16	1.304	1.306	1.260	1.268	6282000	8050320.00
2018/10/17	1.301	1.301	1.251	1.282	4433400	5656638.00
2018/10/18	1.282	1.282	1.253	1.258	8188074	10352644.00
2018/10/19	1.262	1.308	1.242	1.302	15150082	19470054.00
2018/10/22	1.306	1.387	1.306	1.375	6858582	9298032.00
2018/10/23	1.375	1.378	1.330	1.345	12657900	17182434.00
2018/10/24	1.342	1.358	1.331	1.338	2486500	3344935.50
2018/10/25	1.309	1.333	1.286	1.329	3240100	4219912.00
2018/10/26	1.335	1.345	1.310	1.318	2325400	3086902.50
2018/10/29	1.323	1.324	1.298	1.304	1549400	2026722.88
2018/10/30	1.300	1.332	1.276	1.316	2593491	3386788.25
2018/10/31	1.320	1.340	1.312	1.328	2716200	3614076.00
2018/11/01	1.338	1.368	1.338	1.342	4462182	6041301.00
2018/11/02	1.376	1.410	1.376	1.410	7057900	9811468.00
2018/11/05	1.410	1.431	1.379	1.406	6928000	9738230.00
2018/11/06	1.390	1.408	1.381	1.406	4844071	6723674.00
2018/11/07	1.406	1.424	1.390	1.402	2477800	3498203.50
2018/11/08	1.400	1.420	1.383	1.384	1947000	2724927.25
2018/11/09	1.383	1.390	1.373	1.378	3056329	4220845.50
2018/11/12	1.378	1.427	1.374	1.426	3370300	4733921.00
2018/11/13	1.423	1.460	1.400	1.452	5807700	8370016.00
2018/11/14	1.446	1.470	1.438	1.442	3156500	4569901.50
2018/11/15	1.442	1.467	1.437	1.463	8024800	11671897.00
2018/11/16	1.469	1.477	1.448	1.461	4165092	6094118.00
2018/11/19	1.457	1.462	1.436	1.449	3574500	5163366.00
2018/11/20	1.445	1.445	1.406	1.411	2373000	3372129.00
2018/11/21	1.401	1.420	1.398	1.416	1527600	2155060.25
2018/11/22	1.416	1.426	1.406	1.409	1052300	1488462.75
2018/11/23	1.416	1.416	1.358	1.359	10880291	15026750.00
2018/11/26	1.355	1.366	1.346	1.353	12525800	17030910.00
2018/11/27	1.368	1.371	1.356	1.366	6353100	8674190.00
2018/11/28	1.366	1.392	1.354	1.392	16913800	23166840.00
2018/11/29	1.400	1.404	1.361	1.363	2282300	3166661.25
2018/11/30	1.351	1.383	1.351	1.376	2011000	2746831.50
2018/12/03	1.414	1.436	1.408	1.430	5854900	8350768.00
2018/12/04	1.427	1.434	1.377	1.433	7072100	10063538.00
2018/12/05	1.418	1.445	1.403	1.432	1778000	2537358.50
2018/12/06	1.430	1.430	1.393	1.399	1876700	2643130.75
2018/12/07	1.399	1.404	1.388	1.393	1186500	1654041.13
2018/12/10	1.393	1.393	1.378	1.382	1202200	1666089.50
2018/12/11	1.382	1.392	1.382	1.392	937900	1302838.00
2018/12/12	1.420	1.420	1.390	1.390	870000	1213390.38
2018/12/13	1.390	1.413	1.382	1.406	1237700	1731697.38
2018/12/14	1.406	1.406	1.362	1.366	1821300	2515639.50
2018/12/17	1.355	1.361	1.338	1.353	1695400	2284922.75
2018/12/18	1.351	1.362	1.336	1.345	1456500	1962561.75
2018/12/19	1.360	1.362	1.320	1.321	2341900	3117202.00
2018/12/20	1.321	1.333	1.317	1.329	1494700	1981558.88
2018/12/21	1.329	1.330	1.312	1.323	871200	1151316.75
2018/12/24	1.319	1.338	1.319	1.338	1073000	1431062.88
2018/12/25	1.334	1.334	1.297	1.329	4111900	5389515.00
2018/12/26	1.329	1.332	1.316	1.318	1461000	1933068.25
2018/12/27	1.335	1.340	1.302	1.302	2597000	3445532.50
2018/12/28	1.303	1.324	1.291	1.303	1304700	1697049.13
2019/01/02	1.302	1.302	1.280	1.282	1741600	2241369.75
2019/01/03	1.281	1.293	1.266	1.268	2787400	3561123.50
2019/01/04	1.258	1.300	1.255	1.300	4704600	6055393.00
2019/01/07	1.300	1.324	1.298	1.322	4779400	6271621.00
2019/01/08	1.321	1.323	1.311	1.318	2109300	2782982.75
2019/01/09	1.320	1.339	1.310	1.316	2816900	3731976.50
2019/01/10	1.312	1.323	1.309	1.312	1172400	1544558.38
2019/01/11	1.313	1.320	1.307	1.316	1671100	2195024.50
2019/01/14	1.311	1.315	1.296	1.299	2013500	2619452.75
2019/01/15	1.301	1.320	1.292	1.320	1296300	1690863.63
2019/01/16	1.320	1.331	1.319	1.320	1674200	2218235.75
2019/01/17	1.316	1.320	1.304	1.304	3994612	5239610.50
2019/01/18	1.306	1.325	1.304	1.323	3340400	4394623.00
2019/01/21	1.331	1.338	1.324	1.330	2671700	3557346.00
2019/01/22	1.330	1.330	1.302	1.305	1140500	1492242.50
2019/01/23	1.303	1.309	1.297	1.306	337300	439175.09
2019/01/24	1.309	1.325	1.301	1.317	1568900	2063461.25
2019/01/25	1.319	1.332	1.317	1.318	2176714	2886209.75
2019/01/28	1.352	1.352	1.313	1.313	1978900	2628566.50
2019/01/29	1.312	1.312	1.281	1.295	2812900	3643037.00
2019/01/30	1.296	1.304	1.284	1.285	1725494	2232534.00
2019/01/31	1.287	1.298	1.274	1.280	5754400	7435213.00
2019/02/01	1.282	1.328	1.282	1.326	4251900	5579763.50
2019/02/11	1.327	1.379	1.325	1.375	8970357	12147556.00
2019/02/12	1.377	1.393	1.372	1.389	3463600	4790857.50
2019/02/13	1.388	1.422	1.388	1.417	6565982	9260881.00
2019/02/14	1.417	1.428	1.407	1.419	4278600	6056492.50
2019/02/15	1.415	1.429	1.412	1.415	4905900	6967583.50
2019/02/18	1.416	1.476	1.416	1.476	6127700	8914009.00
2019/02/19	1.476	1.489	1.449	1.469	8086600	11939942.00
2019/02/20	1.463	1.475	1.448	1.468	5076757	7414919.50
2019/02/21	1.465	1.515	1.460	1.471	6577700	9782761.00
2019/02/22	1.469	1.522	1.469	1.522	7002444	10480624.00
2019/02/25	1.550	1.674	1.537	1.625	11926014	18781296.00
2019/02/26	1.619	1.650	1.595	1.616	12638400	20524922.00
数据来源:通达信
