159922 500ETF 日线 前复权
      日期	    开盘	    最高	    最低	    收盘	    成交量	    成交额
2013/03/15	3.425	3.462	3.310	3.392	166896358	567860160.00
2013/03/18	3.393	3.440	3.382	3.391	78700512	267519312.00
2013/03/19	3.400	3.400	3.350	3.396	33664664	113889528.00
2013/03/20	3.398	3.496	3.393	3.491	54418772	187633568.00
2013/03/21	3.490	3.521	3.475	3.512	48757893	171093216.00
2013/03/22	3.512	3.536	3.500	3.525	42080185	148250352.00
2013/03/25	3.525	3.550	3.518	3.530	34591927	122241880.00
2013/03/26	3.539	3.539	3.472	3.516	37155468	130350448.00
2013/03/27	3.520	3.549	3.500	3.520	26707696	94103456.00
2013/03/28	3.510	3.510	3.310	3.421	19218724	66311652.00
2013/03/29	3.421	3.445	3.412	3.423	17360964	59532172.00
2013/04/01	3.423	3.470	3.423	3.452	12728758	44023936.00
2013/04/02	3.452	3.490	3.411	3.420	7736736	26790968.00
2013/04/03	3.420	3.440	3.352	3.391	7495974	25421826.00
2013/04/08	3.340	3.395	3.211	3.395	18152085	60843508.00
2013/04/09	3.400	3.438	3.395	3.425	6786001	23193758.00
2013/04/10	3.425	3.447	3.406	3.428	2772030	9490196.00
2013/04/11	3.410	3.445	3.390	3.410	4271339	14622329.00
2013/04/12	3.390	3.420	3.374	3.378	4032478	13704761.00
2013/04/15	3.371	3.371	3.310	3.338	1596918	5334419.50
2013/04/16	3.331	3.376	3.218	3.371	2018309	6715743.00
2013/04/17	3.371	3.400	3.333	3.399	9544062	32127532.00
2013/04/18	3.400	3.418	3.380	3.416	3686350	12555440.00
2013/04/19	3.391	3.489	3.390	3.470	4036112	13984327.00
2013/04/22	3.432	3.492	3.432	3.490	3781034	13143962.00
2013/04/23	3.480	3.480	3.390	3.403	2822052	9654370.00
2013/04/24	3.403	3.475	3.395	3.449	4567245	15733493.00
2013/04/25	3.415	3.480	3.415	3.424	5674305	19570468.00
2013/04/26	3.431	3.434	3.349	3.353	7368357	25025338.00
2013/05/02	3.331	3.395	3.331	3.370	1945206	6550260.00
2013/05/03	3.370	3.452	3.370	3.437	6006014	20637930.00
2013/05/06	3.450	3.509	3.446	3.491	6964914	24293412.00
2013/05/07	3.484	3.518	3.483	3.516	8691606	30453808.00
2013/05/08	3.516	3.542	3.514	3.540	8996698	31753206.00
2013/05/09	3.524	3.545	3.505	3.539	5496476	19406664.00
2013/05/10	3.534	3.565	3.522	3.565	11785920	41907784.00
2013/05/13	3.560	3.579	3.530	3.572	15022228	53622068.00
2013/05/14	3.550	3.571	3.518	3.541	4011926	14197134.00
2013/05/15	3.531	3.580	3.531	3.579	9305777	33183966.00
2013/05/16	3.570	3.624	3.559	3.598	24861168	89491192.00
2013/05/17	3.599	3.645	3.590	3.642	21489048	77882104.00
2013/05/20	3.643	3.705	3.601	3.701	28495966	104792808.00
2013/05/21	3.701	3.735	3.681	3.734	29935938	111077024.00
2013/05/22	3.734	3.755	3.708	3.725	21187145	79074776.00
2013/05/23	3.718	3.758	3.678	3.697	13928457	51935668.00
2013/05/24	3.697	3.755	3.697	3.738	11155309	41560356.00
2013/05/27	3.740	3.810	3.740	3.809	17501653	66335200.00
2013/05/28	3.804	3.840	3.771	3.824	7172622	27355604.00
2013/05/29	3.823	3.858	3.804	3.855	4083877	15694506.00
2013/05/30	3.853	3.871	3.810	3.864	3326415	12807187.00
2013/05/31	3.862	3.882	3.843	3.843	2718797	10521508.00
2013/06/03	3.821	3.850	3.801	3.807	3956779	15134775.00
2013/06/04	3.790	3.800	3.700	3.728	4242022	15903348.00
2013/06/05	3.730	3.755	3.721	3.745	1725066	6444137.50
2013/06/06	3.746	3.746	3.685	3.688	2561224	9488996.00
2013/06/07	3.683	3.716	3.594	3.624	1246207	4529215.00
2013/06/13	3.620	3.620	3.470	3.533	3346770	11762527.00
2013/06/14	3.533	3.594	3.533	3.583	1364005	4864246.50
2013/06/17	3.583	3.625	3.571	3.612	3165418	11360386.00
2013/06/18	3.614	3.649	3.570	3.619	908565	3279670.50
2013/06/19	3.618	3.621	3.550	3.621	1518904	5426298.50
2013/06/20	3.501	3.587	3.487	3.487	1433883	5063995.50
2013/06/21	3.490	3.490	3.296	3.463	1289547	4414752.50
2013/06/24	3.425	3.490	3.300	3.303	1678872	5607334.50
2013/06/25	3.299	3.358	3.218	3.340	1524628	5038790.00
2013/06/26	3.330	3.400	3.238	3.300	694376	2284179.00
2013/06/27	3.356	3.363	3.270	3.270	557745	1850303.63
2013/06/28	3.270	3.301	3.221	3.260	1045523	3420984.50
2013/07/01	3.251	3.316	3.220	3.306	3593826	11731401.00
2013/07/02	3.329	3.356	3.270	3.352	1270226	4227831.50
2013/07/03	3.250	3.386	3.250	3.365	752489	2510461.00
2013/07/04	3.360	3.431	3.330	3.400	976391	3324602.75
2013/07/05	3.400	3.430	3.382	3.382	779764	2658466.00
2013/07/08	3.341	3.341	3.250	3.265	806985	2645047.75
2013/07/09	3.284	3.284	3.228	3.275	573275	1872320.63
2013/07/10	3.330	3.368	3.272	3.366	748289	2484251.50
2013/07/11	3.366	3.493	3.366	3.468	1151444	3964005.50
2013/07/12	3.470	3.505	3.361	3.448	544916	1888368.25
2013/07/15	3.479	3.501	3.450	3.490	763322	2658296.50
2013/07/16	3.490	3.544	3.487	3.542	970771	3418495.50
2013/07/17	3.560	3.568	3.495	3.498	1116576	3931969.00
2013/07/18	3.497	3.518	3.463	3.488	829744	2898807.00
2013/07/19	3.488	3.515	3.400	3.400	527323	1833534.50
2013/07/22	3.400	3.470	3.392	3.467	723132	2493622.75
2013/07/23	3.467	3.555	3.467	3.548	1052727	3727168.50
2013/07/24	3.565	3.584	3.521	3.575	938789	3337674.25
2013/07/25	3.600	3.620	3.511	3.519	520926	1848935.88
2013/07/26	3.514	3.521	3.470	3.503	422681	1483417.75
2013/07/29	3.468	3.489	3.444	3.444	445280	1538274.00
2013/07/30	3.440	3.473	3.370	3.430	1299336	4471475.00
2013/07/31	3.466	3.537	3.439	3.442	577641	2001917.25
2013/08/01	3.456	3.528	3.456	3.525	1433249	5023040.50
2013/08/02	3.540	3.570	3.501	3.533	900717	3198514.25
2013/08/05	3.491	3.598	3.491	3.595	998745	3571722.75
2013/08/06	3.560	3.635	3.507	3.618	1511182	5454683.00
2013/08/07	3.618	3.645	3.588	3.592	1152124	4172160.00
2013/08/08	3.592	3.628	3.587	3.602	600277	2165731.50
2013/08/09	3.601	3.640	3.574	3.617	1709198	6181758.50
2013/08/12	3.617	3.680	3.617	3.677	1825450	6676537.50
2013/08/13	3.681	3.694	3.679	3.693	1025798	3783638.50
2013/08/14	3.693	3.710	3.667	3.679	1522032	5615778.00
2013/08/15	3.679	3.689	3.611	3.620	1156259	4233268.50
2013/08/16	3.600	3.685	3.553	3.553	1742097	6341174.00
2013/08/19	3.553	3.616	3.517	3.616	489853	1755122.13
2013/08/20	3.616	3.640	3.589	3.599	434672	1568990.88
2013/08/21	3.563	3.632	3.563	3.618	472654	1708877.00
2013/08/22	3.591	3.660	3.591	3.643	664003	2416385.50
2013/08/23	3.658	3.665	3.576	3.628	944387	3441498.50
2013/08/26	3.635	3.707	3.635	3.707	1100868	4062050.75
2013/08/27	3.636	3.729	3.636	3.708	1739643	6466142.50
2013/08/28	3.708	3.742	3.686	3.710	1883694	7014815.00
2013/08/29	3.713	3.715	3.687	3.711	1487182	5510888.00
2013/08/30	3.671	3.723	3.670	3.705	801741	2963614.75
2013/09/02	3.666	3.708	3.666	3.708	1202580	4443898.00
2013/09/03	3.709	3.740	3.699	3.739	2923005	10871000.00
2013/09/04	3.741	3.765	3.671	3.750	1405695	5273755.00
2013/09/05	3.742	3.780	3.739	3.758	3522692	13236433.00
2013/09/06	3.740	3.795	3.740	3.792	1460723	5525660.50
2013/09/09	3.780	3.838	3.779	3.813	4833945	18495862.00
2013/09/10	3.810	3.849	3.810	3.847	1345045	5166017.50
2013/09/11	3.850	3.860	3.799	3.825	1068647	4097426.00
2013/09/12	3.800	3.848	3.780	3.826	1262711	4836277.50
2013/09/13	3.781	3.839	3.775	3.828	1351365	5174211.50
2013/09/16	3.825	3.850	3.816	3.833	1341525	5155876.50
2013/09/17	3.833	3.833	3.772	3.772	647525	2466247.50
2013/09/18	3.772	3.805	3.751	3.805	406260	1539144.88
2013/09/23	3.800	3.882	3.800	3.880	925968	3574175.75
2013/09/24	3.880	3.898	3.851	3.880	909948	3531424.75
2013/09/25	3.855	3.905	3.855	3.872	510462	1986990.25
2013/09/26	3.852	3.852	3.808	3.813	3409129	13061862.00
2013/09/27	3.810	3.847	3.800	3.819	440453	1679865.88
2013/09/30	3.819	3.888	3.808	3.858	418385	1607566.00
2013/10/08	3.869	3.935	3.781	3.925	663956	2590086.50
2013/10/09	3.925	3.966	3.924	3.950	1523130	6015992.50
2013/10/10	3.950	3.990	3.934	3.934	700151	2774137.50
2013/10/11	3.943	4.000	3.943	4.000	773919	3086773.25
2013/10/14	4.000	4.047	4.000	4.031	630475	2544897.25
2013/10/15	4.025	4.060	3.968	4.050	339623	1372519.13
2013/10/16	4.020	4.037	3.940	3.950	470637	1870392.38
2013/10/17	3.951	4.001	3.951	3.958	435129	1730046.75
2013/10/18	3.958	3.970	3.931	3.957	407683	1606937.88
2013/10/21	3.954	4.070	3.954	4.063	676150	2726190.25
2013/10/22	4.062	4.092	4.024	4.025	466349	1892900.50
2013/10/23	4.006	4.051	3.919	3.932	505649	2001652.63
2013/10/24	3.910	3.940	3.892	3.895	684585	2678408.25
2013/10/25	3.902	3.926	3.800	3.820	952338	3667893.75
2013/10/28	3.792	3.849	3.792	3.825	970047	3712151.75
2013/10/29	3.819	3.846	3.615	3.703	572317	2137287.75
2013/10/30	3.703	3.755	3.601	3.755	303129	1131586.75
2013/10/31	3.675	3.779	3.675	3.719	264506	989207.63
2013/11/01	3.684	3.723	3.682	3.703	238169	881258.06
2013/11/04	3.692	3.750	3.692	3.731	292068	1091035.13
2013/11/05	3.705	3.788	3.699	3.788	484646	1812779.63
2013/11/06	3.788	3.819	3.748	3.819	177556	671446.50
2013/11/07	3.730	3.741	3.680	3.700	309238	1149907.50
2013/11/08	3.681	3.774	3.610	3.650	525704	1916694.88
2013/11/11	3.660	3.678	3.608	3.661	379810	1380140.63
2013/11/12	3.671	3.682	3.653	3.670	503112	1846871.88
2013/11/13	3.670	3.674	3.640	3.642	544771	1993252.75
2013/11/14	3.637	3.653	3.576	3.650	463525	1676711.13
2013/11/15	3.650	3.752	3.650	3.690	702537	2601015.50
2013/11/18	3.710	3.810	3.710	3.810	2299980	8716172.00
2013/11/19	3.815	3.840	3.796	3.830	4790632	18284852.00
2013/11/20	3.835	3.870	3.817	3.869	467032	1792028.13
2013/11/21	3.864	3.864	3.823	3.854	2346662	9002645.00
2013/11/22	3.850	3.865	3.828	3.840	3938741	15192944.00
2013/11/25	3.805	3.852	3.805	3.849	6136517	23573548.00
2013/11/26	3.845	3.845	3.810	3.840	3529273	13535418.00
2013/11/27	3.840	3.900	3.825	3.900	8712587	33416800.00
2013/11/28	3.874	3.940	3.874	3.940	2655335	10403309.00
2013/11/29	3.935	3.960	3.925	3.960	582484	2294748.25
2013/12/02	3.940	3.940	3.714	3.772	1170334	4458909.00
2013/12/03	3.767	3.873	3.747	3.873	5761174	21952748.00
2013/12/04	3.868	3.959	3.850	3.930	887466	3490259.50
2013/12/05	3.935	3.945	3.905	3.929	241268	946591.19
2013/12/06	3.924	3.931	3.909	3.931	792667	3104007.75
2013/12/09	3.931	3.941	3.918	3.941	247063	971356.38
2013/12/10	3.941	3.946	3.931	3.941	273589	1078166.38
2013/12/11	3.936	3.936	3.890	3.901	197638	770523.88
2013/12/12	3.906	3.935	3.906	3.916	175719	688462.31
2013/12/13	3.911	3.932	3.891	3.932	208403	815809.38
2013/12/16	3.927	3.927	3.851	3.860	109107	423317.59
2013/12/17	3.855	3.860	3.830	3.838	294059	1130581.25
2013/12/18	3.843	3.861	3.830	3.838	1065124	4099590.25
2013/12/19	3.843	3.864	3.800	3.804	311054	1195523.50
2013/12/20	3.800	3.809	3.744	3.750	248363	935600.56
2013/12/23	3.755	3.760	3.700	3.746	237686	887109.50
2013/12/24	3.751	3.806	3.751	3.769	132643	501995.03
2013/12/25	3.764	3.806	3.761	3.805	68568	260266.69
2013/12/26	3.800	3.816	3.763	3.763	161700	614703.31
2013/12/27	3.758	3.811	3.748	3.807	170609	645636.94
2013/12/30	3.812	3.833	3.807	3.816	169520	648989.94
2013/12/31	3.811	3.838	3.775	3.830	1023130	3894414.25
2014/01/02	3.825	3.842	3.820	3.838	178554	684125.00
2014/01/03	3.850	3.850	3.802	3.808	65867	251213.70
2014/01/06	3.803	3.803	3.710	3.710	408941	1527544.25
2014/01/07	3.705	3.735	3.695	3.726	77135	286851.25
2014/01/08	3.731	3.770	3.726	3.733	533979	1998607.50
2014/01/09	3.738	3.762	3.695	3.696	366289	1371413.00
2014/01/10	3.710	3.710	3.616	3.622	431305	1573188.38
2014/01/13	3.627	3.655	3.594	3.607	86530	312981.59
2014/01/14	3.602	3.670	3.602	3.670	221978	807695.88
2014/01/15	3.665	3.706	3.665	3.706	250659	922647.69
2014/01/16	3.704	3.731	3.704	3.711	53712	199536.20
2014/01/17	3.706	3.706	3.671	3.676	36542	134613.88
2014/01/20	3.670	3.672	3.636	3.643	51014	186093.70
2014/01/21	3.648	3.690	3.648	3.690	239751	880480.44
2014/01/22	3.695	3.800	3.695	3.799	290374	1096431.63
2014/01/23	3.794	3.838	3.790	3.819	169142	644565.13
2014/01/24	3.815	3.885	3.815	3.878	246964	955476.19
2014/01/27	3.873	3.909	3.853	3.884	378516	1473037.50
2014/01/28	3.883	3.894	3.850	3.876	249355	964002.00
2014/01/29	3.881	3.912	3.881	3.900	137212	534279.63
2014/01/30	3.895	3.900	3.870	3.880	136962	532097.13
2014/02/07	3.900	3.949	3.500	3.949	275675	1079065.13
2014/02/10	3.945	4.064	3.945	4.064	692078	2796359.50
2014/02/11	4.069	4.090	4.021	4.068	947466	3857518.50
2014/02/12	4.073	4.112	4.053	4.112	808630	3307529.75
2014/02/13	4.110	4.128	4.052	4.053	422484	1736304.75
2014/02/14	4.053	4.118	4.047	4.118	475597	1943651.25
2014/02/17	4.123	4.198	4.123	4.198	606263	2528020.00
2014/02/18	4.198	4.203	4.173	4.186	381279	1598238.13
2014/02/19	4.191	4.220	4.171	4.186	879492	3698185.75
2014/02/20	4.191	4.201	4.121	4.135	528855	2196120.25
2014/02/21	4.130	4.150	4.077	4.100	579435	2381594.50
2014/02/24	4.095	4.095	4.025	4.090	875592	3545192.00
2014/02/25	4.095	4.126	3.930	3.940	521919	2097586.75
2014/02/26	3.945	3.965	3.877	3.965	338180	1331211.38
2014/02/27	3.970	4.030	3.931	3.931	337852	1348543.75
2014/02/28	3.930	3.968	3.879	3.968	155826	609672.13
2014/03/03	3.958	4.040	3.958	4.040	132777	534184.75
2014/03/04	3.997	4.050	3.997	4.043	151260	610449.50
2014/03/05	4.041	4.058	4.017	4.017	150993	609925.63
2014/03/06	4.012	4.027	3.962	4.017	264946	1056405.75
2014/03/07	4.022	4.032	3.984	3.997	141008	565600.63
2014/03/10	3.982	3.982	3.837	3.856	246889	956887.38
2014/03/11	3.861	3.881	3.830	3.842	263863	1018341.06
2014/03/12	3.847	3.880	3.800	3.852	136835	525624.19
2014/03/13	3.857	3.899	3.857	3.891	243769	947702.19
2014/03/14	3.886	3.896	3.860	3.874	85438	331511.34
2014/03/17	3.869	3.953	3.869	3.953	289032	1137923.50
2014/03/18	3.958	3.995	3.958	3.973	75344	299787.91
2014/03/19	3.971	3.978	3.935	3.958	139637	552549.44
2014/03/20	3.953	3.985	3.880	3.880	241688	947096.06
2014/03/21	3.885	3.949	3.830	3.949	303260	1178496.00
2014/03/24	3.954	3.989	3.944	3.964	320628	1273670.00
2014/03/25	3.959	3.995	3.958	3.970	72872	289856.84
2014/03/26	3.975	3.993	3.974	3.982	137503	547736.38
2014/03/27	3.983	3.983	3.937	3.937	108844	430448.28
2014/03/28	3.942	3.944	3.850	3.852	532230	2068943.50
2014/03/31	3.855	3.862	3.804	3.832	177709	682939.31
2014/04/01	3.837	3.878	3.837	3.877	60471	233487.63
2014/04/02	3.882	3.902	3.882	3.882	24900	96960.80
2014/04/03	3.887	3.903	3.879	3.879	57592	224217.03
2014/04/04	3.880	3.922	3.880	3.922	63342	247515.47
2014/04/08	3.927	3.967	3.925	3.958	86521	341958.81
2014/04/09	3.953	3.998	3.952	3.997	272751	1086856.38
2014/04/10	4.001	4.035	3.995	4.027	275279	1106308.25
2014/04/11	4.022	4.022	3.994	4.006	49031	196298.52
2014/04/14	4.017	4.033	4.007	4.030	189722	763215.50
2014/04/15	4.025	4.025	3.999	4.000	284052	1140509.75
2014/04/16	4.000	4.005	3.975	3.996	99386	396960.97
2014/04/17	3.996	4.014	3.996	3.996	98446	394110.03
2014/04/18	3.991	4.009	3.981	4.006	118225	473037.13
2014/04/21	4.001	4.011	3.941	3.957	93411	371882.34
2014/04/22	3.962	3.962	3.880	3.918	100088	391375.19
2014/04/23	3.923	3.932	3.903	3.908	600431	2346987.50
2014/04/24	3.903	3.908	3.874	3.874	62420	242368.23
2014/04/25	3.862	3.862	3.786	3.786	137900	527821.13
2014/04/28	3.791	3.801	3.662	3.677	298043	1104708.88
2014/04/29	3.682	3.717	3.680	3.717	106103	391466.63
2014/04/30	3.722	3.754	3.713	3.754	48080	179817.94
2014/05/05	3.750	3.775	3.734	3.775	146020	547378.81
2014/05/06	3.770	3.819	3.755	3.795	166629	633139.88
2014/05/07	3.790	3.790	3.742	3.743	283500	1069856.88
2014/05/08	3.743	3.785	3.728	3.748	65911	247225.16
2014/05/09	3.743	3.743	3.677	3.708	254928	942012.44
2014/05/12	3.713	3.799	3.713	3.790	95553	359289.84
2014/05/13	3.795	3.807	3.779	3.790	174725	662804.63
2014/05/14	3.785	3.796	3.780	3.790	52508	199063.66
2014/05/15	3.785	3.785	3.723	3.723	40000	149981.70
2014/05/16	3.718	3.727	3.687	3.718	613600	2271596.25
2014/05/19	3.713	3.713	3.682	3.698	46331	171039.83
2014/05/20	3.703	3.737	3.703	3.708	371800	1388483.25
2014/05/21	3.703	3.732	3.698	3.732	44659	165785.70
2014/05/22	3.737	3.780	3.734	3.742	91791	345596.88
2014/05/23	3.747	3.773	3.737	3.773	92737	348595.19
2014/05/26	3.778	3.819	3.778	3.818	86984	330501.22
2014/05/27	3.813	3.829	3.808	3.810	124483	475040.41
2014/05/28	3.805	3.848	3.804	3.841	199333	762147.75
2014/05/29	3.846	3.860	3.816	3.819	42057	161229.06
2014/05/30	3.814	3.823	3.794	3.814	269460	1023055.38
2014/06/03	3.819	3.825	3.815	3.815	36023	137482.05
2014/06/04	3.810	3.810	3.752	3.765	172900	650746.19
2014/06/05	3.770	3.810	3.770	3.810	80728	305528.69
2014/06/06	3.815	3.824	3.796	3.805	42914	163413.14
2014/06/09	3.800	3.817	3.795	3.795	73642	280231.47
2014/06/10	3.800	3.825	3.780	3.825	20684	78867.99
2014/06/11	3.823	3.841	3.821	3.840	76378	292563.69
2014/06/12	3.835	3.851	3.825	3.847	2099738	8071505.00
2014/06/13	3.852	3.900	3.852	3.900	532101	2058497.88
2014/06/16	3.901	3.920	3.901	3.920	66020	258187.56
2014/06/17	3.915	3.915	3.884	3.884	138137	538521.50
2014/06/18	3.880	3.889	3.860	3.868	274424	1062626.13
2014/06/19	3.863	3.863	3.765	3.766	139800	532419.50
2014/06/20	3.766	3.800	3.766	3.798	207805	787837.44
2014/06/23	3.803	3.830	3.803	3.815	149971	573450.44
2014/06/24	3.820	3.849	3.820	3.849	160591	616579.38
2014/06/25	3.850	3.850	3.807	3.824	92284	352253.53
2014/06/26	3.820	3.869	3.819	3.864	70098	270406.03
2014/06/27	3.860	3.910	3.860	3.906	120423	469267.59
2014/06/30	3.905	3.931	3.897	3.926	135338	530491.50
2014/07/01	3.928	3.950	3.928	3.949	243627	960581.69
2014/07/02	3.949	3.976	3.946	3.976	174433	690612.56
2014/07/03	3.980	4.026	3.980	4.024	328881	1319910.50
2014/07/04	4.025	4.025	3.999	4.002	270879	1085705.75
2014/07/07	4.007	4.024	4.002	4.017	97623	391618.75
2014/07/08	4.012	4.049	3.993	4.037	237557	954857.63
2014/07/09	4.040	4.048	4.000	4.000	132954	536072.69
2014/07/10	4.000	4.010	3.985	3.987	164788	659132.50
2014/07/11	3.992	4.044	3.992	4.031	224417	903297.44
2014/07/14	4.036	4.100	4.036	4.096	205144	833155.81
2014/07/15	4.096	4.100	4.076	4.086	117175	479072.34
2014/07/16	4.091	4.111	4.048	4.062	657799	2682684.50
2014/07/17	4.057	4.057	4.024	4.030	57205	231088.72
2014/07/18	4.025	4.069	4.025	4.040	79115	320025.13
2014/07/21	4.042	4.045	4.023	4.030	177567	716566.94
2014/07/22	4.035	4.098	4.035	4.084	130628	531737.25
2014/07/23	4.084	4.097	4.064	4.064	145617	595331.44
2014/07/24	4.069	4.092	4.039	4.052	296511	1202880.25
2014/07/25	4.057	4.089	4.057	4.089	185432	756076.63
2014/07/28	4.100	4.187	4.100	4.168	786211	3277076.75
2014/07/29	4.185	4.222	4.185	4.206	883579	3714693.00
2014/07/30	4.231	4.231	4.190	4.226	305133	1285596.13
2014/07/31	4.226	4.260	4.226	4.260	274145	1164539.75
2014/08/01	4.289	4.289	4.202	4.233	134392	571051.63
2014/08/04	4.250	4.280	4.238	4.278	204109	869049.50
2014/08/05	4.295	4.298	4.273	4.298	296986	1273282.25
2014/08/06	4.315	4.335	4.287	4.330	211198	910690.44
2014/08/07	4.351	4.353	4.310	4.310	450797	1947639.25
2014/08/08	4.305	4.329	4.300	4.318	271515	1170828.13
2014/08/11	4.320	4.380	4.320	4.379	375215	1634142.63
2014/08/12	4.397	4.416	4.379	4.401	156407	687647.75
2014/08/13	4.419	4.425	4.370	4.425	719390	3165595.00
2014/08/14	4.443	4.510	4.370	4.400	1054081	4637072.00
2014/08/15	4.418	4.454	4.380	4.440	350318	1546413.63
2014/08/18	4.460	4.504	4.460	4.499	355289	1595723.50
2014/08/19	4.525	4.600	4.498	4.520	178085	803297.69
2014/08/20	4.540	4.540	4.500	4.509	126880	573406.69
2014/08/21	4.511	4.520	4.470	4.495	692861	3107026.50
2014/08/22	4.538	4.538	4.491	4.521	224382	1012905.00
2014/08/25	4.541	4.542	4.492	4.505	138173	624908.44
2014/08/26	4.490	4.490	4.380	4.401	435105	1929558.88
2014/08/27	4.404	4.445	4.404	4.414	107255	473954.69
2014/08/28	4.410	4.442	4.369	4.398	170018	749002.00
2014/08/29	4.350	4.438	4.350	4.438	105597	464423.25
2014/09/01	4.458	4.515	4.450	4.510	72274	324426.31
2014/09/02	4.530	4.600	4.525	4.598	263340	1205976.88
2014/09/03	4.620	4.628	4.584	4.626	308157	1419311.88
2014/09/04	4.620	4.660	4.619	4.660	284019	1318859.25
2014/09/05	4.680	4.687	4.641	4.672	212502	990477.94
2014/09/09	4.693	4.708	4.648	4.702	136589	640332.44
2014/09/10	4.730	4.730	4.689	4.728	129712	610771.06
2014/09/11	4.736	4.782	4.692	4.713	247949	1172507.25
2014/09/12	4.750	4.780	4.500	4.779	306418	1445426.75
2014/09/15	4.778	4.833	4.778	4.831	252896	1214586.75
2014/09/16	4.829	4.835	4.641	4.650	983225	4672897.50
2014/09/17	4.660	4.699	4.517	4.675	641302	2979667.25
2014/09/18	4.656	4.725	4.656	4.713	150167	705697.19
2014/09/19	4.740	4.766	4.728	4.753	158434	752277.06
2014/09/22	4.778	4.778	4.677	4.707	295898	1391423.13
2014/09/23	4.694	4.743	4.694	4.742	340359	1607873.88
2014/09/24	4.749	4.819	4.749	4.806	165245	792607.75
2014/09/25	4.838	4.855	4.801	4.801	178469	863233.81
2014/09/26	4.843	4.843	4.781	4.831	143255	690096.44
2014/09/29	4.855	4.880	4.699	4.871	230705	1121977.63
2014/09/30	4.890	4.918	4.839	4.917	256950	1256352.88
2014/10/08	4.900	5.008	4.900	5.006	534730	2656516.50
2014/10/09	5.010	5.031	4.933	4.998	310798	1551422.88
2014/10/10	5.040	5.040	4.930	4.986	255652	1274360.13
2014/10/13	4.973	4.999	4.912	4.997	249900	1235117.00
2014/10/14	5.000	5.015	4.951	4.980	234057	1169749.00
2014/10/15	4.929	5.030	4.929	4.991	378671	1879164.88
2014/10/16	4.950	5.015	4.928	4.928	243679	1211692.75
2014/10/17	4.900	4.923	4.793	4.870	513915	2489578.75
2014/10/20	4.870	4.922	4.870	4.914	204560	1003248.56
2014/10/21	4.916	4.949	4.884	4.902	139941	688828.75
2014/10/22	4.881	4.892	4.821	4.830	273123	1330810.13
2014/10/23	4.830	4.878	4.741	4.752	485404	2325232.50
2014/10/24	4.766	4.790	4.765	4.778	226160	1079075.13
2014/10/27	4.756	4.800	4.695	4.800	21982	105085.99
2014/10/28	4.819	4.910	4.819	4.910	280805	1372010.50
2014/10/29	4.969	4.999	4.923	4.974	252772	1255211.00
2014/10/30	4.991	5.010	4.835	4.988	196989	983719.94
2014/10/31	4.999	4.999	4.938	4.974	176329	875604.56
2014/11/03	5.024	5.024	4.989	5.006	428192	2144633.75
2014/11/04	5.026	5.026	4.981	4.997	271271	1356553.13
2014/11/05	5.050	5.050	4.982	4.998	132799	662028.88
2014/11/06	5.000	5.017	4.964	5.017	575630	2878236.50
2014/11/07	5.018	5.038	4.955	4.978	698664	3507883.50
2014/11/10	4.980	5.012	4.971	5.006	478269	2391053.50
2014/11/11	5.006	5.011	4.848	4.879	429813	2118189.25
2014/11/12	4.881	4.960	4.881	4.951	114244	561309.44
2014/11/13	4.921	4.955	4.893	4.930	203452	1004801.50
2014/11/14	4.900	4.920	4.877	4.920	127907	626129.06
2014/11/17	4.920	4.987	4.880	4.955	126474	627807.63
2014/11/18	4.938	4.969	4.938	4.969	170739	845653.44
2014/11/19	4.979	5.000	4.952	4.970	203014	1012151.44
2014/11/20	4.976	4.993	4.959	4.960	70000	347864.31
2014/11/21	4.978	5.018	4.973	5.012	285930	1427827.63
2014/11/24	5.028	5.119	5.028	5.105	532353	2706687.00
2014/11/25	5.102	5.170	5.102	5.164	1000583	5157911.50
2014/11/26	5.203	5.203	5.160	5.188	328342	1700728.13
2014/11/27	5.188	5.234	5.188	5.223	217808	1135280.00
2014/11/28	5.224	5.253	5.169	5.230	405283	2113743.00
2014/12/01	5.230	5.230	5.177	5.178	427211	2217588.00
2014/12/02	5.150	5.250	5.150	5.244	407607	2131754.50
2014/12/03	5.244	5.304	5.243	5.304	379604	2002800.00
2014/12/04	5.328	5.438	5.327	5.423	319528	1717073.00
2014/12/05	5.420	5.461	5.166	5.390	1191388	6339954.00
2014/12/08	5.380	5.413	5.238	5.386	538268	2877305.50
2014/12/09	5.347	5.449	5.133	5.134	1403549	7483068.00
2014/12/10	5.044	5.360	5.044	5.360	259929	1370503.50
2014/12/11	5.399	5.410	5.360	5.399	395616	2129652.25
2014/12/12	5.440	5.469	5.399	5.450	306063	1662369.13
2014/12/15	5.438	5.545	5.330	5.520	1079914	5903640.00
2014/12/16	5.550	5.562	5.500	5.550	327578	1815306.00
2014/12/17	5.550	5.600	5.466	5.499	234056	1295895.88
2014/12/18	5.530	5.577	5.400	5.488	963756	5340242.00
2014/12/19	5.450	5.489	5.390	5.446	155498	845714.56
2014/12/22	5.420	5.420	5.253	5.260	369201	1967287.13
2014/12/23	5.399	5.399	5.178	5.182	160834	843813.25
2014/12/24	5.128	5.244	5.128	5.225	128186	666047.44
2014/12/25	5.220	5.311	5.220	5.290	171815	904636.19
2014/12/26	5.290	5.355	5.290	5.355	210926	1123777.13
2014/12/29	5.355	5.516	5.300	5.300	143600	766596.81
2014/12/30	5.291	5.300	5.220	5.230	108878	572380.06
2014/12/31	5.204	5.283	5.204	5.271	693940	3650187.50
2015/01/05	5.285	5.380	5.276	5.379	278326	1482977.88
2015/01/06	5.252	5.429	5.252	5.426	473603	2557623.00
2015/01/07	5.320	5.436	5.320	5.430	154648	838809.81
2015/01/08	5.436	5.436	5.355	5.402	175625	949763.50
2015/01/09	5.387	5.450	5.387	5.390	203228	1101016.50
2015/01/12	5.322	5.341	5.250	5.278	186150	986185.25
2015/01/13	5.315	5.370	5.310	5.340	71895	383323.69
2015/01/14	5.184	5.380	5.184	5.293	162888	870421.94
2015/01/15	5.326	5.375	5.324	5.375	209088	1120554.63
2015/01/16	5.422	5.450	5.390	5.445	298388	1618921.38
2015/01/19	5.254	5.407	5.180	5.239	424912	2264275.75
2015/01/20	5.210	5.428	5.210	5.400	276688	1482818.88
2015/01/21	5.438	5.532	5.438	5.529	527916	2902464.00
2015/01/22	5.615	5.615	5.540	5.606	200175	1116364.38
2015/01/23	5.608	5.634	5.553	5.580	172093	960674.88
2015/01/26	5.648	5.703	5.532	5.700	260737	1473261.25
2015/01/27	5.700	5.720	5.595	5.711	194559	1100510.25
2015/01/28	5.674	5.723	5.649	5.673	1698501	9679898.00
2015/01/29	5.640	5.671	5.600	5.633	217113	1227275.63
2015/01/30	5.655	5.655	5.565	5.617	1542110	8650546.00
2015/02/02	5.455	5.619	5.455	5.595	390410	2154020.00
2015/02/03	5.650	5.650	5.577	5.650	51600	290158.00
2015/02/04	5.670	5.700	5.635	5.660	431053	2441738.50
2015/02/05	5.661	5.700	5.661	5.685	968439	5507194.00
2015/02/06	5.551	5.658	5.551	5.648	94822	532462.81
2015/02/09	5.580	5.580	5.475	5.507	76600	423855.41
2015/02/10	5.523	5.523	5.466	5.520	458900	2511481.25
2015/02/11	5.550	5.598	5.531	5.566	61360	340797.53
2015/02/12	5.625	5.625	5.589	5.612	9600	53874.30
2015/02/13	5.690	5.720	5.668	5.720	212162	1211864.25
2015/02/16	5.580	5.828	5.580	5.828	297789	1717434.88
2015/02/17	5.840	5.845	5.817	5.836	66425	387415.56
2015/02/25	5.836	5.887	5.828	5.887	43254	253725.45
2015/02/26	5.836	5.900	5.836	5.900	54755	321881.53
2015/02/27	5.900	6.150	5.900	6.050	228445	1376261.00
2015/03/02	6.100	6.160	6.025	6.135	1068849	6518847.00
2015/03/03	6.135	6.168	6.083	6.130	850854	5209482.00
2015/03/04	6.120	6.187	6.100	6.187	1933597	11848690.00
2015/03/05	6.150	6.197	6.138	6.185	1362398	8430429.00
2015/03/06	6.193	6.210	6.105	6.106	2759279	17003852.00
2015/03/09	6.067	6.185	6.058	6.183	1453045	8852190.00
2015/03/10	6.188	6.275	6.188	6.250	841332	5247068.50
2015/03/11	6.438	6.438	6.225	6.251	951837	5950945.50
2015/03/12	6.369	6.369	6.200	6.245	1244852	7765837.50
2015/03/13	6.290	6.305	6.248	6.305	2589899	16224058.00
2015/03/16	6.305	6.494	6.305	6.494	2578107	16612179.00
2015/03/17	6.499	6.618	6.499	6.592	1739288	11406024.00
2015/03/18	6.644	6.710	6.593	6.710	2027678	13470973.00
2015/03/19	6.911	6.911	6.662	6.756	1868011	12580053.00
2015/03/20	6.900	6.900	6.756	6.828	3276358	22270572.00
2015/03/23	6.800	6.992	6.800	6.992	1618713	11237874.00
2015/03/24	6.994	7.040	6.788	7.040	4088039	28496036.00
2015/03/25	7.040	7.153	6.980	7.107	3457097	24451122.00
2015/03/26	7.100	7.146	6.970	7.109	4573422	32293324.00
2015/03/27	7.109	7.550	7.058	7.306	5981583	43042468.00
2015/03/30	7.310	7.599	7.183	7.599	6676012	49703796.00
2015/03/31	7.580	7.649	7.198	7.490	5598000	40717672.00
2015/04/01	7.120	7.400	7.110	7.400	15122169	110112496.00
2015/04/02	7.399	7.480	7.310	7.459	4347287	32348954.00
2015/04/03	7.459	7.633	7.433	7.625	4888831	37041636.00
2015/04/07	7.626	7.762	7.625	7.762	3523361	27228708.00
2015/04/08	7.784	7.865	7.566	7.755	2201901	17104924.00
2015/04/09	7.755	7.755	7.400	7.680	4821525	36667712.00
2015/04/10	7.630	7.850	7.495	7.820	5820423	45171080.00
2015/04/13	7.822	8.091	7.820	8.069	2343308	18796640.00
2015/04/14	8.069	8.135	7.929	8.060	4555343	36814720.00
2015/04/15	8.059	8.060	7.742	7.775	1693009	13305573.00
2015/04/16	7.758	7.910	7.350	7.840	3922520	30722242.00
2015/04/17	7.857	7.954	7.857	7.883	1233930	9743327.00
2015/04/20	7.883	7.919	7.580	7.765	1847243	14488740.00
2015/04/21	7.710	8.019	7.710	8.010	1327408	10489748.00
2015/04/22	8.015	8.240	8.015	8.230	1381547	11298283.00
2015/04/23	8.230	8.348	8.176	8.300	1116589	9230771.00
2015/04/24	8.300	8.449	8.102	8.315	2219546	18356514.00
2015/04/27	8.315	8.465	8.298	8.389	2967825	24877070.00
2015/04/28	8.289	8.438	8.095	8.173	2898093	23812022.00
2015/04/29	8.150	8.400	8.092	8.347	6599141	54170896.00
2015/04/30	8.520	8.600	8.348	8.387	3189043	26807484.00
2015/05/04	8.387	8.404	8.256	8.344	2866340	23880744.00
2015/05/05	8.344	8.353	8.019	8.090	1333829	10945555.00
2015/05/06	8.100	8.214	7.862	7.922	808542	6540209.00
2015/05/07	7.920	7.922	7.600	7.764	1102603	8627678.00
2015/05/08	7.835	8.085	7.835	8.085	4196743	33222780.00
2015/05/11	8.170	8.600	8.108	8.500	12987153	108541328.00
2015/05/12	8.500	8.630	8.404	8.608	8319121	71289840.00
2015/05/13	8.597	8.774	8.508	8.673	5394882	46818212.00
2015/05/14	8.678	8.735	8.591	8.687	2639469	22900476.00
2015/05/15	8.684	8.684	8.450	8.624	1267816	10868165.00
2015/05/18	8.609	8.797	8.557	8.776	2720387	23713376.00
2015/05/19	8.776	8.994	8.744	8.993	3500291	31147332.00
2015/05/20	9.000	9.304	9.000	9.168	5865242	53940100.00
2015/05/21	9.204	9.467	9.184	9.465	1605901	14927514.00
2015/05/22	9.480	10.138	9.401	9.655	8955607	85549232.00
2015/05/25	9.655	9.844	9.298	9.811	2611537	25326508.00
2015/05/26	9.840	10.251	9.840	10.251	7036877	71152192.00
2015/05/27	10.344	10.460	10.040	10.417	5521249	56724588.00
2015/05/28	10.418	10.558	10.040	10.050	5924062	61047452.00
2015/05/29	10.077	10.189	9.325	9.930	14581318	143727888.00
2015/06/01	9.800	10.320	9.669	10.320	10146135	101753008.00
2015/06/02	10.322	10.717	10.300	10.717	9297604	97561568.00
2015/06/03	10.711	10.800	10.360	10.700	3228661	34463536.00
2015/06/04	10.846	10.846	9.990	10.490	6394842	65882872.00
2015/06/05	10.597	10.981	10.374	10.754	6650627	70665080.00
2015/06/08	10.600	10.865	10.443	10.648	6438097	68843672.00
2015/06/09	10.540	10.748	10.431	10.564	1235841	13095837.00
2015/06/10	10.400	10.981	10.352	10.822	3469669	37255344.00
2015/06/11	10.898	10.935	10.794	10.918	1347099	14639843.00
2015/06/12	10.918	11.250	10.918	11.220	1215088	13529567.00
2015/06/15	11.223	11.310	10.950	11.040	633315	7065286.00
2015/06/16	11.040	11.040	10.515	10.670	1687697	18145920.00
2015/06/17	10.538	10.835	10.238	10.810	1487387	15655946.00
2015/06/18	10.810	10.880	10.400	10.408	728853	7778057.00
2015/06/19	9.872	10.353	9.700	9.741	5150994	52030688.00
2015/06/23	9.729	9.854	9.095	9.700	2875654	27463670.00
2015/06/24	9.800	9.978	9.613	9.891	5369921	52719992.00
2015/06/25	9.900	10.013	9.350	9.610	3139893	30665546.00
2015/06/26	9.400	9.400	8.649	8.650	1403686	12492312.00
2015/06/29	8.949	9.200	7.919	8.149	4624365	39641592.00
2015/06/30	8.150	8.600	7.600	8.600	5380166	44044040.00
2015/07/01	8.580	8.800	8.024	8.170	3464212	29622960.00
2015/07/02	8.388	8.388	7.565	7.577	4905381	38391328.00
2015/07/03	7.372	7.570	6.906	7.050	8756132	63276068.00
2015/07/06	7.720	7.730	6.701	7.200	5236609	38549528.00
2015/07/07	7.010	7.212	6.480	6.489	3287800	21895608.00
2015/07/08	5.841	5.999	5.840	5.844	6659355	39046156.00
2015/07/09	5.800	6.428	5.280	6.428	10607573	64673060.00
2015/07/10	6.550	7.071	6.550	7.071	8414718	59055948.00
2015/07/13	7.600	7.778	7.111	7.778	15891957	120292672.00
2015/07/14	7.789	7.797	7.380	7.569	12908202	98852800.00
2015/07/15	7.350	7.360	6.812	6.812	7247704	50668272.00
2015/07/16	6.335	7.162	6.180	7.053	6551610	44266560.00
2015/07/17	7.061	7.661	7.002	7.547	6061829	44152580.00
2015/07/20	7.558	7.742	7.200	7.488	5179444	39154436.00
2015/07/21	7.356	7.755	7.210	7.663	7301936	55353116.00
2015/07/22	7.576	7.820	7.498	7.746	5082969	39049476.00
2015/07/23	7.761	8.245	7.761	8.218	6293646	50219600.00
2015/07/24	8.200	8.322	7.866	8.010	2495489	20475894.00
2015/07/27	7.900	8.099	7.376	7.396	2605775	20260318.00
2015/07/28	7.078	7.544	6.860	7.368	2900671	20627016.00
2015/07/29	7.410	7.800	7.080	7.800	3591213	26292944.00
2015/07/30	7.773	7.820	7.468	7.468	2185166	16812934.00
2015/07/31	7.497	7.586	7.300	7.330	997536	7372541.00
2015/08/03	7.296	7.296	6.890	6.981	1190553	8413991.00
2015/08/04	7.001	7.550	7.001	7.540	1991136	14518990.00
2015/08/05	7.539	7.677	7.370	7.413	2030502	15310363.00
2015/08/06	7.388	7.579	7.229	7.494	915878	6831820.50
2015/08/07	7.440	7.766	7.440	7.692	2121868	16335705.00
2015/08/10	7.695	8.205	7.695	8.157	1895801	15213261.00
2015/08/11	8.165	8.216	8.010	8.046	1490206	12128175.00
2015/08/12	8.010	8.180	7.919	8.020	1303250	10514962.00
2015/08/13	8.180	8.209	7.950	8.209	896907	7271006.50
2015/08/14	8.250	8.370	8.201	8.250	1996514	16589790.00
2015/08/17	8.194	8.520	8.100	8.445	1216695	10096540.00
2015/08/18	8.445	8.500	7.772	7.816	1617800	13137185.00
2015/08/19	7.739	8.080	7.400	8.049	2267434	17452980.00
2015/08/20	7.903	8.090	7.701	7.780	2294114	18222062.00
2015/08/21	7.633	7.740	7.360	7.400	1010356	7607877.00
2015/08/24	7.107	7.248	6.660	6.660	1582117	10721215.00
2015/08/25	6.135	6.500	5.994	5.994	2518191	15478056.00
2015/08/26	6.156	6.331	5.828	5.980	3518370	21601352.00
2015/08/27	6.040	6.210	5.830	6.152	1461157	8898869.00
2015/08/28	6.201	6.534	6.201	6.530	2370060	14869970.00
2015/08/31	6.336	6.490	6.250	6.270	994162	6260985.00
2015/09/01	6.250	6.255	5.781	5.827	1003900	5979010.00
2015/09/02	5.652	5.999	5.558	5.815	1082619	6250665.00
2015/09/07	5.856	6.212	5.850	5.942	1056535	6380425.50
2015/09/08	5.811	6.187	5.758	6.165	803972	4797799.00
2015/09/09	6.473	6.473	6.204	6.321	1544901	9767735.00
2015/09/10	6.300	6.300	5.700	6.300	1617032	10132021.00
2015/09/11	6.926	6.926	6.111	6.292	1743900	11370360.00
2015/09/14	6.290	6.334	5.700	5.734	1383925	8306872.50
2015/09/15	5.703	5.734	5.400	5.522	518452	2893814.50
2015/09/16	5.582	5.971	4.975	5.970	2134505	11833413.00
2015/09/17	5.801	6.050	5.720	5.806	1395590	8249231.50
2015/09/18	5.956	6.379	5.776	6.379	1980162	11734487.00
2015/09/21	6.188	6.420	5.910	6.420	2882205	17669472.00
2015/09/22	6.321	7.060	6.151	6.897	2586699	16664755.00
2015/09/23	6.350	7.449	6.207	6.228	4409216	28267478.00
2015/09/24	6.200	6.227	6.107	6.152	902616	5550391.00
2015/09/25	6.185	6.185	5.890	5.917	694281	4162238.50
2015/09/28	5.935	5.986	5.833	5.979	847800	5018251.50
2015/09/29	5.850	5.956	5.850	5.900	758700	4477552.50
2015/09/30	5.952	5.952	5.870	5.931	300500	1776716.00
2015/10/08	6.100	6.219	6.060	6.140	1135300	6946186.00
2015/10/09	6.104	6.210	6.104	6.185	772273	4761107.50
2015/10/12	6.220	6.490	6.181	6.462	1241680	7952768.00
2015/10/13	6.440	6.500	6.407	6.482	765402	4951554.00
2015/10/14	6.473	6.540	6.420	6.451	1607819	10402150.00
2015/10/15	6.451	6.706	6.398	6.698	1542730	10162285.00
2015/10/16	6.710	6.877	6.030	6.778	1571714	10002988.00
2015/10/19	6.791	6.800	6.630	6.778	1026506	6925848.00
2015/10/20	6.776	6.860	6.658	6.800	1953401	13186993.00
2015/10/21	6.870	6.870	6.500	6.688	2119508	14122041.00
2015/10/22	6.499	6.680	6.487	6.658	814848	5358435.00
2015/10/23	6.658	6.848	6.602	6.820	759307	5134011.00
2015/10/26	6.890	6.918	6.810	6.848	555318	3800295.75
2015/10/27	6.838	6.997	6.635	6.983	1156872	7888639.50
2015/10/28	6.978	6.978	6.751	6.790	382953	2629317.25
2015/10/29	6.762	6.888	6.746	6.823	195800	1332296.75
2015/10/30	6.750	6.889	6.623	6.785	252800	1714765.75
2015/11/02	6.652	6.866	6.630	6.661	591901	3992474.25
2015/11/03	6.590	6.956	6.590	6.660	881342	5890330.00
2015/11/04	6.750	7.030	6.660	7.027	535136	3668190.50
2015/11/05	7.026	7.100	6.953	7.020	721009	5083471.50
2015/11/06	7.020	7.300	7.020	7.237	1762060	12629832.00
2015/11/09	7.156	7.437	7.070	7.280	1440491	10374418.00
2015/11/10	7.279	7.335	7.206	7.299	1329201	9675810.00
2015/11/11	7.299	7.429	7.299	7.420	804418	5911596.00
2015/11/12	7.420	7.498	7.342	7.376	157400	1164460.38
2015/11/13	7.376	7.480	7.255	7.370	952460	7024646.50
2015/11/16	7.210	7.460	7.210	7.420	791763	5858490.00
2015/11/17	7.490	7.584	7.342	7.400	284200	2138934.50
2015/11/18	7.400	7.425	7.218	7.320	89900	661664.31
2015/11/19	7.320	7.510	7.318	7.498	407768	3009606.75
2015/11/20	7.509	7.549	7.430	7.528	351666	2640729.75
2015/11/23	7.528	7.569	7.452	7.483	211326	1587769.88
2015/11/24	7.445	7.510	7.390	7.510	631396	4708341.00
2015/11/25	7.516	7.700	7.500	7.695	638833	4862549.50
2015/11/26	7.695	7.700	7.641	7.646	331126	2540273.50
2015/11/27	7.646	7.646	7.200	7.250	266300	1992683.13
2015/11/30	7.480	7.480	6.798	7.199	460494	3265356.50
2015/12/01	7.102	7.300	7.102	7.264	259000	1864282.13
2015/12/02	7.203	7.228	7.000	7.199	152900	1094108.75
2015/12/03	7.243	7.377	7.234	7.343	169809	1236993.75
2015/12/04	7.375	7.380	7.250	7.306	140600	1030855.13
2015/12/07	7.379	7.379	7.301	7.362	58300	428138.00
2015/12/08	7.301	7.375	7.200	7.231	78201	567204.06
2015/12/09	7.139	7.232	7.119	7.170	51500	369419.91
2015/12/10	7.170	7.290	7.150	7.151	98100	705688.63
2015/12/11	7.050	7.229	7.050	7.100	49800	354222.19
2015/12/14	7.100	7.250	7.032	7.204	172800	1229663.88
2015/12/15	7.249	7.300	7.133	7.288	190520	1385483.13
2015/12/16	7.254	7.350	7.254	7.340	123263	902480.44
2015/12/17	7.340	7.489	7.340	7.480	548120	4076377.75
2015/12/18	7.480	7.535	7.450	7.481	571300	4277700.00
2015/12/21	7.461	7.550	7.461	7.538	336806	2533453.75
2015/12/22	7.530	7.600	7.509	7.595	191600	1449133.88
2015/12/23	7.592	7.613	7.500	7.536	178632	1354298.38
2015/12/24	7.649	7.649	7.402	7.590	430901	3227338.00
2015/12/25	7.649	7.649	7.533	7.588	60100	455782.19
2015/12/28	7.600	7.619	7.422	7.450	187799	1411081.75
2015/12/29	7.480	7.480	7.370	7.470	74600	553116.00
2015/12/30	7.502	7.550	7.496	7.533	217399	1634382.88
2015/12/31	7.599	7.599	7.444	7.545	183162	1373147.00
2016/01/04	7.549	7.549	7.090	7.175	302500	2221941.00
2016/01/05	7.100	7.164	6.800	7.100	271203	1884840.38
2016/01/06	7.100	7.138	6.980	7.130	98800	700324.19
2016/01/07	7.034	7.099	6.880	6.889	12800	88688.90
2016/01/08	6.980	7.090	6.220	6.601	407000	2682523.75
2016/01/11	6.700	6.700	6.150	6.194	179579	1126925.00
2016/01/12	6.268	6.334	6.035	6.100	179800	1103833.88
2016/01/13	6.255	6.255	5.901	5.927	89600	543826.31
2016/01/14	5.927	6.114	5.608	6.114	215400	1270242.88
2016/01/15	6.034	6.070	5.810	5.815	202188	1196975.50
2016/01/18	5.600	6.020	5.550	5.873	223503	1311310.13
2016/01/19	6.000	6.100	5.866	6.070	173698	1032902.94
2016/01/20	6.048	6.138	6.001	6.065	76600	465243.41
2016/01/21	6.012	6.080	5.829	5.829	150700	894034.13
2016/01/22	5.980	5.980	5.750	5.898	80100	466606.31
2016/01/25	5.896	6.000	5.879	5.950	157300	937929.31
2016/01/26	6.050	6.098	5.509	5.515	308000	1747476.63
2016/01/27	5.515	5.800	5.200	5.380	277300	1491657.13
2016/01/28	5.463	5.463	5.260	5.339	145502	772543.94
2016/01/29	5.280	5.480	5.250	5.464	147743	792346.25
2016/02/01	5.530	5.530	5.365	5.448	93600	509465.91
2016/02/02	5.376	5.710	5.376	5.587	169800	932674.31
2016/02/03	5.500	5.537	5.400	5.536	72600	395501.69
2016/02/04	5.589	5.640	5.500	5.620	227300	1272808.50
2016/02/05	5.630	5.690	5.592	5.594	301300	1699984.50
2016/02/15	5.499	5.620	5.420	5.610	108900	601036.31
2016/02/16	5.651	5.835	5.620	5.829	253043	1456208.50
2016/02/17	5.829	5.893	5.774	5.890	349243	2037404.63
2016/02/18	5.927	5.949	5.867	5.874	299500	1766702.13
2016/02/19	5.879	5.900	5.835	5.891	153780	903020.63
2016/02/22	5.986	6.011	5.945	6.007	565639	3385240.50
2016/02/23	5.986	6.004	5.880	5.950	83016	494200.06
2016/02/24	5.960	6.006	5.892	5.994	149700	890087.81
2016/02/25	5.994	5.994	5.505	5.537	279945	1592925.38
2016/02/26	5.767	5.767	5.484	5.575	100000	556581.38
2016/02/29	5.590	5.775	5.230	5.394	698003	3824847.25
2016/03/01	5.395	5.549	5.250	5.420	162000	860419.50
2016/03/02	5.420	5.690	5.407	5.681	226000	1260822.25
2016/03/03	5.697	5.783	5.681	5.683	229700	1316172.63
2016/03/04	5.615	5.838	5.475	5.549	528203	2991632.50
2016/03/07	5.599	5.713	5.599	5.665	224447	1272811.88
2016/03/08	5.670	5.676	5.465	5.676	112900	629042.69
2016/03/09	5.685	5.685	5.461	5.548	286700	1592385.25
2016/03/10	5.589	5.590	5.463	5.464	593700	3285124.25
2016/03/11	5.589	5.589	5.386	5.462	116700	635993.00
2016/03/14	5.485	5.650	5.485	5.625	172033	961806.00
2016/03/15	5.620	5.620	5.541	5.568	72900	405738.09
2016/03/16	5.630	5.630	5.480	5.521	57800	319427.91
2016/03/17	5.460	5.690	5.460	5.641	247533	1388806.75
2016/03/18	5.690	5.850	5.635	5.837	990953	5740331.50
2016/03/21	5.819	5.980	5.819	5.966	887402	5283974.50
2016/03/22	5.900	5.995	5.841	5.987	191500	1139878.63
2016/03/23	5.952	5.994	5.927	5.994	111600	666678.19
2016/03/24	5.970	5.995	5.901	5.924	123145	731592.63
2016/03/25	5.924	5.961	5.900	5.941	73000	432020.91
2016/03/28	5.953	6.054	5.900	5.929	495990	2956553.50
2016/03/29	5.931	5.931	5.775	5.837	481100	2811588.25
2016/03/30	5.902	6.026	5.902	6.009	161500	964196.88
2016/03/31	6.000	6.070	6.000	6.026	85600	517645.59
2016/04/01	5.987	6.030	5.902	6.026	85800	513125.00
2016/04/05	6.026	6.160	6.021	6.160	162839	991588.56
2016/04/06	6.149	6.228	6.149	6.221	167100	1035560.38
2016/04/07	6.257	6.257	6.129	6.129	121300	750021.19
2016/04/08	6.225	6.225	6.002	6.082	167700	1015822.63
2016/04/11	6.150	6.244	6.140	6.200	256720	1589856.75
2016/04/12	6.210	6.225	6.096	6.148	144300	885971.63
2016/04/13	6.194	6.326	6.194	6.254	194200	1216017.38
2016/04/14	6.164	6.315	6.164	6.300	251500	1580354.75
2016/04/15	6.300	6.317	6.249	6.279	63300	397430.31
2016/04/18	6.208	6.210	6.135	6.178	406175	2506595.00
2016/04/19	6.207	6.213	6.157	6.184	283178	1749536.75
2016/04/20	6.184	6.212	5.823	5.915	607522	3632989.75
2016/04/21	5.921	5.978	5.847	5.862	463600	2752783.50
2016/04/22	5.821	5.890	5.812	5.890	251476	1473973.38
2016/04/25	5.848	5.875	5.790	5.866	149700	870617.00
2016/04/26	5.905	5.927	5.844	5.927	808621	4765925.50
2016/04/27	5.935	5.970	5.896	5.898	805421	4786192.00
2016/04/28	5.910	5.910	5.766	5.883	827400	4829259.00
2016/04/29	5.892	5.899	5.840	5.875	225600	1329070.75
2016/05/03	5.861	6.030	5.854	6.023	487400	2919719.75
2016/05/04	6.044	6.077	6.005	6.040	539885	3262054.25
2016/05/05	5.901	6.080	5.901	6.069	393700	2375035.50
2016/05/06	6.087	6.088	5.851	5.860	235800	1395685.88
2016/05/09	5.810	5.810	5.606	5.632	288900	1636216.13
2016/05/10	5.667	5.667	5.600	5.632	75900	428170.09
2016/05/11	5.654	5.696	5.601	5.610	544800	3076491.00
2016/05/12	5.617	5.617	5.450	5.585	408296	2266750.00
2016/05/13	5.616	5.670	5.568	5.590	41500	233535.00
2016/05/16	5.568	5.660	5.539	5.652	59300	332681.31
2016/05/17	5.654	5.722	5.613	5.676	596500	3404111.25
2016/05/18	5.720	5.720	5.479	5.548	315052	1746014.88
2016/05/19	5.584	5.628	5.502	5.523	399500	2221424.25
2016/05/20	5.523	5.598	5.502	5.588	71203	396690.78
2016/05/23	5.652	5.696	5.638	5.693	184200	1043497.50
2016/05/24	5.634	5.667	5.600	5.649	174300	982037.63
2016/05/25	5.679	5.688	5.591	5.623	140700	790672.81
2016/05/26	5.607	5.678	5.503	5.658	214708	1190858.88
2016/05/27	5.689	5.689	5.591	5.676	70300	397932.41
2016/05/30	5.617	5.709	5.617	5.650	238400	1348402.13
2016/05/31	5.708	5.872	5.692	5.871	191599	1108251.75
2016/06/01	6.000	6.000	5.791	6.000	162000	954696.50
2016/06/02	5.880	5.944	5.880	5.944	92800	548332.81
2016/06/03	5.944	5.995	5.905	5.948	96586	574710.38
2016/06/06	5.973	5.998	5.909	5.980	90900	542363.88
2016/06/07	5.999	5.999	5.949	5.980	47600	283720.59
2016/06/08	5.953	5.997	5.922	5.972	58434	347496.19
2016/06/13	5.900	5.937	5.710	5.710	167300	974630.00
2016/06/14	5.711	5.723	5.667	5.718	58400	332981.19
2016/06/15	5.690	5.905	5.690	5.893	142500	834250.13
2016/06/16	5.885	5.920	5.876	5.880	73000	430852.31
2016/06/17	5.920	5.946	5.884	5.911	53300	316024.50
2016/06/20	5.922	5.952	5.872	5.933	145700	859077.38
2016/06/21	5.965	5.989	5.852	5.872	64500	383277.19
2016/06/22	5.887	5.961	5.862	5.961	83400	493934.09
2016/06/23	5.781	5.971	5.781	5.948	57101	339232.94
2016/06/24	5.912	5.944	5.723	5.868	119600	699930.00
2016/06/27	5.858	5.988	5.858	5.985	140232	833240.75
2016/06/28	5.900	6.060	5.899	6.051	113969	685336.44
2016/06/29	6.061	6.100	6.057	6.069	92708	563101.38
2016/06/30	6.078	6.094	6.043	6.075	54708	332243.91
2016/07/01	6.102	6.113	6.055	6.084	157545	959201.81
2016/07/04	6.058	6.196	6.058	6.191	195780	1204596.75
2016/07/05	6.198	6.240	6.191	6.218	149220	927521.88
2016/07/06	6.220	6.262	6.196	6.253	169055	1051684.25
2016/07/07	6.253	6.291	6.222	6.278	132300	828480.13
2016/07/08	6.269	6.295	6.236	6.275	98305	615952.94
2016/07/11	6.280	6.350	6.273	6.273	147685	932670.25
2016/07/12	6.286	6.350	6.211	6.350	122700	770720.19
2016/07/13	6.380	6.417	6.362	6.400	164501	1051582.38
2016/07/14	6.399	6.418	6.386	6.405	303660	1945161.25
2016/07/15	6.407	6.415	6.378	6.415	62294	399160.81
2016/07/18	6.384	6.411	6.359	6.366	23000	146715.30
2016/07/19	6.373	6.395	6.332	6.395	34848	221186.70
2016/07/20	6.400	6.417	6.375	6.388	59047	377692.69
2016/07/21	6.407	6.440	6.372	6.402	64658	414375.94
2016/07/22	6.384	6.407	6.343	6.357	226400	1441756.38
2016/07/25	6.349	6.393	6.343	6.358	50200	319055.69
2016/07/26	6.394	6.440	6.394	6.438	111336	715296.19
2016/07/27	6.447	6.470	6.160	6.196	270800	1695993.63
2016/07/28	6.196	6.238	6.110	6.198	218700	1346765.00
2016/07/29	6.056	6.221	6.055	6.167	67100	412635.19
2016/08/01	6.160	6.160	6.017	6.100	104500	632540.81
2016/08/02	6.090	6.122	6.071	6.122	53800	327714.69
2016/08/03	6.137	6.160	6.122	6.155	57500	352944.19
2016/08/04	6.150	6.198	6.134	6.197	35100	216854.70
2016/08/05	6.170	6.209	6.159	6.168	25000	154366.80
2016/08/08	6.168	6.249	6.127	6.249	58388	362746.97
2016/08/09	6.250	6.300	6.250	6.298	58000	364430.91
2016/08/10	6.297	6.333	6.284	6.286	228600	1442442.50
2016/08/11	6.267	6.283	6.210	6.250	59700	372555.59
2016/08/12	6.196	6.328	6.196	6.263	41750	261484.09
2016/08/15	6.264	6.554	6.264	6.410	335246	2129437.75
2016/08/16	6.500	6.505	6.409	6.435	145207	933468.19
2016/08/17	6.420	6.465	6.415	6.443	97440	627735.13
2016/08/18	6.477	6.479	6.440	6.459	160553	1037729.63
2016/08/19	6.460	6.482	6.420	6.475	40300	260013.59
2016/08/22	6.466	6.468	6.300	6.300	68900	442407.50
2016/08/23	6.387	6.419	6.359	6.410	142100	907443.69
2016/08/24	6.410	6.425	6.380	6.423	46300	296436.69
2016/08/25	6.309	6.365	6.289	6.345	53000	334886.50
2016/08/26	6.382	6.412	6.370	6.412	220803	1411677.50
2016/08/29	6.412	6.412	6.363	6.388	166903	1063917.75
2016/08/30	6.387	6.421	6.387	6.403	19600	125534.80
2016/08/31	6.403	6.414	6.357	6.396	27400	175279.00
2016/09/01	6.409	6.409	6.360	6.370	9300	59380.60
2016/09/02	6.364	6.377	6.301	6.368	68200	432552.31
2016/09/05	6.362	6.386	6.341	6.346	68579	435584.28
2016/09/06	6.340	6.452	6.309	6.452	278088	1784571.50
2016/09/07	6.419	6.490	6.419	6.444	132529	858008.75
2016/09/08	6.472	6.477	6.436	6.470	88682	573202.88
2016/09/09	6.472	6.490	6.430	6.440	62100	401349.91
2016/09/12	6.351	6.357	6.261	6.276	181300	1142562.13
2016/09/13	6.306	6.317	6.275	6.291	32600	205002.20
2016/09/14	6.311	6.311	6.248	6.252	32100	200957.80
2016/09/19	6.252	6.321	6.251	6.316	70500	444226.91
2016/09/20	6.315	6.321	6.295	6.321	25200	158952.80
2016/09/21	6.321	6.350	6.067	6.346	509600	3098316.25
2016/09/22	6.345	6.373	6.280	6.331	164000	1041201.13
2016/09/23	6.385	6.385	6.317	6.334	55082	348738.81
2016/09/26	6.304	6.308	6.215	6.256	46500	292238.00
2016/09/27	6.050	6.355	6.050	6.268	69400	431448.81
2016/09/28	6.161	6.319	6.161	6.260	26600	165486.20
2016/09/29	6.260	6.299	6.249	6.258	38500	240876.20
2016/09/30	6.253	6.297	6.251	6.280	23900	149756.91
2016/10/10	6.280	6.395	6.280	6.393	56961	362675.84
2016/10/11	6.420	6.429	6.400	6.428	98100	629399.19
2016/10/12	6.409	6.430	6.400	6.428	33781	216862.78
2016/10/13	6.443	6.449	6.427	6.442	46400	298769.09
2016/10/14	6.403	6.439	6.397	6.438	9300	59678.60
2016/10/17	6.425	6.476	6.345	6.388	84200	538890.38
2016/10/18	6.409	6.472	6.404	6.457	78500	505109.41
2016/10/19	6.465	6.504	6.440	6.440	92300	597820.31
2016/10/20	6.459	6.464	6.438	6.448	48900	315449.69
2016/10/21	6.439	6.458	6.400	6.436	55300	355722.41
2016/10/24	6.439	6.507	6.439	6.499	162500	1054534.88
2016/10/25	6.500	6.508	6.485	6.508	582800	3785658.00
2016/10/26	6.507	6.509	6.471	6.485	39300	254667.91
2016/10/27	6.488	6.488	6.439	6.480	102124	660260.94
2016/10/28	6.472	6.479	6.433	6.433	71000	459081.09
2016/10/31	6.385	6.488	6.385	6.420	63919	409697.91
2016/11/01	6.447	6.472	6.438	6.472	70300	453765.19
2016/11/02	6.473	6.477	6.443	6.444	35600	229825.59
2016/11/03	6.644	6.644	6.427	6.461	64100	413633.09
2016/11/04	6.471	6.483	6.427	6.435	78395	506518.59
2016/11/07	6.435	6.453	6.414	6.440	49103	315674.19
2016/11/08	6.467	6.485	6.452	6.470	31600	204465.09
2016/11/09	6.482	6.482	6.346	6.431	236200	1521155.88
2016/11/10	6.502	6.614	6.494	6.514	511000	3323999.00
2016/11/11	6.519	6.555	6.513	6.555	147927	966494.38
2016/11/14	6.402	6.600	6.402	6.587	90000	590340.50
2016/11/15	6.584	6.609	6.582	6.609	174724	1152928.00
2016/11/16	6.611	6.629	6.603	6.619	70503	466460.94
2016/11/17	6.595	6.604	6.570	6.604	149900	985972.69
2016/11/18	6.601	6.624	6.580	6.583	236600	1560708.63
2016/11/21	6.599	6.610	6.562	6.583	117200	770640.63
2016/11/22	6.595	6.619	6.592	6.617	599900	3962686.00
2016/11/23	6.625	6.640	6.596	6.612	120600	798475.38
2016/11/24	6.615	6.636	6.590	6.595	135700	899217.81
2016/11/25	6.593	6.625	6.502	6.625	153639	1010213.44
2016/11/28	6.644	6.659	6.628	6.648	214300	1424335.75
2016/11/29	6.638	6.650	6.599	6.599	51400	340514.91
2016/11/30	6.575	6.583	6.539	6.550	47812	313625.28
2016/12/01	6.585	6.598	6.577	6.585	14200	93533.10
2016/12/02	6.582	6.585	6.494	6.507	65993	429916.31
2016/12/05	6.480	6.504	6.453	6.466	69746	452138.44
2016/12/06	6.356	6.594	6.356	6.476	15300	99089.30
2016/12/07	6.467	6.559	6.455	6.540	152000	989086.88
2016/12/08	6.560	6.560	6.516	6.516	76800	501647.59
2016/12/09	6.499	6.525	6.491	6.499	67104	436540.69
2016/12/12	6.499	6.511	6.237	6.243	102200	649594.13
2016/12/13	6.215	6.292	6.215	6.289	24052	150276.17
2016/12/14	6.281	6.302	6.235	6.247	23740	148967.69
2016/12/15	5.820	6.599	5.736	6.288	32648	203828.20
2016/12/16	6.291	6.477	6.291	6.398	47200	298377.19
2016/12/19	6.429	6.429	6.326	6.333	21300	135288.50
2016/12/20	6.477	6.477	6.299	6.355	12500	78903.60
2016/12/21	6.332	6.356	6.332	6.347	25800	163575.20
2016/12/22	6.320	6.360	6.320	6.343	42300	268317.69
2016/12/23	6.499	6.499	6.290	6.298	30600	194893.80
2016/12/26	6.207	6.310	6.207	6.309	75651	472224.47
2016/12/27	6.316	6.321	6.307	6.308	45500	287343.19
2016/12/28	6.301	6.307	6.285	6.289	7001	44049.49
2016/12/29	6.267	6.290	6.266	6.290	5506	34536.03
2016/12/30	6.165	6.580	6.165	6.279	11300	70880.30
2017/01/03	6.410	6.410	6.323	6.327	8100	51275.40
2017/01/04	6.329	6.413	6.329	6.409	100547	641691.00
2017/01/05	6.398	6.423	6.397	6.420	44100	282959.69
2017/01/06	6.490	6.490	6.261	6.396	52800	335042.59
2017/01/09	6.382	6.428	6.382	6.425	44553	286051.06
2017/01/10	6.425	6.444	6.418	6.418	63800	409921.59
2017/01/11	6.416	6.416	6.352	6.387	48600	309867.69
2017/01/12	6.387	6.387	6.289	6.304	31700	200565.09
2017/01/13	6.280	6.297	6.210	6.214	59100	370172.41
2017/01/16	6.188	6.188	5.904	6.061	89700	544326.81
2017/01/17	6.061	6.183	6.009	6.101	79900	485134.41
2017/01/18	6.102	6.135	6.084	6.106	16600	101505.50
2017/01/19	6.086	6.109	6.055	6.074	6300	38341.10
2017/01/20	6.074	6.161	6.074	6.150	45200	277694.81
2017/01/23	6.168	6.228	6.168	6.203	43900	271892.41
2017/01/24	6.200	6.214	6.181	6.214	20500	126924.10
2017/01/25	6.206	6.223	6.204	6.216	20100	124813.60
2017/01/26	6.243	6.267	6.230	6.264	21000	131170.41
2017/02/03	6.253	6.257	6.239	6.253	24700	154153.70
2017/02/06	6.235	6.289	6.235	6.281	23500	147452.41
2017/02/07	6.284	6.285	6.266	6.279	47400	297215.50
2017/02/08	6.279	6.320	6.265	6.318	27700	174739.30
2017/02/09	6.343	6.363	6.343	6.359	25200	160157.20
2017/02/10	6.364	6.382	6.360	6.377	28641	182616.78
2017/02/13	6.378	6.404	6.378	6.400	93577	598334.69
2017/02/14	6.402	6.415	6.385	6.400	48773	312198.38
2017/02/15	6.395	6.417	6.332	6.356	39900	254622.20
2017/02/16	6.339	6.397	6.339	6.388	73459	468746.22
2017/02/17	6.399	6.400	6.347	6.348	42900	273040.09
2017/02/20	6.371	6.410	6.367	6.410	82600	527675.38
2017/02/21	6.460	6.468	6.442	6.467	143701	927870.25
2017/02/22	6.464	6.505	6.464	6.499	114479	742860.13
2017/02/23	6.500	6.505	6.475	6.505	347086	2252290.75
2017/02/24	6.554	6.554	6.488	6.516	256800	1672448.25
2017/02/27	6.524	6.524	6.476	6.499	56100	364663.91
2017/02/28	6.246	6.539	6.246	6.519	24900	161663.50
2017/03/01	6.503	6.548	6.503	6.535	161300	1052340.13
2017/03/02	6.531	6.531	6.494	6.502	66900	436291.41
2017/03/03	6.464	6.519	6.464	6.511	32000	208311.80
2017/03/06	6.511	6.564	6.511	6.564	246048	1610498.00
2017/03/07	6.564	6.571	6.549	6.570	116026	761751.31
2017/03/08	6.572	6.576	6.532	6.543	70449	461860.53
2017/03/09	6.506	6.506	6.480	6.489	68400	444349.09
2017/03/10	6.495	6.516	6.490	6.490	184300	1198312.88
2017/03/13	6.480	6.552	6.464	6.552	85323	556674.69
2017/03/14	6.556	6.566	6.541	6.543	110000	720696.50
2017/03/15	6.531	6.543	6.526	6.538	47590	310925.97
2017/03/16	6.567	6.592	6.567	6.592	127700	840116.69
2017/03/17	6.595	6.609	6.534	6.538	149400	984875.81
2017/03/20	6.543	6.552	6.515	6.547	163939	1070837.63
2017/03/21	6.578	6.578	6.534	6.564	63300	414747.09
2017/03/22	6.528	6.568	6.513	6.548	67900	444087.59
2017/03/23	6.570	6.581	6.498	6.559	142200	931789.50
2017/03/24	6.561	6.599	6.547	6.590	157907	1038932.69
2017/03/27	6.601	6.602	6.570	6.597	487835	3209922.50
2017/03/28	6.584	6.595	6.561	6.580	93000	611466.63
2017/03/29	6.582	6.596	6.533	6.562	46800	306970.09
2017/03/30	6.534	6.540	6.450	6.465	149021	968572.19
2017/03/31	6.467	6.600	6.450	6.600	89500	578672.00
2017/04/05	6.571	6.623	6.456	6.623	237285	1551880.38
2017/04/06	6.620	6.656	6.620	6.642	169100	1121883.50
2017/04/07	6.650	6.679	6.636	6.663	64400	428971.91
2017/04/10	6.659	6.950	6.654	6.668	525100	3512302.00
2017/04/11	6.685	6.879	6.648	6.725	163700	1096244.88
2017/04/12	6.696	6.716	6.680	6.716	77500	519265.50
2017/04/13	6.679	6.788	6.679	6.726	29800	199683.70
2017/04/14	6.890	6.890	6.658	6.700	53900	360999.09
2017/04/17	6.583	6.786	6.559	6.699	23400	154597.00
2017/04/18	6.563	6.696	6.563	6.685	76042	505160.81
2017/04/19	6.699	6.699	6.500	6.509	47800	311203.91
2017/04/20	6.648	6.648	6.458	6.602	24364	159461.22
2017/04/21	6.602	6.602	6.396	6.399	122711	790397.13
2017/04/24	6.399	6.399	6.237	6.240	174500	1094676.63
2017/04/25	6.259	6.297	6.232	6.255	145500	912733.81
2017/04/26	6.266	6.288	6.260	6.274	116900	732948.88
2017/04/27	6.271	6.300	6.154	6.291	208580	1301090.50
2017/04/28	6.284	6.313	6.280	6.306	138900	875125.50
2017/05/02	6.312	6.314	6.295	6.310	93722	591080.25
2017/05/03	6.313	6.325	6.280	6.304	57200	359940.31
2017/05/04	6.265	6.330	6.265	6.276	133199	839790.00
2017/05/05	6.268	6.268	6.197	6.197	117400	732832.69
2017/05/08	6.166	6.181	6.074	6.074	105900	649608.69
2017/05/09	6.065	6.107	6.023	6.107	51800	314608.41
2017/05/10	6.133	6.140	5.991	6.129	72300	438686.59
2017/05/11	6.123	6.123	5.951	6.040	80051	480198.84
2017/05/12	6.149	6.149	6.006	6.006	24200	146251.50
2017/05/15	6.135	6.606	6.004	6.118	32800	199341.92
2017/05/16	6.118	6.118	6.006	6.117	202074	1230512.00
2017/05/17	6.117	6.159	6.117	6.156	117874	724464.94
2017/05/18	6.158	6.158	6.101	6.106	33200	203492.50
2017/05/19	6.106	6.299	6.092	6.198	40100	244582.09
2017/05/22	6.300	6.300	6.082	6.110	13374	81912.87
2017/05/23	6.033	6.160	6.020	6.100	23900	144506.70
2017/05/24	6.050	6.200	6.050	6.098	17700	107496.30
2017/05/25	6.090	6.196	6.000	6.100	75900	460970.09
2017/05/26	6.177	6.177	5.948	5.948	239900	1432495.50
2017/05/31	6.108	6.108	5.935	5.937	147500	881603.38
2017/06/01	5.915	5.987	5.818	5.818	101100	594409.13
2017/06/02	5.821	5.900	5.770	5.879	204525	1190503.13
2017/06/05	5.894	5.960	5.894	5.959	232967	1381261.00
2017/06/06	5.923	5.955	5.922	5.948	169900	1008978.19
2017/06/07	5.960	6.058	5.960	6.056	187400	1125767.25
2017/06/08	6.085	6.085	6.055	6.074	144987	880019.75
2017/06/09	6.068	6.089	6.037	6.082	100574	610567.69
2017/06/12	6.082	6.097	6.034	6.055	146900	889121.13
2017/06/13	6.055	6.109	6.038	6.096	131200	796838.31
2017/06/14	6.096	6.112	6.082	6.088	131918	804656.81
2017/06/15	6.111	6.145	6.101	6.135	146900	899571.38
2017/06/16	6.135	6.149	6.130	6.134	244800	1502868.13
2017/06/19	6.137	6.175	6.136	6.175	106400	655483.13
2017/06/20	6.180	6.209	6.179	6.188	130300	807326.31
2017/06/21	6.189	6.203	6.158	6.180	92500	571841.13
2017/06/22	6.196	6.216	6.118	6.118	122100	756515.69
2017/06/23	6.118	6.131	6.048	6.124	139067	845579.06
2017/06/26	6.133	6.230	6.133	6.227	116700	723830.13
2017/06/27	6.230	6.244	6.206	6.229	232300	1446866.38
2017/06/28	6.250	6.250	6.195	6.198	206000	1278403.13
2017/06/29	6.226	6.250	6.220	6.237	201900	1258839.50
2017/06/30	6.219	6.258	6.215	6.252	85400	532023.50
2017/07/03	6.255	6.298	6.251	6.291	264700	1661754.63
2017/07/04	6.291	6.291	6.253	6.267	192900	1210937.00
2017/07/05	6.255	6.313	6.253	6.312	198200	1245727.38
2017/07/06	6.312	6.330	6.284	6.324	102121	644033.38
2017/07/07	6.308	6.351	6.298	6.348	109000	688892.19
2017/07/10	6.390	6.390	6.307	6.327	187300	1188488.88
2017/07/11	6.326	6.326	6.254	6.254	154000	970389.50
2017/07/12	6.248	6.266	6.179	6.253	171700	1067232.00
2017/07/13	6.185	6.288	6.185	6.262	70700	443367.19
2017/07/14	6.253	6.266	6.232	6.247	68400	427413.81
2017/07/17	6.349	6.600	5.995	5.995	459400	2785861.75
2017/07/18	5.900	6.060	5.864	6.060	262237	1579413.00
2017/07/19	5.901	6.180	5.701	6.175	259900	1574084.25
2017/07/20	6.176	6.240	6.176	6.214	184795	1148818.25
2017/07/21	6.299	6.299	6.230	6.248	107500	671733.69
2017/07/24	6.161	6.292	6.161	6.288	93200	584024.63
2017/07/25	6.272	6.295	6.243	6.275	131086	821354.38
2017/07/26	6.288	6.288	6.234	6.260	821300	5134300.00
2017/07/27	6.274	6.320	6.220	6.309	83596	525554.81
2017/07/28	6.304	6.346	6.294	6.345	39000	246447.70
2017/07/31	6.335	6.420	6.333	6.420	215881	1380756.00
2017/08/01	6.450	6.450	6.390	6.410	115600	739568.50
2017/08/02	6.411	6.434	6.366	6.370	106729	683356.56
2017/08/03	6.449	6.449	6.366	6.381	24900	159334.20
2017/08/04	6.400	6.429	6.355	6.355	83841	536425.44
2017/08/07	6.420	6.425	6.282	6.425	46300	296012.31
2017/08/08	6.425	6.449	6.405	6.428	71100	457435.69
2017/08/09	6.430	6.476	6.421	6.466	104000	670937.50
2017/08/10	6.473	6.473	6.379	6.422	56400	362004.91
2017/08/11	6.370	6.409	6.285	6.285	225004	1426737.00
2017/08/14	6.400	6.420	6.327	6.417	51443	328505.69
2017/08/15	6.417	6.469	6.411	6.435	55400	355995.91
2017/08/16	6.437	6.455	6.411	6.437	105242	677379.19
2017/08/17	6.493	6.493	6.450	6.493	98200	636474.63
2017/08/18	6.492	6.492	6.470	6.477	56100	363175.41
2017/08/21	6.505	6.537	6.495	6.537	56527	368330.47
2017/08/22	6.525	6.530	6.493	6.500	28403	184834.72
2017/08/23	6.511	6.650	6.450	6.453	36195	234450.52
2017/08/24	6.391	6.456	6.390	6.414	20400	131007.70
2017/08/25	6.415	6.496	6.415	6.480	186600	1204660.50
2017/08/28	6.495	6.580	6.495	6.561	312345	2049748.00
2017/08/29	6.577	6.577	6.532	6.543	36500	239272.30
2017/08/30	6.553	6.595	6.547	6.588	71800	471175.31
2017/08/31	6.412	6.607	6.412	6.607	52573	346621.69
2017/09/01	6.617	6.669	6.611	6.661	57265	380847.81
2017/09/04	6.661	6.708	6.660	6.698	133200	890887.69
2017/09/05	6.693	6.717	6.670	6.714	456700	3059377.75
2017/09/06	6.681	6.746	6.681	6.742	135700	910045.50
2017/09/07	7.000	7.000	6.693	6.699	152200	1024441.50
2017/09/08	6.699	6.740	6.682	6.709	38375	257411.80
2017/09/11	6.717	6.800	6.714	6.800	892162	6039176.00
2017/09/12	6.800	6.999	6.800	6.953	263723	1814045.38
2017/09/13	6.790	6.947	6.790	6.905	126500	870950.88
2017/09/14	6.901	6.901	6.819	6.847	89462	611308.75
2017/09/15	6.800	6.825	6.762	6.782	86400	586689.50
2017/09/18	6.782	6.840	6.782	6.840	13200	89861.50
2017/09/19	6.841	6.841	6.789	6.790	130700	892217.81
2017/09/20	6.810	6.858	6.792	6.851	8200	56034.40
2017/09/21	6.775	6.854	6.770	6.786	30400	206942.70
2017/09/22	6.743	6.761	6.712	6.743	34900	235036.20
2017/09/25	6.720	6.720	6.658	6.658	24000	160503.30
2017/09/26	6.687	6.687	6.641	6.666	121500	808186.69
2017/09/27	6.670	6.755	6.670	6.750	117900	789986.81
2017/09/28	6.732	6.754	6.732	6.740	33000	222409.20
2017/09/29	6.754	6.782	6.746	6.773	34100	230572.50
2017/10/09	7.450	7.450	6.778	6.838	99200	681441.69
2017/10/10	6.824	6.872	6.820	6.857	40900	279719.19
2017/10/11	6.885	6.885	6.833	6.842	46000	315085.19
2017/10/12	6.845	6.848	6.790	6.832	39000	265882.69
2017/10/13	6.845	6.881	6.820	6.864	122212	837691.63
2017/10/16	6.855	6.871	6.784	6.792	112952	770868.25
2017/10/17	6.766	6.821	6.761	6.783	242200	1640984.25
2017/10/18	6.801	6.801	6.724	6.724	46500	315079.69
2017/10/19	6.729	6.729	6.666	6.666	19100	127597.60
2017/10/20	6.676	6.730	6.676	6.730	13000	87095.70
2017/10/23	6.748	6.774	6.735	6.772	22300	150584.50
2017/10/24	6.773	6.773	6.730	6.769	28200	190055.30
2017/10/25	6.779	6.809	6.777	6.804	32500	220680.20
2017/10/26	6.551	6.860	6.551	6.855	58000	395930.69
2017/10/27	6.814	6.842	6.801	6.803	56400	384658.50
2017/10/30	6.780	6.780	6.631	6.683	61100	408408.59
2017/10/31	6.691	6.719	6.659	6.719	74100	495157.81
2017/11/01	6.735	6.753	6.720	6.738	92900	626519.63
2017/11/02	6.677	6.695	6.635	6.653	61900	412433.31
2017/11/03	6.636	6.651	6.566	6.590	72600	480269.19
2017/11/06	6.594	6.676	6.580	6.667	122900	814489.88
2017/11/07	6.675	6.717	6.668	6.717	28000	186971.59
2017/11/08	6.717	6.768	6.717	6.720	76800	518267.69
2017/11/09	6.724	6.780	6.724	6.780	128762	868609.38
2017/11/10	6.767	6.810	6.767	6.810	353903	2404127.25
2017/11/13	6.791	6.838	6.791	6.836	237100	1617184.25
2017/11/14	6.826	6.832	6.765	6.781	67000	455882.91
2017/11/15	6.520	6.763	6.520	6.700	578603	3880686.75
2017/11/16	6.716	6.738	6.712	6.729	68640	461615.91
2017/11/17	6.672	6.680	6.522	6.523	176500	1165512.00
2017/11/20	6.506	6.601	6.404	6.601	83100	540223.13
2017/11/21	6.576	6.641	6.576	6.622	69500	459138.09
2017/11/22	6.389	6.652	6.389	6.600	305005	2007203.38
2017/11/23	6.576	6.586	6.435	6.443	146800	955250.13
2017/11/24	6.443	6.474	6.412	6.444	42900	276149.91
2017/11/27	6.429	6.449	6.356	6.356	55600	355991.31
2017/11/28	6.356	6.466	6.356	6.465	34700	221580.80
2017/11/29	6.459	6.500	6.417	6.492	58480	377490.09
2017/11/30	6.458	6.485	6.414	6.432	195200	1255598.75
2017/12/01	6.426	6.494	6.426	6.485	44900	290199.09
2017/12/04	6.502	6.502	6.445	6.446	25800	166999.41
2017/12/05	6.411	6.414	6.251	6.287	97600	616795.13
2017/12/06	6.319	6.335	6.222	6.335	82900	518924.41
2017/12/07	6.324	6.337	6.315	6.336	8100	51246.60
2017/12/08	6.336	6.386	6.335	6.369	28000	178088.80
2017/12/11	6.386	6.447	6.383	6.447	104900	672353.13
2017/12/12	6.435	6.449	6.391	6.391	77000	495193.91
2017/12/13	6.391	6.438	6.377	6.438	55600	355623.31
2017/12/14	6.421	6.441	6.410	6.441	43300	277936.69
2017/12/15	6.442	6.442	6.383	6.398	10600	67987.30
2017/12/18	6.396	6.404	6.335	6.353	28800	183616.20
2017/12/19	6.367	6.404	6.367	6.404	33501	214038.28
2017/12/20	6.402	6.402	6.353	6.353	30000	191254.00
2017/12/21	6.368	6.410	6.320	6.408	160900	1027213.19
2017/12/22	6.419	6.422	6.396	6.401	23100	148216.00
2017/12/25	6.413	6.413	6.328	6.340	83900	532736.63
2017/12/26	6.340	6.376	6.301	6.375	45600	289026.09
2017/12/27	6.375	6.385	6.326	6.330	97100	617040.19
2017/12/28	6.324	6.376	6.317	6.358	16101	102237.66
2017/12/29	6.549	6.549	6.367	6.420	46400	296364.81
2018/01/02	6.410	6.797	6.112	6.660	96400	623735.63
2018/01/03	6.490	6.600	6.490	6.600	122400	800151.38
2018/01/04	6.518	6.582	6.518	6.581	136700	897611.69
2018/01/05	6.582	6.601	6.569	6.579	37700	248298.80
2018/01/08	6.585	6.614	6.558	6.614	57700	380552.19
2018/01/09	6.605	6.611	6.590	6.608	108500	716737.69
2018/01/10	6.605	6.605	6.522	6.566	124900	817929.38
2018/01/11	6.550	6.595	6.543	6.590	58600	384868.91
2018/01/12	6.590	6.600	6.555	6.564	65800	433023.09
2018/01/15	6.564	6.665	6.393	6.406	206800	1337454.75
2018/01/16	6.426	6.461	6.426	6.459	237201	1527554.50
2018/01/17	6.434	6.442	6.364	6.428	145800	933835.31
2018/01/18	6.440	6.456	6.425	6.446	71600	461234.41
2018/01/19	6.446	6.470	6.428	6.430	127600	821978.19
2018/01/22	6.450	6.505	6.403	6.505	196351	1270297.00
2018/01/23	6.505	6.521	6.495	6.509	237942	1548655.13
2018/01/24	6.500	6.555	6.483	6.550	232300	1513554.50
2018/01/25	6.536	6.586	6.536	6.553	280500	1841883.38
2018/01/26	6.553	6.562	6.540	6.546	188857	1236784.00
2018/01/29	6.550	6.562	6.459	6.463	140300	913732.00
2018/01/30	6.463	6.490	6.463	6.472	97700	632987.00
2018/01/31	6.427	6.427	6.326	6.345	177000	1124326.25
2018/02/01	6.338	6.342	6.141	6.141	424500	2628723.00
2018/02/02	6.084	6.161	5.993	6.158	221600	1353447.75
2018/02/05	6.188	6.222	6.002	6.152	90600	555566.88
2018/02/06	6.152	6.152	5.849	5.849	474100	2834462.75
2018/02/07	6.000	6.000	5.783	5.862	418700	2456853.50
2018/02/08	5.863	5.938	5.861	5.924	161768	954870.81
2018/02/09	5.906	5.906	5.636	5.692	618800	3539239.75
2018/02/12	5.752	5.872	5.737	5.855	382700	2231287.00
2018/02/13	6.010	6.010	5.883	5.888	460000	2721944.75
2018/02/14	6.060	6.078	5.870	5.908	98445	580156.06
2018/02/22	6.020	6.031	5.871	6.030	375200	2239912.50
2018/02/23	6.032	6.050	6.000	6.045	55800	336646.81
2018/02/26	6.045	6.183	6.045	6.179	334800	2047544.88
2018/02/27	6.179	6.199	6.159	6.164	238200	1469809.88
2018/02/28	6.103	6.200	6.097	6.178	102900	635311.88
2018/03/01	6.140	6.249	6.140	6.249	43946	272748.81
2018/03/02	6.263	6.263	6.207	6.218	44001	274032.94
2018/03/05	6.192	6.282	6.192	6.223	79400	492494.59
2018/03/06	6.239	6.299	6.230	6.299	532100	3332751.00
2018/03/07	6.300	6.300	6.245	6.246	317200	1983371.63
2018/03/08	6.241	6.285	6.237	6.285	60600	379372.59
2018/03/09	6.287	6.370	6.287	6.367	351800	2231943.50
2018/03/12	6.388	6.455	6.388	6.453	563600	3624462.25
2018/03/13	6.454	6.454	6.407	6.411	333402	2146461.00
2018/03/14	6.411	6.411	6.339	6.340	125200	799194.81
2018/03/15	6.340	6.350	6.271	6.336	240300	1514079.75
2018/03/16	6.339	6.354	6.319	6.319	82400	522288.81
2018/03/19	6.304	6.332	6.273	6.295	235663	1484121.38
2018/03/20	6.260	6.326	6.260	6.320	106300	667712.19
2018/03/21	6.330	6.377	6.278	6.280	144766	919546.50
2018/03/22	6.282	6.296	6.226	6.262	221100	1383247.38
2018/03/23	5.955	6.124	5.738	6.078	924088	5580160.00
2018/03/26	6.037	6.052	5.819	6.052	270541	1612607.75
2018/03/27	6.116	6.190	6.116	6.178	352600	2170791.50
2018/03/28	6.182	6.182	6.122	6.134	46200	284532.31
2018/03/29	6.168	6.186	6.123	6.181	41800	257425.70
2018/03/30	6.218	6.271	6.205	6.268	98492	615154.13
2018/04/02	6.270	6.325	6.267	6.275	231100	1456211.50
2018/04/03	6.261	6.261	6.166	6.218	166600	1030990.00
2018/04/04	6.240	6.253	6.165	6.168	61000	379045.31
2018/04/09	6.162	6.211	6.109	6.177	26000	160488.50
2018/04/10	6.177	6.202	6.153	6.202	32500	200779.70
2018/04/11	6.228	6.266	6.228	6.239	72899	456111.78
2018/04/12	6.232	6.235	6.195	6.208	17103	106355.49
2018/04/13	6.234	6.238	6.170	6.180	52600	325263.19
2018/04/16	6.177	6.214	6.127	6.168	47800	294419.81
2018/04/17	6.155	6.155	6.035	6.042	104450	635450.94
2018/04/18	6.064	6.137	5.992	6.119	171800	1043392.50
2018/04/19	6.128	6.194	6.113	6.147	171000	1049613.63
2018/04/20	6.141	6.144	6.029	6.029	27700	168558.00
2018/04/23	6.014	6.069	5.920	5.972	85000	508134.81
2018/04/24	5.989	6.098	5.985	6.095	128500	779941.00
2018/04/25	6.084	6.140	6.082	6.139	467300	2857979.00
2018/04/26	6.139	6.139	6.035	6.067	68300	413445.31
2018/04/27	6.067	6.119	6.003	6.080	38604	232676.22
2018/05/02	6.080	6.324	6.012	6.150	67194	410529.19
2018/05/03	6.042	6.149	5.953	6.100	87000	522521.00
2018/05/04	6.051	6.095	6.047	6.065	98300	597873.63
2018/05/07	6.086	6.180	6.086	6.167	263192	1615192.38
2018/05/08	6.196	6.208	6.171	6.201	204671	1268202.25
2018/05/09	6.265	6.265	6.026	6.189	27300	168892.50
2018/05/10	6.210	6.210	6.172	6.204	62000	383974.91
2018/05/11	6.213	6.213	6.168	6.176	37800	233628.00
2018/05/14	6.149	6.170	6.114	6.130	117500	721877.81
2018/05/15	6.142	6.179	6.129	6.178	142100	875041.94
2018/05/16	6.168	6.205	6.162	6.162	341007	2105247.50
2018/05/17	6.181	6.181	6.132	6.139	19700	121079.90
2018/05/18	6.126	6.168	6.120	6.165	20000	123125.40
2018/05/21	6.199	6.251	6.199	6.239	127500	795478.38
2018/05/22	6.249	6.268	6.225	6.268	102900	641884.63
2018/05/23	6.268	6.268	6.210	6.210	294100	1829096.75
2018/05/24	6.210	6.300	6.174	6.290	220166	1381576.63
2018/05/25	6.144	6.260	6.144	6.258	29004	179824.94
2018/05/28	6.130	6.249	6.130	6.219	31700	195494.00
2018/05/29	6.105	6.296	6.077	6.266	481500	2933104.50
2018/05/30	6.100	6.170	5.885	6.164	78000	471407.91
2018/05/31	6.033	6.230	5.920	6.048	1026400	6125730.50
2018/06/01	5.920	5.990	5.860	5.990	283700	1675402.00
2018/06/04	5.990	5.990	5.835	5.858	494900	2904237.25
2018/06/05	5.858	5.975	5.858	5.950	155800	922191.50
2018/06/06	5.958	5.958	5.937	5.952	49100	292130.91
2018/06/07	5.952	5.952	5.910	5.915	47000	278907.91
2018/06/08	5.870	5.912	5.820	5.869	540899	3157426.75
2018/06/11	5.845	5.845	5.788	5.802	329700	1913197.00
2018/06/12	5.825	5.868	5.780	5.866	51400	299185.41
2018/06/13	5.828	5.858	5.783	5.783	62300	361938.50
2018/06/14	5.678	5.812	5.678	5.760	79500	458949.91
2018/06/15	5.759	5.759	5.622	5.694	185300	1047139.63
2018/06/19	5.600	5.795	5.300	5.475	340500	1867775.25
2018/06/20	5.469	5.469	5.255	5.367	421600	2243117.50
2018/06/21	5.367	5.414	5.072	5.255	232200	1240349.75
2018/06/22	5.300	5.398	5.184	5.388	192600	1011637.69
2018/06/25	5.529	5.529	5.287	5.330	215800	1158597.25
2018/06/26	5.327	5.341	5.222	5.325	160100	847555.88
2018/06/27	5.320	5.356	5.249	5.272	142500	753910.88
2018/06/28	5.272	5.310	5.222	5.224	135400	712778.69
2018/06/29	5.250	5.391	5.225	5.388	184100	982878.69
2018/07/02	5.381	5.419	5.268	5.315	330000	1758979.50
2018/07/03	5.252	5.380	5.215	5.358	419900	2232746.75
2018/07/04	5.336	5.351	5.280	5.290	214300	1139021.25
2018/07/05	5.290	5.299	5.111	5.158	260771	1359556.88
2018/07/06	5.158	5.288	5.094	5.225	239000	1236071.38
2018/07/09	5.225	5.318	5.188	5.294	208500	1093535.75
2018/07/10	5.300	5.388	5.275	5.375	399400	2116868.00
2018/07/11	5.300	5.350	5.173	5.348	451000	2363198.25
2018/07/12	5.299	5.390	5.232	5.364	603170	3191277.25
2018/07/13	5.499	5.499	5.361	5.399	296600	1594725.13
2018/07/16	5.383	5.407	5.356	5.379	94000	505211.19
2018/07/17	5.369	5.385	5.323	5.379	141900	760277.19
2018/07/18	5.396	5.407	5.349	5.399	181100	974053.88
2018/07/19	5.405	5.495	5.313	5.349	168200	901319.50
2018/07/20	5.295	5.370	5.260	5.361	266500	1417181.50
2018/07/23	5.360	5.426	5.327	5.425	451100	2421726.00
2018/07/24	5.425	5.513	5.397	5.494	217100	1186906.50
2018/07/25	5.492	5.532	5.492	5.501	143600	790651.81
2018/07/26	5.529	5.529	5.460	5.468	195400	1071877.25
2018/07/27	5.542	5.542	5.420	5.445	38100	207813.59
2018/07/30	5.440	5.447	5.360	5.377	129000	693904.63
2018/07/31	5.500	5.500	5.358	5.378	108600	583001.00
2018/08/01	5.350	5.425	5.296	5.296	240800	1288571.75
2018/08/02	5.295	5.295	5.068	5.190	502200	2581656.75
2018/08/03	5.156	5.196	5.131	5.155	188900	975793.00
2018/08/06	5.155	5.155	5.040	5.060	190000	964912.50
2018/08/07	5.060	5.154	5.032	5.133	103600	527906.00
2018/08/08	5.133	5.133	5.059	5.059	169300	859853.81
2018/08/09	5.053	5.216	5.046	5.193	346500	1779757.75
2018/08/10	5.318	5.318	5.181	5.219	110400	575181.63
2018/08/13	5.219	5.364	5.148	5.240	182000	945172.00
2018/08/14	5.121	5.241	5.120	5.220	204900	1068865.75
2018/08/15	5.131	5.219	5.120	5.208	427100	2193558.50
2018/08/16	5.100	5.190	5.049	5.111	193700	995733.00
2018/08/17	5.178	5.178	5.030	5.080	288400	1460759.88
2018/08/20	5.075	5.075	4.923	5.056	651200	3245409.50
2018/08/21	5.054	5.085	5.002	5.079	244800	1236882.75
2018/08/22	5.076	5.076	5.015	5.021	325300	1634787.00
2018/08/23	5.024	5.070	5.003	5.048	292900	1477022.13
2018/08/24	5.022	5.061	5.020	5.037	149800	754404.13
2018/08/27	5.080	5.151	5.056	5.144	404900	2074649.75
2018/08/28	5.052	5.170	5.050	5.155	171370	883680.13
2018/08/29	5.152	5.153	5.118	5.131	149000	765427.00
2018/08/30	5.139	5.139	5.053	5.056	164600	836236.19
2018/08/31	5.056	5.056	4.986	4.998	198300	993602.31
2018/09/03	5.020	5.027	4.940	5.027	286500	1426678.13
2018/09/04	5.000	5.091	5.000	5.079	302400	1525812.75
2018/09/05	5.075	5.075	5.010	5.012	310100	1563948.63
2018/09/06	5.010	5.054	4.960	4.978	231900	1157522.25
2018/09/07	4.987	5.053	4.952	4.998	156470	784229.38
2018/09/10	4.952	5.038	4.916	4.916	150964	748110.75
2018/09/11	4.916	4.953	4.900	4.900	127200	625247.00
2018/09/12	4.934	4.945	4.865	4.904	537100	2622050.50
2018/09/13	4.950	5.300	4.850	4.905	454802	2246708.50
2018/09/14	4.900	4.907	4.851	4.853	255000	1241371.13
2018/09/17	4.850	4.850	4.768	4.784	182200	873900.13
2018/09/18	4.800	4.861	4.708	4.861	617600	2981288.00
2018/09/19	4.852	4.950	4.842	4.918	381800	1869400.38
2018/09/20	4.918	4.950	4.904	4.917	294100	1446384.88
2018/09/21	4.942	5.105	4.913	5.000	713600	3575778.50
2018/09/25	4.998	5.003	4.859	4.982	253700	1261487.38
2018/09/26	4.982	5.039	4.965	5.007	436700	2190410.50
2018/09/27	5.075	5.075	4.958	4.985	306600	1524235.63
2018/09/28	4.983	4.999	4.940	4.992	529464	2635081.00
2018/10/08	4.975	4.999	4.867	4.897	337300	1665822.88
2018/10/09	4.890	4.915	4.818	4.839	134401	651483.75
2018/10/10	4.826	4.845	4.775	4.814	801200	3858518.00
2018/10/11	4.772	4.772	4.450	4.488	822400	3744269.25
2018/10/12	4.488	4.488	4.303	4.452	968400	4268925.50
2018/10/15	4.498	4.498	4.359	4.360	743000	3300031.25
2018/10/16	4.389	4.389	4.242	4.264	1132800	4856953.50
2018/10/17	4.379	4.379	4.202	4.300	1842000	7845809.50
2018/10/18	4.260	4.320	4.120	4.188	1592787	6685668.50
2018/10/19	4.165	4.299	4.123	4.294	1997972	8442067.00
2018/10/22	4.327	4.550	4.327	4.509	1935300	8615234.00
2018/10/23	4.520	4.544	4.400	4.429	1147400	5122740.00
2018/10/24	4.429	4.465	4.375	4.413	918700	4071288.50
2018/10/25	4.213	4.417	4.213	4.406	745700	3245440.00
2018/10/26	4.424	4.466	4.385	4.410	601100	2656806.50
2018/10/29	4.411	4.495	4.320	4.340	574300	2513610.00
2018/10/30	4.333	4.408	4.267	4.377	500000	2170450.00
2018/10/31	4.378	4.476	4.378	4.448	747700	3317843.00
2018/11/01	4.510	4.553	4.468	4.480	1824800	8216199.50
2018/11/02	4.640	4.646	4.543	4.646	3956700	18132636.00
2018/11/05	4.611	4.703	4.528	4.625	1829491	8450902.00
2018/11/06	4.600	4.628	4.570	4.626	730000	3351324.50
2018/11/07	4.616	4.675	4.597	4.606	824300	3818381.50
2018/11/08	4.649	4.689	4.572	4.572	249000	1148087.38
2018/11/09	4.572	4.580	4.536	4.562	640400	2921450.00
2018/11/12	4.562	4.683	4.554	4.681	1086500	5024510.50
2018/11/13	4.665	4.784	4.600	4.764	2631100	12418650.00
2018/11/14	4.748	4.800	4.728	4.746	941300	4478746.50
2018/11/15	4.746	4.824	4.735	4.824	653000	3117459.50
2018/11/16	4.849	4.897	4.814	4.865	1449700	7034100.00
2018/11/19	4.853	4.908	4.821	4.878	1037800	5035493.50
2018/11/20	4.866	4.866	4.736	4.743	1251500	5996107.00
2018/11/21	4.700	4.755	4.661	4.755	722300	3414974.75
2018/11/22	4.765	4.785	4.726	4.755	252177	1198707.88
2018/11/23	4.720	4.720	4.560	4.564	1084900	5012840.00
2018/11/26	4.564	4.602	4.540	4.565	440759	2012612.13
2018/11/27	4.560	4.606	4.560	4.587	237600	1090605.50
2018/11/28	4.587	4.638	4.526	4.637	1259800	5799676.50
2018/11/29	4.650	4.675	4.543	4.544	760900	3514899.00
2018/11/30	4.526	4.578	4.490	4.576	516700	2340614.50
2018/12/03	4.710	4.869	4.666	4.720	1835827	8642806.00
2018/12/04	4.720	4.744	4.690	4.739	774000	3650186.00
2018/12/05	4.698	4.730	4.653	4.705	668000	3134891.50
2018/12/06	4.664	4.677	4.601	4.612	772300	3587632.50
2018/12/07	4.625	4.630	4.591	4.611	208600	962418.69
2018/12/10	4.561	4.596	4.544	4.553	265900	1214201.13
2018/12/11	4.569	4.598	4.556	4.594	168400	770853.19
2018/12/12	4.615	4.619	4.576	4.595	156300	719687.00
2018/12/13	4.595	4.669	4.580	4.645	450900	2086775.13
2018/12/14	4.645	4.645	4.533	4.547	638200	2931896.50
2018/12/17	4.507	4.534	4.476	4.520	580000	2614345.50
2018/12/18	4.482	4.525	4.425	4.498	363300	1630447.00
2018/12/19	4.456	4.496	4.429	4.430	242700	1081392.50
2018/12/20	4.433	4.460	4.415	4.449	371700	1650182.13
2018/12/21	4.431	4.444	4.388	4.418	399300	1763842.25
2018/12/24	4.401	4.465	4.401	4.465	424200	1885658.63
2018/12/25	4.420	4.440	4.314	4.402	1135500	4957761.50
2018/12/26	4.402	4.424	4.376	4.391	542500	2385397.50
2018/12/27	4.448	4.490	4.345	4.345	686600	3028048.50
2018/12/28	4.357	4.379	4.325	4.346	325500	1415191.00
2019/01/02	4.380	4.380	4.308	4.312	529000	2289006.75
2019/01/03	4.312	4.367	4.290	4.299	283100	1223027.63
2019/01/04	4.280	4.395	4.252	4.389	447200	1940559.38
2019/01/07	4.389	4.481	4.389	4.479	612900	2726490.25
2019/01/08	4.479	4.480	4.446	4.460	277600	1238568.75
2019/01/09	4.478	4.542	4.460	4.479	725700	3271804.25
2019/01/10	4.465	4.512	4.455	4.463	538500	2414232.50
2019/01/11	4.483	4.508	4.456	4.499	284160	1274363.75
2019/01/14	4.490	4.518	4.476	4.482	905360	4067956.50
2019/01/15	4.478	4.556	4.465	4.546	905100	4097133.00
2019/01/16	4.536	4.557	4.524	4.531	865800	3930677.25
2019/01/17	4.531	4.545	4.486	4.493	1795000	8098117.50
2019/01/18	4.497	4.558	4.488	4.552	2290500	10351590.00
2019/01/21	4.545	4.600	4.545	4.564	2790300	12736848.00
2019/01/22	4.554	4.554	4.478	4.500	1721500	7801677.00
2019/01/23	4.492	4.512	4.480	4.499	1897900	8534347.00
2019/01/24	4.500	4.562	4.480	4.532	3035200	13700269.00
2019/01/25	4.532	4.559	4.516	4.526	3838200	17416120.00
2019/01/28	4.531	4.571	4.501	4.510	3913500	17745820.00
2019/01/29	4.506	4.506	4.370	4.436	3187900	14140908.00
2019/01/30	4.427	4.457	4.406	4.406	2673250	11843449.00
2019/01/31	4.406	4.430	4.331	4.365	4201700	18435606.00
2019/02/01	4.370	4.495	4.370	4.486	3518800	15576863.00
2019/02/11	4.491	4.602	4.491	4.596	3448200	15699140.00
2019/02/12	4.607	4.646	4.599	4.630	2353000	10869662.00
2019/02/13	4.630	4.725	4.622	4.707	3800000	17759856.00
2019/02/14	4.700	4.750	4.681	4.728	3909100	18418118.00
2019/02/15	4.718	4.743	4.691	4.703	4091800	19303550.00
2019/02/18	4.708	4.878	4.708	4.875	5569600	26766324.00
2019/02/19	4.896	4.910	4.818	4.867	4191599	20456520.00
2019/02/20	4.866	4.873	4.818	4.859	5932100	28816364.00
2019/02/21	4.864	4.960	4.836	4.864	8139900	39833416.00
2019/02/22	4.864	4.991	4.850	4.991	6385200	31342574.00
2019/02/25	5.030	5.313	5.030	5.267	21678100	112489296.00
2019/02/26	5.271	5.353	5.214	5.254	18397011	97251632.00
数据来源:通达信
